1 0.678890
2 0.668780
3 0.668993
4 0.668942
5 0.668912
6 0.668898
7 0.668899
8 0.668899
9 0.668899
10 0.668899
11 0.668899
12 0.668899
13 0.668899
14 0.668899
15 0.668899
16 0.668899
17 0.668899
18 0.668899
19 0.668899
20 0.668899
21 0.668899
22 0.668899
23 0.668899
24 0.668899
25 0.668899
26 0.668899
27 0.668899
28 0.668899
29 0.668899
30 0.668899
31 0.600292
32 0.582490
33 0.588946
34 0.584105
35 0.586577
36 0.585055
37 0.585916
38 0.585388
39 0.585700
40 0.585507
41 0.585625
42 0.585551
43 0.585597
44 0.585567
45 0.585587
46 0.585574
47 0.585582
48 0.585577
49 0.585580
50 0.585578
51 0.585580
52 0.585578
53 0.585579
54 0.585579
55 0.585579
56 0.585579
57 0.585579
58 0.585579
59 0.585579
60 0.585579
61 0.569901
62 0.571988
63 0.569989
64 0.570986
65 0.570340
66 0.570708
67 0.570478
68 0.570616
69 0.570530
70 0.570583
71 0.570550
72 0.570570
73 0.570557
74 0.570566
75 0.570560
76 0.570564
77 0.570562
78 0.570563
79 0.570562
80 0.570563
81 0.570562
82 0.570563
83 0.570562
84 0.570563
85 0.570562
86 0.570563
87 0.570562
88 0.570562
89 0.570562
90 0.570562
