1 0.132604
2 0.119323
3 0.114167
4 0.119167
5 0.114062
6 0.121458
7 0.115417
8 0.124635
9 0.118385
10 0.128125
11 0.121042
12 0.130417
13 0.124063
14 0.133021
15 0.125938
16 0.135781
17 0.128021
18 0.138021
19 0.130365
20 0.140521
21 0.133021
22 0.142865
23 0.134583
24 0.145000
25 0.135313
26 0.146250
27 0.136823
28 0.147031
29 0.138177
30 0.147969
31 0.138750
32 0.148594
33 0.140156
34 0.149479
35 0.140937
36 0.150781
37 0.141927
38 0.151302
39 0.142500
40 0.151198
41 0.143437
42 0.151615
43 0.143854
44 0.152031
45 0.144323
46 0.152396
47 0.144792
48 0.152760
49 0.145052
50 0.153073
51 0.145260
52 0.153438
53 0.145104
54 0.153542
55 0.145208
56 0.153542
57 0.145469
58 0.153490
59 0.145677
60 0.153698
61 0.145937
62 0.154010
63 0.145990
64 0.154062
65 0.145937
66 0.154323
67 0.145937
68 0.154323
69 0.145937
70 0.154219
71 0.146094
72 0.154323
73 0.146302
74 0.154635
75 0.146458
76 0.154792
77 0.146406
78 0.154844
79 0.146406
80 0.154844
81 0.146615
82 0.155000
83 0.146667
84 0.155052
85 0.146667
86 0.155156
87 0.146823
88 0.155156
89 0.146875
90 0.155208
91 0.146875
92 0.155208
93 0.146875
94 0.155312
95 0.146875
96 0.155365
97 0.147031
98 0.155417
99 0.147031
100 0.155625
101 0.105260
102 0.107708
103 0.103385
104 0.105208
105 0.104271
106 0.105000
107 0.104271
108 0.104740
109 0.104531
110 0.104688
111 0.104740
112 0.104792
113 0.104635
114 0.104948
115 0.104792
116 0.104896
117 0.104792
118 0.104844
119 0.104896
120 0.104792
121 0.104844
122 0.104688
123 0.104896
124 0.104635
125 0.104792
126 0.104583
127 0.104792
128 0.104635
129 0.104792
130 0.104635
131 0.104740
132 0.104635
133 0.104844
134 0.104635
135 0.104792
136 0.104740
137 0.104688
138 0.104688
139 0.104583
140 0.104740
141 0.104583
142 0.104688
143 0.104635
144 0.104688
145 0.104635
146 0.104688
147 0.104635
148 0.104688
149 0.104688
150 0.104688
151 0.104688
152 0.104635
153 0.104688
154 0.104635
155 0.104688
156 0.104635
157 0.104688
158 0.104635
159 0.104688
160 0.104635
161 0.104688
162 0.104635
163 0.104688
164 0.104635
165 0.104688
166 0.104635
167 0.104688
168 0.104635
169 0.104688
170 0.104583
171 0.104688
172 0.104531
173 0.104688
174 0.104531
175 0.104688
176 0.104531
177 0.104688
178 0.104583
179 0.104688
180 0.104583
181 0.104635
182 0.104583
183 0.104688
184 0.104583
185 0.104688
186 0.104583
187 0.104688
188 0.104531
189 0.104688
190 0.104531
191 0.104635
192 0.104583
193 0.104635
194 0.104583
195 0.104635
196 0.104583
197 0.104635
198 0.104583
199 0.104635
200 0.104583
201 0.098073
202 0.098646
203 0.098437
204 0.098281
205 0.098333
206 0.098229
207 0.098125
208 0.098281
209 0.098125
210 0.098281
211 0.098125
212 0.098073
213 0.098229
214 0.097812
215 0.098125
216 0.097917
217 0.098177
218 0.097969
219 0.098281
220 0.098021
221 0.098229
222 0.097969
223 0.098177
224 0.098021
225 0.098229
226 0.097969
227 0.098229
228 0.097917
229 0.098177
230 0.098021
231 0.098177
232 0.097969
233 0.098229
234 0.098073
235 0.098333
236 0.097969
237 0.098281
238 0.098021
239 0.098333
240 0.098021
241 0.098385
242 0.098021
243 0.098490
244 0.097969
245 0.098437
246 0.098021
247 0.098437
248 0.098021
249 0.098490
250 0.098021
251 0.098490
252 0.098021
253 0.098490
254 0.098021
255 0.098437
256 0.098073
257 0.098542
258 0.098125
259 0.098490
260 0.098125
261 0.098437
262 0.098125
263 0.098437
264 0.098125
265 0.098437
266 0.098177
267 0.098490
268 0.098281
269 0.098542
270 0.098281
271 0.098594
272 0.098177
273 0.098594
274 0.098177
275 0.098594
276 0.098125
277 0.098594
278 0.098177
279 0.098594
280 0.098073
281 0.098594
282 0.098073
283 0.098646
284 0.098073
285 0.098594
286 0.098021
287 0.098594
288 0.098021
289 0.098594
290 0.098021
291 0.098594
292 0.098021
293 0.098646
294 0.098021
295 0.098646
296 0.098021
297 0.098646
298 0.098021
299 0.098698
300 0.098021
