1 0.035781
2 0.000990
3 0.000313
4 0.000104
5 0.000260
6 0.000260
7 0.000208
8 0.000104
9 0.000260
10 0.000208
11 0.000156
12 0.000156
13 0.000208
14 0.000156
15 0.000104
16 0.000208
17 0.000208
18 0.000156
19 0.000208
20 0.000156
21 0.000156
22 0.000156
23 0.000156
24 0.000208
25 0.000156
26 0.000156
27 0.000156
28 0.000156
29 0.000208
30 0.000156
31 0.000156
32 0.000156
33 0.000208
34 0.000156
35 0.000156
36 0.000156
37 0.000156
38 0.000156
39 0.000156
40 0.000208
41 0.000156
42 0.000104
43 0.000156
44 0.000208
45 0.000156
46 0.000156
47 0.000156
48 0.000156
49 0.000104
50 0.000156
51 0.000208
52 0.000156
53 0.000104
54 0.000156
55 0.000208
56 0.000156
57 0.000104
58 0.000208
59 0.000208
60 0.000104
61 0.000156
62 0.000208
63 0.000156
64 0.000104
65 0.000208
66 0.000208
67 0.000104
68 0.000104
69 0.000208
70 0.000208
71 0.000104
72 0.000156
73 0.000208
74 0.000104
75 0.000104
76 0.000208
77 0.000208
78 0.000104
79 0.000104
80 0.000208
81 0.000208
82 0.000104
83 0.000208
84 0.000208
85 0.000104
86 0.000104
87 0.000208
88 0.000208
89 0.000104
90 0.000156
91 0.000208
92 0.000156
93 0.000104
94 0.000156
95 0.000208
96 0.000156
97 0.000104
98 0.000208
99 0.000156
100 0.000104
101 0.000104
102 0.000104
103 0.000104
104 0.000104
105 0.000104
106 0.000104
107 0.000104
108 0.000104
109 0.000104
110 0.000104
111 0.000104
112 0.000104
113 0.000104
114 0.000104
115 0.000104
116 0.000104
117 0.000104
118 0.000104
119 0.000104
120 0.000104
121 0.000104
122 0.000104
123 0.000104
124 0.000104
125 0.000104
126 0.000104
127 0.000104
128 0.000104
129 0.000104
130 0.000104
131 0.000104
132 0.000104
133 0.000104
134 0.000104
135 0.000104
136 0.000104
137 0.000104
138 0.000104
139 0.000104
140 0.000104
141 0.000104
142 0.000104
143 0.000104
144 0.000104
145 0.000104
146 0.000104
147 0.000104
148 0.000104
149 0.000104
150 0.000104
151 0.000104
152 0.000104
153 0.000104
154 0.000104
155 0.000104
156 0.000104
157 0.000104
158 0.000104
159 0.000104
160 0.000104
161 0.000104
162 0.000104
163 0.000104
164 0.000104
165 0.000104
166 0.000104
167 0.000104
168 0.000104
169 0.000104
170 0.000104
171 0.000104
172 0.000104
173 0.000104
174 0.000104
175 0.000104
176 0.000104
177 0.000104
178 0.000104
179 0.000104
180 0.000104
181 0.000104
182 0.000104
183 0.000104
184 0.000104
185 0.000104
186 0.000104
187 0.000104
188 0.000104
189 0.000104
190 0.000104
191 0.000104
192 0.000104
193 0.000104
194 0.000104
195 0.000104
196 0.000104
197 0.000104
198 0.000104
199 0.000104
200 0.000104
201 0.000104
202 0.000104
203 0.000104
204 0.000104
205 0.000104
206 0.000104
207 0.000104
208 0.000104
209 0.000104
210 0.000104
211 0.000104
212 0.000104
213 0.000104
214 0.000104
215 0.000104
216 0.000104
217 0.000104
218 0.000104
219 0.000104
220 0.000104
221 0.000104
222 0.000104
223 0.000104
224 0.000104
225 0.000104
226 0.000104
227 0.000104
228 0.000104
229 0.000104
230 0.000104
231 0.000104
232 0.000104
233 0.000104
234 0.000104
235 0.000104
236 0.000104
237 0.000104
238 0.000104
239 0.000104
240 0.000104
241 0.000104
242 0.000104
243 0.000104
244 0.000104
245 0.000104
246 0.000104
247 0.000104
248 0.000104
249 0.000104
250 0.000104
251 0.000104
252 0.000104
253 0.000104
254 0.000104
255 0.000104
256 0.000104
257 0.000104
258 0.000104
259 0.000104
260 0.000104
261 0.000104
262 0.000104
263 0.000104
264 0.000104
265 0.000104
266 0.000104
267 0.000104
268 0.000104
269 0.000104
270 0.000104
271 0.000104
272 0.000104
273 0.000104
274 0.000104
275 0.000104
276 0.000104
277 0.000104
278 0.000104
279 0.000104
280 0.000104
281 0.000104
282 0.000104
283 0.000104
284 0.000104
285 0.000104
286 0.000104
287 0.000104
288 0.000104
289 0.000104
290 0.000104
291 0.000104
292 0.000104
293 0.000104
294 0.000104
295 0.000104
296 0.000104
297 0.000104
298 0.000104
299 0.000104
300 0.000104
