1 4.078136e-02
2 1.257060e-02
3 8.216575e-03
4 7.558074e-03
5 7.457456e-03
6 7.441617e-03
7 7.439141e-03
8 7.436268e-03
9 7.435149e-03
10 7.435000e-03
11 7.434953e-03
12 7.434965e-03
13 7.434956e-03
14 7.434955e-03
15 7.434956e-03
16 7.434957e-03
17 7.434957e-03
18 7.434957e-03
19 7.434957e-03
20 7.434957e-03
21 7.434957e-03
22 7.434957e-03
23 7.434957e-03
24 7.434957e-03
25 7.434957e-03
26 7.434957e-03
27 7.434957e-03
28 7.434957e-03
29 7.434957e-03
30 7.434957e-03
31 7.434957e-03
32 7.434957e-03
33 7.434957e-03
34 7.434957e-03
35 7.434957e-03
36 7.434957e-03
37 7.434957e-03
38 7.434957e-03
39 7.434957e-03
40 7.434957e-03
41 7.434957e-03
42 7.434957e-03
43 7.434957e-03
44 7.434957e-03
45 7.434957e-03
46 7.434957e-03
47 7.434957e-03
48 7.434957e-03
49 7.434957e-03
50 7.434957e-03
51 7.434957e-03
52 7.434957e-03
53 7.434957e-03
54 7.434957e-03
55 7.434957e-03
56 7.434957e-03
57 7.434957e-03
58 7.434957e-03
59 7.434957e-03
60 7.434957e-03
61 7.434957e-03
62 7.434957e-03
63 7.434957e-03
64 7.434957e-03
65 7.434957e-03
66 7.434957e-03
67 7.434957e-03
68 7.434957e-03
69 7.434957e-03
70 7.434957e-03
71 7.434957e-03
72 7.434957e-03
73 7.434957e-03
74 7.434957e-03
75 7.434957e-03
76 7.434957e-03
77 7.434957e-03
78 7.434957e-03
79 7.434957e-03
80 7.434957e-03
81 7.434957e-03
82 7.434957e-03
83 7.434957e-03
84 7.434957e-03
85 7.434957e-03
86 7.434957e-03
87 7.434957e-03
88 7.434957e-03
89 7.434957e-03
90 7.434957e-03
91 7.434957e-03
92 7.434957e-03
93 7.434957e-03
94 7.434957e-03
95 7.434957e-03
96 7.434957e-03
97 7.434957e-03
98 7.434957e-03
99 7.434957e-03
100 7.434957e-03
101 3.150044e-03
102 2.694278e-03
103 2.675629e-03
104 2.672973e-03
105 2.672803e-03
106 2.672793e-03
107 2.672747e-03
108 2.672751e-03
109 2.672751e-03
110 2.672751e-03
111 2.672751e-03
112 2.672751e-03
113 2.672751e-03
114 2.672751e-03
115 2.672751e-03
116 2.672751e-03
117 2.672751e-03
118 2.672751e-03
119 2.672751e-03
120 2.672751e-03
121 2.672751e-03
122 2.672751e-03
123 2.672751e-03
124 2.672751e-03
125 2.672751e-03
126 2.672751e-03
127 2.672751e-03
128 2.672751e-03
129 2.672751e-03
130 2.672751e-03
131 2.672751e-03
132 2.672751e-03
133 2.672751e-03
134 2.672751e-03
135 2.672751e-03
136 2.672751e-03
137 2.672751e-03
138 2.672751e-03
139 2.672751e-03
140 2.672751e-03
141 2.672751e-03
142 2.672751e-03
143 2.672751e-03
144 2.672751e-03
145 2.672751e-03
146 2.672751e-03
147 2.672751e-03
148 2.672751e-03
149 2.672751e-03
150 2.672751e-03
151 2.672751e-03
152 2.672751e-03
153 2.672751e-03
154 2.672751e-03
155 2.672751e-03
156 2.672751e-03
157 2.672751e-03
158 2.672751e-03
159 2.672751e-03
160 2.672751e-03
161 2.672751e-03
162 2.672751e-03
163 2.672751e-03
164 2.672751e-03
165 2.672751e-03
166 2.672751e-03
167 2.672751e-03
168 2.672751e-03
169 2.672751e-03
170 2.672751e-03
171 2.672751e-03
172 2.672751e-03
173 2.672751e-03
174 2.672751e-03
175 2.672751e-03
176 2.672751e-03
177 2.672751e-03
178 2.672751e-03
179 2.672751e-03
180 2.672751e-03
181 2.672751e-03
182 2.672751e-03
183 2.672751e-03
184 2.672751e-03
185 2.672751e-03
186 2.672751e-03
187 2.672751e-03
188 2.672751e-03
189 2.672751e-03
190 2.672751e-03
191 2.672751e-03
192 2.672751e-03
193 2.672751e-03
194 2.672751e-03
195 2.672751e-03
196 2.672751e-03
197 2.672751e-03
198 2.672751e-03
199 2.672751e-03
200 2.672751e-03
201 2.671608e-03
202 2.671573e-03
203 2.671592e-03
204 2.671568e-03
205 2.671565e-03
206 2.671566e-03
207 2.671566e-03
208 2.671566e-03
209 2.671566e-03
210 2.671566e-03
211 2.671566e-03
212 2.671566e-03
213 2.671566e-03
214 2.671566e-03
215 2.671566e-03
216 2.671566e-03
217 2.671566e-03
218 2.671566e-03
219 2.671566e-03
220 2.671566e-03
221 2.671566e-03
222 2.671566e-03
223 2.671566e-03
224 2.671566e-03
225 2.671566e-03
226 2.671566e-03
227 2.671566e-03
228 2.671566e-03
229 2.671566e-03
230 2.671566e-03
231 2.671566e-03
232 2.671566e-03
233 2.671566e-03
234 2.671566e-03
235 2.671566e-03
236 2.671566e-03
237 2.671566e-03
238 2.671566e-03
239 2.671566e-03
240 2.671566e-03
241 2.671566e-03
242 2.671566e-03
243 2.671566e-03
244 2.671566e-03
245 2.671566e-03
246 2.671566e-03
247 2.671566e-03
248 2.671566e-03
249 2.671566e-03
250 2.671566e-03
251 2.671566e-03
252 2.671566e-03
253 2.671566e-03
254 2.671566e-03
255 2.671566e-03
256 2.671566e-03
257 2.671566e-03
258 2.671566e-03
259 2.671566e-03
260 2.671566e-03
261 2.671566e-03
262 2.671566e-03
263 2.671566e-03
264 2.671566e-03
265 2.671566e-03
266 2.671566e-03
267 2.671566e-03
268 2.671566e-03
269 2.671566e-03
270 2.671566e-03
271 2.671566e-03
272 2.671566e-03
273 2.671566e-03
274 2.671566e-03
275 2.671566e-03
276 2.671566e-03
277 2.671566e-03
278 2.671566e-03
279 2.671566e-03
280 2.671566e-03
281 2.671566e-03
282 2.671566e-03
283 2.671566e-03
284 2.671566e-03
285 2.671566e-03
286 2.671566e-03
287 2.671566e-03
288 2.671566e-03
289 2.671566e-03
290 2.671566e-03
291 2.671566e-03
292 2.671566e-03
293 2.671566e-03
294 2.671566e-03
295 2.671566e-03
296 2.671566e-03
297 2.671566e-03
298 2.671566e-03
299 2.671566e-03
300 2.671566e-03
