1 3.959865e-02
2 1.485293e-02
3 1.138652e-02
4 1.086465e-02
5 1.077157e-02
6 1.075764e-02
7 1.075743e-02
8 1.075469e-02
9 1.075348e-02
10 1.075313e-02
11 1.075290e-02
12 1.075284e-02
13 1.075283e-02
14 1.075283e-02
15 1.075284e-02
16 1.075284e-02
17 1.075284e-02
18 1.075284e-02
19 1.075284e-02
20 1.075284e-02
21 1.075284e-02
22 1.075284e-02
23 1.075284e-02
24 1.075284e-02
25 1.075284e-02
26 1.075284e-02
27 1.075284e-02
28 1.075284e-02
29 1.075284e-02
30 1.075284e-02
31 1.075284e-02
32 1.075284e-02
33 1.075284e-02
34 1.075284e-02
35 1.075284e-02
36 1.075284e-02
37 1.075284e-02
38 1.075284e-02
39 1.075284e-02
40 1.075284e-02
41 1.075284e-02
42 1.075284e-02
43 1.075284e-02
44 1.075284e-02
45 1.075284e-02
46 1.075284e-02
47 1.075284e-02
48 1.075284e-02
49 1.075284e-02
50 1.075284e-02
51 1.075284e-02
52 1.075284e-02
53 1.075284e-02
54 1.075284e-02
55 1.075284e-02
56 1.075284e-02
57 1.075284e-02
58 1.075284e-02
59 1.075284e-02
60 1.075284e-02
61 1.075284e-02
62 1.075284e-02
63 1.075284e-02
64 1.075284e-02
65 1.075284e-02
66 1.075284e-02
67 1.075284e-02
68 1.075284e-02
69 1.075284e-02
70 1.075284e-02
71 1.075284e-02
72 1.075284e-02
73 1.075284e-02
74 1.075284e-02
75 1.075284e-02
76 1.075284e-02
77 1.075284e-02
78 1.075284e-02
79 1.075284e-02
80 1.075284e-02
81 1.075284e-02
82 1.075284e-02
83 1.075284e-02
84 1.075284e-02
85 1.075284e-02
86 1.075284e-02
87 1.075284e-02
88 1.075284e-02
89 1.075284e-02
90 1.075284e-02
91 1.075284e-02
92 1.075284e-02
93 1.075284e-02
94 1.075284e-02
95 1.075284e-02
96 1.075284e-02
97 1.075284e-02
98 1.075284e-02
99 1.075284e-02
100 1.075284e-02
101 4.498385e-03
102 3.932342e-03
103 3.902462e-03
104 3.901039e-03
105 3.900006e-03
106 3.900060e-03
107 3.900099e-03
108 3.900103e-03
109 3.900099e-03
110 3.900099e-03
111 3.900099e-03
112 3.900099e-03
113 3.900099e-03
114 3.900099e-03
115 3.900099e-03
116 3.900099e-03
117 3.900099e-03
118 3.900099e-03
119 3.900099e-03
120 3.900099e-03
121 3.900099e-03
122 3.900099e-03
123 3.900099e-03
124 3.900099e-03
125 3.900099e-03
126 3.900099e-03
127 3.900099e-03
128 3.900099e-03
129 3.900099e-03
130 3.900099e-03
131 3.900099e-03
132 3.900099e-03
133 3.900099e-03
134 3.900099e-03
135 3.900099e-03
136 3.900099e-03
137 3.900099e-03
138 3.900099e-03
139 3.900099e-03
140 3.900099e-03
141 3.900099e-03
142 3.900099e-03
143 3.900099e-03
144 3.900099e-03
145 3.900099e-03
146 3.900099e-03
147 3.900099e-03
148 3.900099e-03
149 3.900099e-03
150 3.900099e-03
151 3.900099e-03
152 3.900099e-03
153 3.900099e-03
154 3.900099e-03
155 3.900099e-03
156 3.900099e-03
157 3.900099e-03
158 3.900099e-03
159 3.900099e-03
160 3.900099e-03
161 3.900099e-03
162 3.900099e-03
163 3.900099e-03
164 3.900099e-03
165 3.900099e-03
166 3.900099e-03
167 3.900099e-03
168 3.900099e-03
169 3.900099e-03
170 3.900099e-03
171 3.900099e-03
172 3.900099e-03
173 3.900099e-03
174 3.900099e-03
175 3.900099e-03
176 3.900099e-03
177 3.900099e-03
178 3.900099e-03
179 3.900099e-03
180 3.900099e-03
181 3.900099e-03
182 3.900099e-03
183 3.900099e-03
184 3.900099e-03
185 3.900099e-03
186 3.900099e-03
187 3.900099e-03
188 3.900099e-03
189 3.900099e-03
190 3.900099e-03
191 3.900099e-03
192 3.900099e-03
193 3.900099e-03
194 3.900099e-03
195 3.900099e-03
196 3.900099e-03
197 3.900099e-03
198 3.900099e-03
199 3.900099e-03
200 3.900099e-03
201 3.889096e-03
202 3.888853e-03
203 3.888678e-03
204 3.888622e-03
205 3.888613e-03
206 3.888613e-03
207 3.888612e-03
208 3.888612e-03
209 3.888612e-03
210 3.888612e-03
211 3.888612e-03
212 3.888612e-03
213 3.888612e-03
214 3.888612e-03
215 3.888612e-03
216 3.888612e-03
217 3.888612e-03
218 3.888612e-03
219 3.888612e-03
220 3.888612e-03
221 3.888612e-03
222 3.888612e-03
223 3.888612e-03
224 3.888612e-03
225 3.888612e-03
226 3.888612e-03
227 3.888612e-03
228 3.888612e-03
229 3.888612e-03
230 3.888612e-03
231 3.888612e-03
232 3.888612e-03
233 3.888612e-03
234 3.888612e-03
235 3.888612e-03
236 3.888612e-03
237 3.888612e-03
238 3.888612e-03
239 3.888612e-03
240 3.888612e-03
241 3.888612e-03
242 3.888612e-03
243 3.888612e-03
244 3.888612e-03
245 3.888612e-03
246 3.888612e-03
247 3.888612e-03
248 3.888612e-03
249 3.888612e-03
250 3.888612e-03
251 3.888612e-03
252 3.888612e-03
253 3.888612e-03
254 3.888612e-03
255 3.888612e-03
256 3.888612e-03
257 3.888612e-03
258 3.888612e-03
259 3.888612e-03
260 3.888612e-03
261 3.888612e-03
262 3.888612e-03
263 3.888612e-03
264 3.888612e-03
265 3.888612e-03
266 3.888612e-03
267 3.888612e-03
268 3.888612e-03
269 3.888612e-03
270 3.888612e-03
271 3.888612e-03
272 3.888612e-03
273 3.888612e-03
274 3.888612e-03
275 3.888612e-03
276 3.888612e-03
277 3.888612e-03
278 3.888612e-03
279 3.888612e-03
280 3.888612e-03
281 3.888612e-03
282 3.888612e-03
283 3.888612e-03
284 3.888612e-03
285 3.888612e-03
286 3.888612e-03
287 3.888612e-03
288 3.888612e-03
289 3.888612e-03
290 3.888612e-03
291 3.888612e-03
292 3.888612e-03
293 3.888612e-03
294 3.888612e-03
295 3.888612e-03
296 3.888612e-03
297 3.888612e-03
298 3.888612e-03
299 3.888612e-03
300 3.888612e-03
