1 7.616694e-02
2 6.625500e-02
3 6.630670e-02
4 6.647932e-02
5 6.645403e-02
6 6.639302e-02
7 6.638346e-02
8 6.636978e-02
9 6.636617e-02
10 6.636557e-02
11 6.636483e-02
12 6.636479e-02
13 6.636476e-02
14 6.636479e-02
15 6.636479e-02
16 6.636479e-02
17 6.636479e-02
18 6.636479e-02
19 6.636479e-02
20 6.636479e-02
21 6.636479e-02
22 6.636479e-02
23 6.636479e-02
24 6.636479e-02
25 6.636479e-02
26 6.636479e-02
27 6.636479e-02
28 6.636479e-02
29 6.636479e-02
30 6.636479e-02
31 6.636479e-02
32 6.636479e-02
33 6.636479e-02
34 6.636479e-02
35 6.636479e-02
36 6.636479e-02
37 6.636479e-02
38 6.636479e-02
39 6.636479e-02
40 6.636479e-02
41 6.636479e-02
42 6.636479e-02
43 6.636479e-02
44 6.636479e-02
45 6.636479e-02
46 6.636479e-02
47 6.636479e-02
48 6.636479e-02
49 6.636479e-02
50 6.636479e-02
51 6.636479e-02
52 6.636479e-02
53 6.636479e-02
54 6.636479e-02
55 6.636479e-02
56 6.636479e-02
57 6.636479e-02
58 6.636479e-02
59 6.636479e-02
60 6.636479e-02
61 6.636479e-02
62 6.636479e-02
63 6.636479e-02
64 6.636479e-02
65 6.636479e-02
66 6.636479e-02
67 6.636479e-02
68 6.636479e-02
69 6.636479e-02
70 6.636479e-02
71 6.636479e-02
72 6.636479e-02
73 6.636479e-02
74 6.636479e-02
75 6.636479e-02
76 6.636479e-02
77 6.636479e-02
78 6.636479e-02
79 6.636479e-02
80 6.636479e-02
81 6.636479e-02
82 6.636479e-02
83 6.636479e-02
84 6.636479e-02
85 6.636479e-02
86 6.636479e-02
87 6.636479e-02
88 6.636479e-02
89 6.636479e-02
90 6.636479e-02
91 6.636479e-02
92 6.636479e-02
93 6.636479e-02
94 6.636479e-02
95 6.636479e-02
96 6.636479e-02
97 6.636479e-02
98 6.636479e-02
99 6.636479e-02
100 6.636479e-02
101 6.876176e-02
102 6.501352e-02
103 6.666804e-02
104 6.654502e-02
105 6.684333e-02
106 6.682811e-02
107 6.688643e-02
108 6.688304e-02
109 6.689519e-02
110 6.689436e-02
111 6.689700e-02
112 6.689680e-02
113 6.689739e-02
114 6.689734e-02
115 6.689747e-02
116 6.689746e-02
117 6.689749e-02
118 6.689749e-02
119 6.689750e-02
120 6.689750e-02
121 6.689750e-02
122 6.689750e-02
123 6.689750e-02
124 6.689750e-02
125 6.689750e-02
126 6.689750e-02
127 6.689750e-02
128 6.689750e-02
129 6.689750e-02
130 6.689750e-02
131 6.689750e-02
132 6.689750e-02
133 6.689750e-02
134 6.689750e-02
135 6.689750e-02
136 6.689750e-02
137 6.689750e-02
138 6.689750e-02
139 6.689750e-02
140 6.689750e-02
141 6.689750e-02
142 6.689750e-02
143 6.689750e-02
144 6.689750e-02
145 6.689750e-02
146 6.689750e-02
147 6.689750e-02
148 6.689750e-02
149 6.689750e-02
150 6.689750e-02
151 6.689750e-02
152 6.689750e-02
153 6.689750e-02
154 6.689750e-02
155 6.689750e-02
156 6.689750e-02
157 6.689750e-02
158 6.689750e-02
159 6.689750e-02
160 6.689750e-02
161 6.689750e-02
162 6.689750e-02
163 6.689750e-02
164 6.689750e-02
165 6.689750e-02
166 6.689750e-02
167 6.689750e-02
168 6.689750e-02
169 6.689750e-02
170 6.689750e-02
171 6.689750e-02
172 6.689750e-02
173 6.689750e-02
174 6.689750e-02
175 6.689750e-02
176 6.689750e-02
177 6.689750e-02
178 6.689750e-02
179 6.689750e-02
180 6.689750e-02
181 6.689750e-02
182 6.689750e-02
183 6.689750e-02
184 6.689750e-02
185 6.689750e-02
186 6.689750e-02
187 6.689750e-02
188 6.689750e-02
189 6.689750e-02
190 6.689750e-02
191 6.689750e-02
192 6.689750e-02
193 6.689750e-02
194 6.689750e-02
195 6.689750e-02
196 6.689750e-02
197 6.689750e-02
198 6.689750e-02
199 6.689750e-02
200 6.689750e-02
201 5.504992e-02
202 5.356079e-02
203 5.327634e-02
204 5.318686e-02
205 5.316434e-02
206 5.315434e-02
207 5.315142e-02
208 5.315016e-02
209 5.314975e-02
210 5.314957e-02
211 5.314951e-02
212 5.314949e-02
213 5.314948e-02
214 5.314947e-02
215 5.314947e-02
216 5.314947e-02
217 5.314947e-02
218 5.314947e-02
219 5.314947e-02
220 5.314947e-02
221 5.314947e-02
222 5.314947e-02
223 5.314947e-02
224 5.314947e-02
225 5.314947e-02
226 5.314947e-02
227 5.314947e-02
228 5.314947e-02
229 5.314947e-02
230 5.314947e-02
231 5.314947e-02
232 5.314947e-02
233 5.314947e-02
234 5.314947e-02
235 5.314947e-02
236 5.314947e-02
237 5.314947e-02
238 5.314947e-02
239 5.314947e-02
240 5.314947e-02
241 5.314947e-02
242 5.314947e-02
243 5.314947e-02
244 5.314947e-02
245 5.314947e-02
246 5.314947e-02
247 5.314947e-02
248 5.314947e-02
249 5.314947e-02
250 5.314947e-02
251 5.314947e-02
252 5.314947e-02
253 5.314947e-02
254 5.314947e-02
255 5.314947e-02
256 5.314947e-02
257 5.314947e-02
258 5.314947e-02
259 5.314947e-02
260 5.314947e-02
261 5.314947e-02
262 5.314947e-02
263 5.314947e-02
264 5.314947e-02
265 5.314947e-02
266 5.314947e-02
267 5.314947e-02
268 5.314947e-02
269 5.314947e-02
270 5.314947e-02
271 5.314947e-02
272 5.314947e-02
273 5.314947e-02
274 5.314947e-02
275 5.314947e-02
276 5.314947e-02
277 5.314947e-02
278 5.314947e-02
279 5.314947e-02
280 5.314947e-02
281 5.314947e-02
282 5.314947e-02
283 5.314947e-02
284 5.314947e-02
285 5.314947e-02
286 5.314947e-02
287 5.314947e-02
288 5.314947e-02
289 5.314947e-02
290 5.314947e-02
291 5.314947e-02
292 5.314947e-02
293 5.314947e-02
294 5.314947e-02
295 5.314947e-02
296 5.314947e-02
297 5.314947e-02
298 5.314947e-02
299 5.314947e-02
300 5.314947e-02
