1 0.035495
2 0.009818
3 0.008047
4 0.008073
5 0.007240
6 0.007214
7 0.007161
8 0.007318
9 0.007161
10 0.007214
11 0.007057
12 0.007214
13 0.007109
14 0.007188
15 0.007083
16 0.007240
17 0.007005
18 0.007240
19 0.007109
20 0.007214
21 0.007057
22 0.007292
23 0.007083
24 0.007266
25 0.007083
26 0.007318
27 0.007057
28 0.007266
29 0.007109
30 0.007292
31 0.007057
32 0.007266
33 0.007057
34 0.007240
35 0.007057
36 0.007240
37 0.007057
38 0.007240
39 0.007057
40 0.007240
41 0.007057
42 0.007240
43 0.007057
44 0.007240
45 0.007057
46 0.007240
47 0.007057
48 0.007240
49 0.007057
50 0.007240
51 0.007057
52 0.007240
53 0.007057
54 0.007240
55 0.007057
56 0.007240
57 0.007057
58 0.007240
59 0.007057
60 0.007240
61 0.007057
62 0.007240
63 0.007057
64 0.007240
65 0.007057
66 0.007240
67 0.007057
68 0.007240
69 0.007057
70 0.007240
71 0.007057
72 0.007240
73 0.007057
74 0.007240
75 0.007057
76 0.007240
77 0.007057
78 0.007240
79 0.007057
80 0.007240
81 0.007057
82 0.007240
83 0.007057
84 0.007240
85 0.007057
86 0.007240
87 0.007057
88 0.007240
89 0.007057
90 0.007240
91 0.007057
92 0.007240
93 0.007057
94 0.007240
95 0.007057
96 0.007240
97 0.007057
98 0.007240
99 0.007057
100 0.007240
101 0.001432
102 0.001406
103 0.001328
104 0.001354
105 0.001328
106 0.001328
107 0.001328
108 0.001328
109 0.001328
110 0.001328
111 0.001328
112 0.001328
113 0.001328
114 0.001328
115 0.001328
116 0.001328
117 0.001328
118 0.001328
119 0.001328
120 0.001328
121 0.001328
122 0.001328
123 0.001328
124 0.001328
125 0.001328
126 0.001328
127 0.001328
128 0.001328
129 0.001328
130 0.001328
131 0.001328
132 0.001328
133 0.001328
134 0.001328
135 0.001328
136 0.001328
137 0.001328
138 0.001328
139 0.001328
140 0.001328
141 0.001328
142 0.001328
143 0.001328
144 0.001328
145 0.001328
146 0.001328
147 0.001328
148 0.001328
149 0.001328
150 0.001328
151 0.001328
152 0.001328
153 0.001328
154 0.001328
155 0.001328
156 0.001328
157 0.001328
158 0.001328
159 0.001328
160 0.001328
161 0.001328
162 0.001328
163 0.001328
164 0.001328
165 0.001328
166 0.001328
167 0.001328
168 0.001328
169 0.001328
170 0.001328
171 0.001328
172 0.001328
173 0.001328
174 0.001328
175 0.001328
176 0.001328
177 0.001328
178 0.001328
179 0.001328
180 0.001328
181 0.001328
182 0.001328
183 0.001328
184 0.001328
185 0.001328
186 0.001328
187 0.001328
188 0.001328
189 0.001328
190 0.001328
191 0.001328
192 0.001328
193 0.001328
194 0.001328
195 0.001328
196 0.001328
197 0.001328
198 0.001328
199 0.001328
200 0.001328
201 0.001094
202 0.001042
203 0.001068
204 0.001068
205 0.001068
206 0.001068
207 0.001068
208 0.001068
209 0.001068
210 0.001068
211 0.001068
212 0.001068
213 0.001068
214 0.001068
215 0.001068
216 0.001068
217 0.001068
218 0.001068
219 0.001068
220 0.001068
221 0.001068
222 0.001068
223 0.001068
224 0.001068
225 0.001068
226 0.001068
227 0.001068
228 0.001068
229 0.001068
230 0.001068
231 0.001068
232 0.001068
233 0.001068
234 0.001068
235 0.001068
236 0.001068
237 0.001068
238 0.001068
239 0.001068
240 0.001068
241 0.001068
242 0.001068
243 0.001068
244 0.001068
245 0.001068
246 0.001068
247 0.001068
248 0.001068
249 0.001068
250 0.001068
251 0.001068
252 0.001068
253 0.001068
254 0.001068
255 0.001068
256 0.001068
257 0.001068
258 0.001068
259 0.001068
260 0.001068
261 0.001068
262 0.001068
263 0.001068
264 0.001068
265 0.001068
266 0.001068
267 0.001068
268 0.001068
269 0.001068
270 0.001068
271 0.001068
272 0.001068
273 0.001068
274 0.001068
275 0.001068
276 0.001068
277 0.001068
278 0.001068
279 0.001068
280 0.001068
281 0.001068
282 0.001068
283 0.001068
284 0.001068
285 0.001068
286 0.001068
287 0.001068
288 0.001068
289 0.001068
290 0.001068
291 0.001068
292 0.001068
293 0.001068
294 0.001068
295 0.001068
296 0.001068
297 0.001068
298 0.001068
299 0.001068
300 0.001068
