1 6.536103e-02
2 3.511394e-02
3 3.411693e-02
4 3.411803e-02
5 3.410907e-02
6 3.410786e-02
7 3.410798e-02
8 3.410784e-02
9 3.410782e-02
10 3.410782e-02
11 3.410782e-02
12 3.410783e-02
13 3.410783e-02
14 3.410783e-02
15 3.410783e-02
16 3.410783e-02
17 3.410783e-02
18 3.410783e-02
19 3.410783e-02
20 3.410783e-02
21 3.410783e-02
22 3.410783e-02
23 3.410783e-02
24 3.410783e-02
25 3.410783e-02
26 3.410783e-02
27 3.410783e-02
28 3.410783e-02
29 3.410783e-02
30 3.410783e-02
31 3.410783e-02
32 3.410783e-02
33 3.410783e-02
34 3.410783e-02
35 3.410783e-02
36 3.410783e-02
37 3.410783e-02
38 3.410783e-02
39 3.410783e-02
40 3.410783e-02
41 3.410783e-02
42 3.410783e-02
43 3.410783e-02
44 3.410783e-02
45 3.410783e-02
46 3.410783e-02
47 3.410783e-02
48 3.410783e-02
49 3.410783e-02
50 3.410783e-02
51 3.410783e-02
52 3.410783e-02
53 3.410783e-02
54 3.410783e-02
55 3.410783e-02
56 3.410783e-02
57 3.410783e-02
58 3.410783e-02
59 3.410783e-02
60 3.410783e-02
61 3.410783e-02
62 3.410783e-02
63 3.410783e-02
64 3.410783e-02
65 3.410783e-02
66 3.410783e-02
67 3.410783e-02
68 3.410783e-02
69 3.410783e-02
70 3.410783e-02
71 3.410783e-02
72 3.410783e-02
73 3.410783e-02
74 3.410783e-02
75 3.410783e-02
76 3.410783e-02
77 3.410783e-02
78 3.410783e-02
79 3.410783e-02
80 3.410783e-02
81 3.410783e-02
82 3.410783e-02
83 3.410783e-02
84 3.410783e-02
85 3.410783e-02
86 3.410783e-02
87 3.410783e-02
88 3.410783e-02
89 3.410783e-02
90 3.410783e-02
91 3.410783e-02
92 3.410783e-02
93 3.410783e-02
94 3.410783e-02
95 3.410783e-02
96 3.410783e-02
97 3.410783e-02
98 3.410783e-02
99 3.410783e-02
100 3.410783e-02
101 1.381881e-02
102 1.324388e-02
103 1.322077e-02
104 1.322225e-02
105 1.322234e-02
106 1.322230e-02
107 1.322230e-02
108 1.322230e-02
109 1.322230e-02
110 1.322230e-02
111 1.322230e-02
112 1.322230e-02
113 1.322230e-02
114 1.322230e-02
115 1.322230e-02
116 1.322230e-02
117 1.322230e-02
118 1.322230e-02
119 1.322230e-02
120 1.322230e-02
121 1.322230e-02
122 1.322230e-02
123 1.322230e-02
124 1.322230e-02
125 1.322230e-02
126 1.322230e-02
127 1.322230e-02
128 1.322230e-02
129 1.322230e-02
130 1.322230e-02
131 1.322230e-02
132 1.322230e-02
133 1.322230e-02
134 1.322230e-02
135 1.322230e-02
136 1.322230e-02
137 1.322230e-02
138 1.322230e-02
139 1.322230e-02
140 1.322230e-02
141 1.322230e-02
142 1.322230e-02
143 1.322230e-02
144 1.322230e-02
145 1.322230e-02
146 1.322230e-02
147 1.322230e-02
148 1.322230e-02
149 1.322230e-02
150 1.322230e-02
151 1.322230e-02
152 1.322230e-02
153 1.322230e-02
154 1.322230e-02
155 1.322230e-02
156 1.322230e-02
157 1.322230e-02
158 1.322230e-02
159 1.322230e-02
160 1.322230e-02
161 1.322230e-02
162 1.322230e-02
163 1.322230e-02
164 1.322230e-02
165 1.322230e-02
166 1.322230e-02
167 1.322230e-02
168 1.322230e-02
169 1.322230e-02
170 1.322230e-02
171 1.322230e-02
172 1.322230e-02
173 1.322230e-02
174 1.322230e-02
175 1.322230e-02
176 1.322230e-02
177 1.322230e-02
178 1.322230e-02
179 1.322230e-02
180 1.322230e-02
181 1.322230e-02
182 1.322230e-02
183 1.322230e-02
184 1.322230e-02
185 1.322230e-02
186 1.322230e-02
187 1.322230e-02
188 1.322230e-02
189 1.322230e-02
190 1.322230e-02
191 1.322230e-02
192 1.322230e-02
193 1.322230e-02
194 1.322230e-02
195 1.322230e-02
196 1.322230e-02
197 1.322230e-02
198 1.322230e-02
199 1.322230e-02
200 1.322230e-02
201 1.311543e-02
202 1.311129e-02
203 1.310964e-02
204 1.310969e-02
205 1.310972e-02
206 1.310972e-02
207 1.310972e-02
208 1.310972e-02
209 1.310972e-02
210 1.310972e-02
211 1.310972e-02
212 1.310972e-02
213 1.310972e-02
214 1.310972e-02
215 1.310972e-02
216 1.310972e-02
217 1.310972e-02
218 1.310972e-02
219 1.310972e-02
220 1.310972e-02
221 1.310972e-02
222 1.310972e-02
223 1.310972e-02
224 1.310972e-02
225 1.310972e-02
226 1.310972e-02
227 1.310972e-02
228 1.310972e-02
229 1.310972e-02
230 1.310972e-02
231 1.310972e-02
232 1.310972e-02
233 1.310972e-02
234 1.310972e-02
235 1.310972e-02
236 1.310972e-02
237 1.310972e-02
238 1.310972e-02
239 1.310972e-02
240 1.310972e-02
241 1.310972e-02
242 1.310972e-02
243 1.310972e-02
244 1.310972e-02
245 1.310972e-02
246 1.310972e-02
247 1.310972e-02
248 1.310972e-02
249 1.310972e-02
250 1.310972e-02
251 1.310972e-02
252 1.310972e-02
253 1.310972e-02
254 1.310972e-02
255 1.310972e-02
256 1.310972e-02
257 1.310972e-02
258 1.310972e-02
259 1.310972e-02
260 1.310972e-02
261 1.310972e-02
262 1.310972e-02
263 1.310972e-02
264 1.310972e-02
265 1.310972e-02
266 1.310972e-02
267 1.310972e-02
268 1.310972e-02
269 1.310972e-02
270 1.310972e-02
271 1.310972e-02
272 1.310972e-02
273 1.310972e-02
274 1.310972e-02
275 1.310972e-02
276 1.310972e-02
277 1.310972e-02
278 1.310972e-02
279 1.310972e-02
280 1.310972e-02
281 1.310972e-02
282 1.310972e-02
283 1.310972e-02
284 1.310972e-02
285 1.310972e-02
286 1.310972e-02
287 1.310972e-02
288 1.310972e-02
289 1.310972e-02
290 1.310972e-02
291 1.310972e-02
292 1.310972e-02
293 1.310972e-02
294 1.310972e-02
295 1.310972e-02
296 1.310972e-02
297 1.310972e-02
298 1.310972e-02
299 1.310972e-02
300 1.310972e-02
