1 8.036897e-02
2 5.792124e-02
3 5.726444e-02
4 5.729846e-02
5 5.729913e-02
6 5.729900e-02
7 5.729903e-02
8 5.729901e-02
9 5.729901e-02
10 5.729901e-02
11 5.729901e-02
12 5.729901e-02
13 5.729901e-02
14 5.729901e-02
15 5.729901e-02
16 5.729901e-02
17 5.729901e-02
18 5.729901e-02
19 5.729901e-02
20 5.729901e-02
21 5.729901e-02
22 5.729901e-02
23 5.729901e-02
24 5.729901e-02
25 5.729901e-02
26 5.729901e-02
27 5.729901e-02
28 5.729901e-02
29 5.729901e-02
30 5.729901e-02
31 5.729901e-02
32 5.729901e-02
33 5.729901e-02
34 5.729901e-02
35 5.729901e-02
36 5.729901e-02
37 5.729901e-02
38 5.729901e-02
39 5.729901e-02
40 5.729901e-02
41 5.729901e-02
42 5.729901e-02
43 5.729901e-02
44 5.729901e-02
45 5.729901e-02
46 5.729901e-02
47 5.729901e-02
48 5.729901e-02
49 5.729901e-02
50 5.729901e-02
51 5.729901e-02
52 5.729901e-02
53 5.729901e-02
54 5.729901e-02
55 5.729901e-02
56 5.729901e-02
57 5.729901e-02
58 5.729901e-02
59 5.729901e-02
60 5.729901e-02
61 5.729901e-02
62 5.729901e-02
63 5.729901e-02
64 5.729901e-02
65 5.729901e-02
66 5.729901e-02
67 5.729901e-02
68 5.729901e-02
69 5.729901e-02
70 5.729901e-02
71 5.729901e-02
72 5.729901e-02
73 5.729901e-02
74 5.729901e-02
75 5.729901e-02
76 5.729901e-02
77 5.729901e-02
78 5.729901e-02
79 5.729901e-02
80 5.729901e-02
81 5.729901e-02
82 5.729901e-02
83 5.729901e-02
84 5.729901e-02
85 5.729901e-02
86 5.729901e-02
87 5.729901e-02
88 5.729901e-02
89 5.729901e-02
90 5.729901e-02
91 5.729901e-02
92 5.729901e-02
93 5.729901e-02
94 5.729901e-02
95 5.729901e-02
96 5.729901e-02
97 5.729901e-02
98 5.729901e-02
99 5.729901e-02
100 5.729901e-02
101 1.463465e-02
102 1.372161e-02
103 1.361667e-02
104 1.362230e-02
105 1.362085e-02
106 1.362084e-02
107 1.362080e-02
108 1.362080e-02
109 1.362080e-02
110 1.362080e-02
111 1.362080e-02
112 1.362080e-02
113 1.362080e-02
114 1.362080e-02
115 1.362080e-02
116 1.362080e-02
117 1.362080e-02
118 1.362080e-02
119 1.362080e-02
120 1.362080e-02
121 1.362080e-02
122 1.362080e-02
123 1.362080e-02
124 1.362080e-02
125 1.362080e-02
126 1.362080e-02
127 1.362080e-02
128 1.362080e-02
129 1.362080e-02
130 1.362080e-02
131 1.362080e-02
132 1.362080e-02
133 1.362080e-02
134 1.362080e-02
135 1.362080e-02
136 1.362080e-02
137 1.362080e-02
138 1.362080e-02
139 1.362080e-02
140 1.362080e-02
141 1.362080e-02
142 1.362080e-02
143 1.362080e-02
144 1.362080e-02
145 1.362080e-02
146 1.362080e-02
147 1.362080e-02
148 1.362080e-02
149 1.362080e-02
150 1.362080e-02
151 1.362080e-02
152 1.362080e-02
153 1.362080e-02
154 1.362080e-02
155 1.362080e-02
156 1.362080e-02
157 1.362080e-02
158 1.362080e-02
159 1.362080e-02
160 1.362080e-02
161 1.362080e-02
162 1.362080e-02
163 1.362080e-02
164 1.362080e-02
165 1.362080e-02
166 1.362080e-02
167 1.362080e-02
168 1.362080e-02
169 1.362080e-02
170 1.362080e-02
171 1.362080e-02
172 1.362080e-02
173 1.362080e-02
174 1.362080e-02
175 1.362080e-02
176 1.362080e-02
177 1.362080e-02
178 1.362080e-02
179 1.362080e-02
180 1.362080e-02
181 1.362080e-02
182 1.362080e-02
183 1.362080e-02
184 1.362080e-02
185 1.362080e-02
186 1.362080e-02
187 1.362080e-02
188 1.362080e-02
189 1.362080e-02
190 1.362080e-02
191 1.362080e-02
192 1.362080e-02
193 1.362080e-02
194 1.362080e-02
195 1.362080e-02
196 1.362080e-02
197 1.362080e-02
198 1.362080e-02
199 1.362080e-02
200 1.362080e-02
201 1.273474e-02
202 1.273407e-02
203 1.273104e-02
204 1.273063e-02
205 1.273070e-02
206 1.273067e-02
207 1.273067e-02
208 1.273067e-02
209 1.273067e-02
210 1.273067e-02
211 1.273067e-02
212 1.273067e-02
213 1.273067e-02
214 1.273067e-02
215 1.273067e-02
216 1.273067e-02
217 1.273067e-02
218 1.273067e-02
219 1.273067e-02
220 1.273067e-02
221 1.273067e-02
222 1.273067e-02
223 1.273067e-02
224 1.273067e-02
225 1.273067e-02
226 1.273067e-02
227 1.273067e-02
228 1.273067e-02
229 1.273067e-02
230 1.273067e-02
231 1.273067e-02
232 1.273067e-02
233 1.273067e-02
234 1.273067e-02
235 1.273067e-02
236 1.273067e-02
237 1.273067e-02
238 1.273067e-02
239 1.273067e-02
240 1.273067e-02
241 1.273067e-02
242 1.273067e-02
243 1.273067e-02
244 1.273067e-02
245 1.273067e-02
246 1.273067e-02
247 1.273067e-02
248 1.273067e-02
249 1.273067e-02
250 1.273067e-02
251 1.273067e-02
252 1.273067e-02
253 1.273067e-02
254 1.273067e-02
255 1.273067e-02
256 1.273067e-02
257 1.273067e-02
258 1.273067e-02
259 1.273067e-02
260 1.273067e-02
261 1.273067e-02
262 1.273067e-02
263 1.273067e-02
264 1.273067e-02
265 1.273067e-02
266 1.273067e-02
267 1.273067e-02
268 1.273067e-02
269 1.273067e-02
270 1.273067e-02
271 1.273067e-02
272 1.273067e-02
273 1.273067e-02
274 1.273067e-02
275 1.273067e-02
276 1.273067e-02
277 1.273067e-02
278 1.273067e-02
279 1.273067e-02
280 1.273067e-02
281 1.273067e-02
282 1.273067e-02
283 1.273067e-02
284 1.273067e-02
285 1.273067e-02
286 1.273067e-02
287 1.273067e-02
288 1.273067e-02
289 1.273067e-02
290 1.273067e-02
291 1.273067e-02
292 1.273067e-02
293 1.273067e-02
294 1.273067e-02
295 1.273067e-02
296 1.273067e-02
297 1.273067e-02
298 1.273067e-02
299 1.273067e-02
300 1.273067e-02
