1 0.227500
2 0.235000
3 0.221250
4 0.228750
5 0.222500
6 0.225000
7 0.221250
8 0.223750
9 0.222500
10 0.225000
11 0.222500
12 0.226250
13 0.222500
14 0.227500
15 0.223750
16 0.226250
17 0.225000
18 0.225000
19 0.225000
20 0.225000
21 0.227500
22 0.225000
23 0.228750
24 0.226250
25 0.228750
26 0.226250
27 0.228750
28 0.226250
29 0.228750
30 0.226250
31 0.228750
32 0.226250
33 0.227500
34 0.226250
35 0.227500
36 0.227500
37 0.227500
38 0.227500
39 0.228750
40 0.227500
41 0.228750
42 0.227500
43 0.228750
44 0.227500
45 0.228750
46 0.227500
47 0.228750
48 0.227500
49 0.228750
50 0.227500
51 0.228750
52 0.227500
53 0.228750
54 0.227500
55 0.228750
56 0.227500
57 0.228750
58 0.227500
59 0.227500
60 0.227500
61 0.227500
62 0.227500
63 0.227500
64 0.227500
65 0.227500
66 0.227500
67 0.227500
68 0.227500
69 0.227500
70 0.227500
71 0.227500
72 0.227500
73 0.227500
74 0.227500
75 0.227500
76 0.227500
77 0.227500
78 0.227500
79 0.227500
80 0.227500
81 0.227500
82 0.227500
83 0.227500
84 0.227500
85 0.227500
86 0.227500
87 0.227500
88 0.227500
89 0.227500
90 0.227500
91 0.227500
92 0.227500
93 0.227500
94 0.227500
95 0.227500
96 0.227500
97 0.227500
98 0.227500
99 0.227500
100 0.227500
101 0.228750
102 0.223750
103 0.228750
104 0.223750
105 0.228750
106 0.227500
107 0.228750
108 0.225000
109 0.228750
110 0.225000
111 0.227500
112 0.225000
113 0.227500
114 0.225000
115 0.226250
116 0.225000
117 0.226250
118 0.225000
119 0.226250
120 0.223750
121 0.226250
122 0.223750
123 0.226250
124 0.225000
125 0.226250
126 0.226250
127 0.226250
128 0.226250
129 0.226250
130 0.226250
131 0.226250
132 0.226250
133 0.225000
134 0.226250
135 0.225000
136 0.226250
137 0.225000
138 0.226250
139 0.225000
140 0.226250
141 0.225000
142 0.226250
143 0.225000
144 0.226250
145 0.225000
146 0.226250
147 0.226250
148 0.226250
149 0.226250
150 0.226250
151 0.226250
152 0.226250
153 0.226250
154 0.226250
155 0.226250
156 0.226250
157 0.226250
158 0.226250
159 0.226250
160 0.226250
161 0.226250
162 0.226250
163 0.226250
164 0.226250
165 0.226250
166 0.226250
167 0.226250
168 0.226250
169 0.226250
170 0.226250
171 0.226250
172 0.226250
173 0.226250
174 0.226250
175 0.226250
176 0.226250
177 0.226250
178 0.226250
179 0.226250
180 0.226250
181 0.226250
182 0.226250
183 0.226250
184 0.226250
185 0.226250
186 0.226250
187 0.226250
188 0.226250
189 0.226250
190 0.226250
191 0.226250
192 0.226250
193 0.226250
194 0.226250
195 0.226250
196 0.226250
197 0.226250
198 0.226250
199 0.226250
200 0.226250
201 0.233750
202 0.227500
203 0.232500
204 0.227500
205 0.232500
206 0.230000
207 0.232500
208 0.231250
209 0.232500
210 0.230000
211 0.232500
212 0.230000
213 0.232500
214 0.230000
215 0.232500
216 0.230000
217 0.232500
218 0.230000
219 0.232500
220 0.231250
221 0.232500
222 0.231250
223 0.232500
224 0.231250
225 0.232500
226 0.231250
227 0.232500
228 0.231250
229 0.232500
230 0.231250
231 0.232500
232 0.231250
233 0.232500
234 0.231250
235 0.232500
236 0.231250
237 0.232500
238 0.231250
239 0.232500
240 0.231250
241 0.232500
242 0.231250
243 0.232500
244 0.231250
245 0.232500
246 0.231250
247 0.232500
248 0.231250
249 0.232500
250 0.231250
251 0.232500
252 0.231250
253 0.232500
254 0.231250
255 0.232500
256 0.232500
257 0.232500
258 0.232500
259 0.232500
260 0.232500
261 0.232500
262 0.232500
263 0.232500
264 0.232500
265 0.232500
266 0.232500
267 0.232500
268 0.232500
269 0.232500
270 0.232500
271 0.232500
272 0.232500
273 0.232500
274 0.232500
275 0.232500
276 0.232500
277 0.232500
278 0.232500
279 0.232500
280 0.232500
281 0.232500
282 0.232500
283 0.232500
284 0.232500
285 0.232500
286 0.232500
287 0.232500
288 0.232500
289 0.232500
290 0.232500
291 0.232500
292 0.232500
293 0.232500
294 0.232500
295 0.232500
296 0.232500
297 0.232500
298 0.232500
299 0.232500
300 0.232500
