1 0.058750
2 0.056250
3 0.060000
4 0.055000
5 0.061250
6 0.052500
7 0.061250
8 0.052500
9 0.060000
10 0.052500
11 0.060000
12 0.051250
13 0.060000
14 0.051250
15 0.060000
16 0.051250
17 0.060000
18 0.051250
19 0.060000
20 0.050000
21 0.060000
22 0.051250
23 0.058750
24 0.051250
25 0.057500
26 0.051250
27 0.058750
28 0.051250
29 0.060000
30 0.051250
31 0.060000
32 0.051250
33 0.060000
34 0.051250
35 0.060000
36 0.051250
37 0.058750
38 0.051250
39 0.058750
40 0.051250
41 0.058750
42 0.052500
43 0.058750
44 0.052500
45 0.058750
46 0.052500
47 0.058750
48 0.052500
49 0.058750
50 0.052500
51 0.058750
52 0.052500
53 0.058750
54 0.052500
55 0.058750
56 0.052500
57 0.058750
58 0.052500
59 0.058750
60 0.052500
61 0.058750
62 0.052500
63 0.058750
64 0.052500
65 0.058750
66 0.052500
67 0.058750
68 0.052500
69 0.058750
70 0.052500
71 0.058750
72 0.052500
73 0.058750
74 0.052500
75 0.058750
76 0.052500
77 0.058750
78 0.052500
79 0.058750
80 0.052500
81 0.058750
82 0.052500
83 0.058750
84 0.053750
85 0.058750
86 0.053750
87 0.058750
88 0.053750
89 0.058750
90 0.053750
91 0.058750
92 0.053750
93 0.058750
94 0.053750
95 0.058750
96 0.053750
97 0.058750
98 0.053750
99 0.058750
100 0.053750
101 0.053750
102 0.053750
103 0.053750
104 0.052500
105 0.053750
106 0.051250
107 0.055000
108 0.052500
109 0.053750
110 0.052500
111 0.053750
112 0.052500
113 0.053750
114 0.052500
115 0.053750
116 0.053750
117 0.053750
118 0.053750
119 0.053750
120 0.053750
121 0.053750
122 0.053750
123 0.053750
124 0.053750
125 0.053750
126 0.053750
127 0.053750
128 0.053750
129 0.053750
130 0.053750
131 0.053750
132 0.053750
133 0.053750
134 0.053750
135 0.053750
136 0.053750
137 0.053750
138 0.053750
139 0.053750
140 0.053750
141 0.053750
142 0.053750
143 0.055000
144 0.053750
145 0.055000
146 0.053750
147 0.053750
148 0.053750
149 0.053750
150 0.053750
151 0.053750
152 0.053750
153 0.053750
154 0.053750
155 0.053750
156 0.053750
157 0.053750
158 0.053750
159 0.053750
160 0.053750
161 0.052500
162 0.053750
163 0.052500
164 0.053750
165 0.052500
166 0.053750
167 0.052500
168 0.053750
169 0.052500
170 0.053750
171 0.052500
172 0.053750
173 0.052500
174 0.053750
175 0.052500
176 0.053750
177 0.052500
178 0.053750
179 0.052500
180 0.053750
181 0.052500
182 0.053750
183 0.052500
184 0.053750
185 0.052500
186 0.053750
187 0.052500
188 0.053750
189 0.052500
190 0.053750
191 0.052500
192 0.055000
193 0.052500
194 0.053750
195 0.052500
196 0.053750
197 0.052500
198 0.053750
199 0.052500
200 0.053750
201 0.053750
202 0.055000
203 0.053750
204 0.056250
205 0.053750
206 0.055000
207 0.053750
208 0.055000
209 0.053750
210 0.055000
211 0.055000
212 0.055000
213 0.055000
214 0.055000
215 0.055000
216 0.055000
217 0.055000
218 0.055000
219 0.055000
220 0.055000
221 0.055000
222 0.055000
223 0.055000
224 0.053750
225 0.055000
226 0.053750
227 0.055000
228 0.053750
229 0.055000
230 0.052500
231 0.056250
232 0.052500
233 0.056250
234 0.052500
235 0.056250
236 0.052500
237 0.056250
238 0.052500
239 0.056250
240 0.052500
241 0.055000
242 0.052500
243 0.055000
244 0.052500
245 0.055000
246 0.052500
247 0.055000
248 0.052500
249 0.055000
250 0.052500
251 0.055000
252 0.052500
253 0.055000
254 0.052500
255 0.055000
256 0.052500
257 0.055000
258 0.052500
259 0.055000
260 0.052500
261 0.055000
262 0.052500
263 0.055000
264 0.052500
265 0.055000
266 0.052500
267 0.055000
268 0.052500
269 0.055000
270 0.052500
271 0.055000
272 0.052500
273 0.055000
274 0.052500
275 0.055000
276 0.052500
277 0.055000
278 0.052500
279 0.055000
280 0.053750
281 0.055000
282 0.053750
283 0.055000
284 0.053750
285 0.055000
286 0.053750
287 0.055000
288 0.053750
289 0.055000
290 0.053750
291 0.055000
292 0.053750
293 0.055000
294 0.053750
295 0.055000
296 0.053750
297 0.055000
298 0.053750
299 0.055000
300 0.053750
