1 0.001250
2 0.002500
3 0.001250
4 0.002500
5 0.001250
6 0.002500
7 0.001250
8 0.002500
9 0.001250
10 0.002500
11 0.001250
12 0.002500
13 0.001250
14 0.002500
15 0.001250
16 0.002500
17 0.001250
18 0.002500
19 0.001250
20 0.002500
21 0.001250
22 0.002500
23 0.001250
24 0.002500
25 0.001250
26 0.002500
27 0.001250
28 0.002500
29 0.001250
30 0.002500
31 0.001250
32 0.002500
33 0.001250
34 0.002500
35 0.000000
36 0.002500
37 0.000000
38 0.002500
39 0.000000
40 0.002500
41 0.000000
42 0.002500
43 0.000000
44 0.002500
45 0.000000
46 0.002500
47 0.000000
48 0.002500
49 0.000000
50 0.002500
51 0.000000
52 0.002500
53 0.000000
54 0.002500
55 0.000000
56 0.002500
57 0.000000
58 0.002500
59 0.000000
60 0.002500
61 0.000000
62 0.002500
63 0.000000
64 0.002500
65 0.000000
66 0.002500
67 0.000000
68 0.002500
69 0.000000
70 0.002500
71 0.000000
72 0.002500
73 0.000000
74 0.002500
75 0.000000
76 0.002500
77 0.000000
78 0.002500
79 0.000000
80 0.002500
81 0.000000
82 0.002500
83 0.000000
84 0.002500
85 0.000000
86 0.002500
87 0.000000
88 0.002500
89 0.000000
90 0.002500
91 0.000000
92 0.002500
93 0.000000
94 0.002500
95 0.000000
96 0.002500
97 0.000000
98 0.002500
99 0.000000
100 0.002500
101 0.001250
102 0.002500
103 0.001250
104 0.002500
105 0.001250
106 0.002500
107 0.001250
108 0.002500
109 0.001250
110 0.002500
111 0.001250
112 0.002500
113 0.001250
114 0.002500
115 0.001250
116 0.002500
117 0.001250
118 0.002500
119 0.001250
120 0.002500
121 0.001250
122 0.002500
123 0.001250
124 0.002500
125 0.001250
126 0.002500
127 0.001250
128 0.002500
129 0.001250
130 0.002500
131 0.001250
132 0.002500
133 0.001250
134 0.002500
135 0.001250
136 0.002500
137 0.001250
138 0.002500
139 0.001250
140 0.002500
141 0.001250
142 0.002500
143 0.001250
144 0.001250
145 0.001250
146 0.001250
147 0.001250
148 0.001250
149 0.001250
150 0.001250
151 0.001250
152 0.001250
153 0.001250
154 0.001250
155 0.001250
156 0.001250
157 0.001250
158 0.001250
159 0.001250
160 0.001250
161 0.001250
162 0.001250
163 0.001250
164 0.001250
165 0.001250
166 0.001250
167 0.001250
168 0.001250
169 0.001250
170 0.001250
171 0.001250
172 0.001250
173 0.001250
174 0.001250
175 0.001250
176 0.001250
177 0.001250
178 0.001250
179 0.001250
180 0.001250
181 0.001250
182 0.001250
183 0.001250
184 0.001250
185 0.001250
186 0.001250
187 0.001250
188 0.001250
189 0.001250
190 0.001250
191 0.001250
192 0.001250
193 0.001250
194 0.001250
195 0.001250
196 0.001250
197 0.001250
198 0.001250
199 0.001250
200 0.001250
201 0.001250
202 0.001250
203 0.001250
204 0.001250
205 0.001250
206 0.001250
207 0.001250
208 0.001250
209 0.001250
210 0.001250
211 0.001250
212 0.001250
213 0.001250
214 0.001250
215 0.001250
216 0.001250
217 0.001250
218 0.001250
219 0.001250
220 0.001250
221 0.001250
222 0.001250
223 0.001250
224 0.001250
225 0.001250
226 0.001250
227 0.001250
228 0.001250
229 0.001250
230 0.001250
231 0.001250
232 0.001250
233 0.001250
234 0.001250
235 0.001250
236 0.001250
237 0.001250
238 0.001250
239 0.001250
240 0.001250
241 0.001250
242 0.001250
243 0.001250
244 0.001250
245 0.001250
246 0.001250
247 0.001250
248 0.001250
249 0.001250
250 0.001250
251 0.001250
252 0.001250
253 0.001250
254 0.001250
255 0.001250
256 0.001250
257 0.001250
258 0.001250
259 0.001250
260 0.001250
261 0.001250
262 0.001250
263 0.001250
264 0.001250
265 0.001250
266 0.001250
267 0.001250
268 0.001250
269 0.001250
270 0.001250
271 0.001250
272 0.001250
273 0.001250
274 0.001250
275 0.001250
276 0.001250
277 0.001250
278 0.001250
279 0.001250
280 0.001250
281 0.001250
282 0.001250
283 0.001250
284 0.001250
285 0.001250
286 0.001250
287 0.001250
288 0.001250
289 0.001250
290 0.001250
291 0.001250
292 0.001250
293 0.001250
294 0.001250
295 0.001250
296 0.001250
297 0.001250
298 0.001250
299 0.001250
300 0.001250
