1 0.032500
2 0.038750
3 0.031250
4 0.038750
5 0.031250
6 0.038750
7 0.030000
8 0.038750
9 0.030000
10 0.036250
11 0.030000
12 0.037500
13 0.030000
14 0.037500
15 0.030000
16 0.038750
17 0.030000
18 0.038750
19 0.030000
20 0.038750
21 0.031250
22 0.038750
23 0.031250
24 0.038750
25 0.031250
26 0.038750
27 0.032500
28 0.037500
29 0.032500
30 0.037500
31 0.032500
32 0.037500
33 0.032500
34 0.037500
35 0.032500
36 0.037500
37 0.032500
38 0.037500
39 0.032500
40 0.037500
41 0.032500
42 0.038750
43 0.032500
44 0.038750
45 0.032500
46 0.038750
47 0.032500
48 0.038750
49 0.033750
50 0.038750
51 0.033750
52 0.038750
53 0.033750
54 0.038750
55 0.033750
56 0.038750
57 0.033750
58 0.038750
59 0.033750
60 0.038750
61 0.033750
62 0.040000
63 0.033750
64 0.040000
65 0.033750
66 0.040000
67 0.033750
68 0.040000
69 0.033750
70 0.040000
71 0.033750
72 0.040000
73 0.033750
74 0.040000
75 0.033750
76 0.040000
77 0.033750
78 0.040000
79 0.033750
80 0.040000
81 0.033750
82 0.040000
83 0.033750
84 0.040000
85 0.033750
86 0.040000
87 0.033750
88 0.040000
89 0.033750
90 0.040000
91 0.033750
92 0.040000
93 0.033750
94 0.040000
95 0.033750
96 0.040000
97 0.033750
98 0.040000
99 0.033750
100 0.040000
101 0.030000
102 0.038750
103 0.030000
104 0.038750
105 0.030000
106 0.037500
107 0.031250
108 0.036250
109 0.031250
110 0.036250
111 0.031250
112 0.036250
113 0.030000
114 0.036250
115 0.028750
116 0.036250
117 0.030000
118 0.035000
119 0.030000
120 0.035000
121 0.030000
122 0.035000
123 0.030000
124 0.035000
125 0.030000
126 0.035000
127 0.030000
128 0.035000
129 0.030000
130 0.035000
131 0.030000
132 0.035000
133 0.030000
134 0.035000
135 0.030000
136 0.033750
137 0.030000
138 0.033750
139 0.030000
140 0.033750
141 0.030000
142 0.033750
143 0.030000
144 0.033750
145 0.030000
146 0.035000
147 0.030000
148 0.035000
149 0.030000
150 0.035000
151 0.030000
152 0.035000
153 0.030000
154 0.035000
155 0.030000
156 0.035000
157 0.030000
158 0.035000
159 0.030000
160 0.035000
161 0.030000
162 0.035000
163 0.030000
164 0.035000
165 0.030000
166 0.035000
167 0.030000
168 0.035000
169 0.030000
170 0.035000
171 0.030000
172 0.035000
173 0.030000
174 0.035000
175 0.030000
176 0.035000
177 0.030000
178 0.035000
179 0.030000
180 0.035000
181 0.030000
182 0.035000
183 0.030000
184 0.035000
185 0.030000
186 0.035000
187 0.030000
188 0.035000
189 0.030000
190 0.035000
191 0.030000
192 0.035000
193 0.030000
194 0.035000
195 0.030000
196 0.035000
197 0.030000
198 0.035000
199 0.030000
200 0.035000
201 0.028750
202 0.035000
203 0.028750
204 0.035000
205 0.028750
206 0.035000
207 0.030000
208 0.035000
209 0.030000
210 0.035000
211 0.030000
212 0.035000
213 0.030000
214 0.035000
215 0.030000
216 0.035000
217 0.030000
218 0.035000
219 0.030000
220 0.035000
221 0.030000
222 0.035000
223 0.030000
224 0.035000
225 0.031250
226 0.033750
227 0.031250
228 0.033750
229 0.031250
230 0.033750
231 0.031250
232 0.033750
233 0.031250
234 0.033750
235 0.031250
236 0.033750
237 0.031250
238 0.035000
239 0.031250
240 0.035000
241 0.031250
242 0.035000
243 0.031250
244 0.035000
245 0.031250
246 0.035000
247 0.031250
248 0.035000
249 0.031250
250 0.035000
251 0.031250
252 0.035000
253 0.031250
254 0.035000
255 0.031250
256 0.035000
257 0.031250
258 0.035000
259 0.031250
260 0.036250
261 0.031250
262 0.036250
263 0.031250
264 0.036250
265 0.031250
266 0.036250
267 0.031250
268 0.036250
269 0.031250
270 0.036250
271 0.031250
272 0.036250
273 0.031250
274 0.036250
275 0.031250
276 0.036250
277 0.031250
278 0.036250
279 0.031250
280 0.036250
281 0.031250
282 0.036250
283 0.031250
284 0.036250
285 0.031250
286 0.036250
287 0.031250
288 0.036250
289 0.031250
290 0.036250
291 0.031250
292 0.036250
293 0.031250
294 0.036250
295 0.031250
296 0.036250
297 0.031250
298 0.036250
299 0.031250
300 0.036250
