1 0.001250
2 0.001250
3 0.001250
4 0.001250
5 0.001250
6 0.001250
7 0.001250
8 0.001250
9 0.001250
10 0.001250
11 0.001250
12 0.001250
13 0.001250
14 0.001250
15 0.001250
16 0.001250
17 0.001250
18 0.001250
19 0.001250
20 0.001250
21 0.001250
22 0.001250
23 0.001250
24 0.001250
25 0.001250
26 0.001250
27 0.001250
28 0.001250
29 0.001250
30 0.001250
31 0.001250
32 0.001250
33 0.001250
34 0.001250
35 0.001250
36 0.001250
37 0.001250
38 0.001250
39 0.001250
40 0.001250
41 0.001250
42 0.001250
43 0.001250
44 0.001250
45 0.001250
46 0.001250
47 0.001250
48 0.001250
49 0.001250
50 0.001250
51 0.001250
52 0.001250
53 0.001250
54 0.001250
55 0.001250
56 0.001250
57 0.001250
58 0.001250
59 0.001250
60 0.001250
61 0.001250
62 0.001250
63 0.001250
64 0.001250
65 0.001250
66 0.001250
67 0.001250
68 0.001250
69 0.001250
70 0.001250
71 0.001250
72 0.001250
73 0.001250
74 0.001250
75 0.001250
76 0.001250
77 0.001250
78 0.001250
79 0.001250
80 0.001250
81 0.001250
82 0.001250
83 0.001250
84 0.001250
85 0.001250
86 0.001250
87 0.001250
88 0.001250
89 0.001250
90 0.001250
91 0.001250
92 0.001250
93 0.001250
94 0.001250
95 0.001250
96 0.001250
97 0.001250
98 0.001250
99 0.001250
100 0.001250
101 0.001250
102 0.001250
103 0.002500
104 0.001250
105 0.002500
106 0.001250
107 0.001250
108 0.001250
109 0.001250
110 0.001250
111 0.001250
112 0.001250
113 0.001250
114 0.001250
115 0.001250
116 0.001250
117 0.001250
118 0.001250
119 0.001250
120 0.001250
121 0.001250
122 0.001250
123 0.001250
124 0.001250
125 0.001250
126 0.001250
127 0.001250
128 0.001250
129 0.001250
130 0.001250
131 0.001250
132 0.001250
133 0.001250
134 0.001250
135 0.001250
136 0.001250
137 0.001250
138 0.001250
139 0.001250
140 0.001250
141 0.001250
142 0.001250
143 0.001250
144 0.001250
145 0.001250
146 0.001250
147 0.001250
148 0.001250
149 0.001250
150 0.001250
151 0.001250
152 0.001250
153 0.001250
154 0.001250
155 0.001250
156 0.001250
157 0.001250
158 0.001250
159 0.001250
160 0.001250
161 0.001250
162 0.001250
163 0.001250
164 0.001250
165 0.001250
166 0.001250
167 0.001250
168 0.001250
169 0.001250
170 0.001250
171 0.001250
172 0.001250
173 0.001250
174 0.001250
175 0.001250
176 0.001250
177 0.001250
178 0.001250
179 0.001250
180 0.001250
181 0.001250
182 0.001250
183 0.001250
184 0.001250
185 0.001250
186 0.001250
187 0.001250
188 0.001250
189 0.001250
190 0.001250
191 0.001250
192 0.001250
193 0.001250
194 0.001250
195 0.001250
196 0.001250
197 0.001250
198 0.001250
199 0.001250
200 0.001250
201 0.001250
202 0.001250
203 0.001250
204 0.001250
205 0.001250
206 0.001250
207 0.001250
208 0.001250
209 0.001250
210 0.001250
211 0.001250
212 0.001250
213 0.001250
214 0.001250
215 0.001250
216 0.001250
217 0.001250
218 0.001250
219 0.001250
220 0.001250
221 0.001250
222 0.001250
223 0.001250
224 0.001250
225 0.001250
226 0.001250
227 0.001250
228 0.001250
229 0.001250
230 0.001250
231 0.001250
232 0.001250
233 0.001250
234 0.001250
235 0.001250
236 0.001250
237 0.001250
238 0.001250
239 0.001250
240 0.001250
241 0.001250
242 0.001250
243 0.001250
244 0.001250
245 0.001250
246 0.001250
247 0.001250
248 0.001250
249 0.000000
250 0.001250
251 0.000000
252 0.001250
253 0.000000
254 0.001250
255 0.000000
256 0.001250
257 0.000000
258 0.001250
259 0.000000
260 0.001250
261 0.000000
262 0.001250
263 0.000000
264 0.001250
265 0.000000
266 0.001250
267 0.000000
268 0.001250
269 0.000000
270 0.001250
271 0.000000
272 0.001250
273 0.000000
274 0.001250
275 0.000000
276 0.001250
277 0.000000
278 0.001250
279 0.000000
280 0.001250
281 0.000000
282 0.001250
283 0.000000
284 0.001250
285 0.000000
286 0.001250
287 0.000000
288 0.001250
289 0.000000
290 0.001250
291 0.000000
292 0.001250
293 0.000000
294 0.001250
295 0.000000
296 0.001250
297 0.000000
298 0.001250
299 0.000000
300 0.001250
