1 8.144036e-02
2 8.136621e-02
3 8.127416e-02
4 8.127567e-02
5 8.127551e-02
6 8.127550e-02
7 8.127550e-02
8 8.127550e-02
9 8.127550e-02
10 8.127550e-02
11 8.127550e-02
12 8.127550e-02
13 8.127550e-02
14 8.127550e-02
15 8.127550e-02
16 8.127550e-02
17 8.127550e-02
18 8.127550e-02
19 8.127550e-02
20 8.127550e-02
21 8.127550e-02
22 8.127550e-02
23 8.127550e-02
24 8.127550e-02
25 8.127550e-02
26 8.127550e-02
27 8.127550e-02
28 8.127550e-02
29 8.127550e-02
30 8.127550e-02
31 8.127550e-02
32 8.127550e-02
33 8.127550e-02
34 8.127550e-02
35 8.127550e-02
36 8.127550e-02
37 8.127550e-02
38 8.127550e-02
39 8.127550e-02
40 8.127550e-02
41 8.127550e-02
42 8.127550e-02
43 8.127550e-02
44 8.127550e-02
45 8.127550e-02
46 8.127550e-02
47 8.127550e-02
48 8.127550e-02
49 8.127550e-02
50 8.127550e-02
51 8.127550e-02
52 8.127550e-02
53 8.127550e-02
54 8.127550e-02
55 8.127550e-02
56 8.127550e-02
57 8.127550e-02
58 8.127550e-02
59 8.127550e-02
60 8.127550e-02
61 8.127550e-02
62 8.127550e-02
63 8.127550e-02
64 8.127550e-02
65 8.127550e-02
66 8.127550e-02
67 8.127550e-02
68 8.127550e-02
69 8.127550e-02
70 8.127550e-02
71 8.127550e-02
72 8.127550e-02
73 8.127550e-02
74 8.127550e-02
75 8.127550e-02
76 8.127550e-02
77 8.127550e-02
78 8.127550e-02
79 8.127550e-02
80 8.127550e-02
81 8.127550e-02
82 8.127550e-02
83 8.127550e-02
84 8.127550e-02
85 8.127550e-02
86 8.127550e-02
87 8.127550e-02
88 8.127550e-02
89 8.127550e-02
90 8.127550e-02
91 8.127550e-02
92 8.127550e-02
93 8.127550e-02
94 8.127550e-02
95 8.127550e-02
96 8.127550e-02
97 8.127550e-02
98 8.127550e-02
99 8.127550e-02
100 8.127550e-02
101 8.083958e-02
102 8.093540e-02
103 8.093307e-02
104 8.093323e-02
105 8.093323e-02
106 8.093323e-02
107 8.093323e-02
108 8.093323e-02
109 8.093323e-02
110 8.093323e-02
111 8.093323e-02
112 8.093323e-02
113 8.093323e-02
114 8.093323e-02
115 8.093323e-02
116 8.093323e-02
117 8.093323e-02
118 8.093323e-02
119 8.093323e-02
120 8.093323e-02
121 8.093323e-02
122 8.093323e-02
123 8.093323e-02
124 8.093323e-02
125 8.093323e-02
126 8.093323e-02
127 8.093323e-02
128 8.093323e-02
129 8.093323e-02
130 8.093323e-02
131 8.093323e-02
132 8.093323e-02
133 8.093323e-02
134 8.093323e-02
135 8.093323e-02
136 8.093323e-02
137 8.093323e-02
138 8.093323e-02
139 8.093323e-02
140 8.093323e-02
141 8.093323e-02
142 8.093323e-02
143 8.093323e-02
144 8.093323e-02
145 8.093323e-02
146 8.093323e-02
147 8.093323e-02
148 8.093323e-02
149 8.093323e-02
150 8.093323e-02
151 8.093323e-02
152 8.093323e-02
153 8.093323e-02
154 8.093323e-02
155 8.093323e-02
156 8.093323e-02
157 8.093323e-02
158 8.093323e-02
159 8.093323e-02
160 8.093323e-02
161 8.093323e-02
162 8.093323e-02
163 8.093323e-02
164 8.093323e-02
165 8.093323e-02
166 8.093323e-02
167 8.093323e-02
168 8.093323e-02
169 8.093323e-02
170 8.093323e-02
171 8.093323e-02
172 8.093323e-02
173 8.093323e-02
174 8.093323e-02
175 8.093323e-02
176 8.093323e-02
177 8.093323e-02
178 8.093323e-02
179 8.093323e-02
180 8.093323e-02
181 8.093323e-02
182 8.093323e-02
183 8.093323e-02
184 8.093323e-02
185 8.093323e-02
186 8.093323e-02
187 8.093323e-02
188 8.093323e-02
189 8.093323e-02
190 8.093323e-02
191 8.093323e-02
192 8.093323e-02
193 8.093323e-02
194 8.093323e-02
195 8.093323e-02
196 8.093323e-02
197 8.093323e-02
198 8.093323e-02
199 8.093323e-02
200 8.093323e-02
201 7.937541e-02
202 7.934394e-02
203 7.934523e-02
204 7.934527e-02
205 7.934527e-02
206 7.934527e-02
207 7.934527e-02
208 7.934527e-02
209 7.934527e-02
210 7.934527e-02
211 7.934527e-02
212 7.934527e-02
213 7.934527e-02
214 7.934527e-02
215 7.934527e-02
216 7.934527e-02
217 7.934527e-02
218 7.934527e-02
219 7.934527e-02
220 7.934527e-02
221 7.934527e-02
222 7.934527e-02
223 7.934527e-02
224 7.934527e-02
225 7.934527e-02
226 7.934527e-02
227 7.934527e-02
228 7.934527e-02
229 7.934527e-02
230 7.934527e-02
231 7.934527e-02
232 7.934527e-02
233 7.934527e-02
234 7.934527e-02
235 7.934527e-02
236 7.934527e-02
237 7.934527e-02
238 7.934527e-02
239 7.934527e-02
240 7.934527e-02
241 7.934527e-02
242 7.934527e-02
243 7.934527e-02
244 7.934527e-02
245 7.934527e-02
246 7.934527e-02
247 7.934527e-02
248 7.934527e-02
249 7.934527e-02
250 7.934527e-02
251 7.934527e-02
252 7.934527e-02
253 7.934527e-02
254 7.934527e-02
255 7.934527e-02
256 7.934527e-02
257 7.934527e-02
258 7.934527e-02
259 7.934527e-02
260 7.934527e-02
261 7.934527e-02
262 7.934527e-02
263 7.934527e-02
264 7.934527e-02
265 7.934527e-02
266 7.934527e-02
267 7.934527e-02
268 7.934527e-02
269 7.934527e-02
270 7.934527e-02
271 7.934527e-02
272 7.934527e-02
273 7.934527e-02
274 7.934527e-02
275 7.934527e-02
276 7.934527e-02
277 7.934527e-02
278 7.934527e-02
279 7.934527e-02
280 7.934527e-02
281 7.934527e-02
282 7.934527e-02
283 7.934527e-02
284 7.934527e-02
285 7.934527e-02
286 7.934527e-02
287 7.934527e-02
288 7.934527e-02
289 7.934527e-02
290 7.934527e-02
291 7.934527e-02
292 7.934527e-02
293 7.934527e-02
294 7.934527e-02
295 7.934527e-02
296 7.934527e-02
297 7.934527e-02
298 7.934527e-02
299 7.934527e-02
300 7.934527e-02
