1 1.801333e-01
2 1.808923e-01
3 1.805339e-01
4 1.805334e-01
5 1.805332e-01
6 1.805332e-01
7 1.805332e-01
8 1.805332e-01
9 1.805332e-01
10 1.805332e-01
11 1.805332e-01
12 1.805332e-01
13 1.805332e-01
14 1.805332e-01
15 1.805332e-01
16 1.805332e-01
17 1.805332e-01
18 1.805332e-01
19 1.805332e-01
20 1.805332e-01
21 1.805332e-01
22 1.805332e-01
23 1.805332e-01
24 1.805332e-01
25 1.805332e-01
26 1.805332e-01
27 1.805332e-01
28 1.805332e-01
29 1.805332e-01
30 1.805332e-01
31 1.805332e-01
32 1.805332e-01
33 1.805332e-01
34 1.805332e-01
35 1.805332e-01
36 1.805332e-01
37 1.805332e-01
38 1.805332e-01
39 1.805332e-01
40 1.805332e-01
41 1.805332e-01
42 1.805332e-01
43 1.805332e-01
44 1.805332e-01
45 1.805332e-01
46 1.805332e-01
47 1.805332e-01
48 1.805332e-01
49 1.805332e-01
50 1.805332e-01
51 1.805332e-01
52 1.805332e-01
53 1.805332e-01
54 1.805332e-01
55 1.805332e-01
56 1.805332e-01
57 1.805332e-01
58 1.805332e-01
59 1.805332e-01
60 1.805332e-01
61 1.805332e-01
62 1.805332e-01
63 1.805332e-01
64 1.805332e-01
65 1.805332e-01
66 1.805332e-01
67 1.805332e-01
68 1.805332e-01
69 1.805332e-01
70 1.805332e-01
71 1.805332e-01
72 1.805332e-01
73 1.805332e-01
74 1.805332e-01
75 1.805332e-01
76 1.805332e-01
77 1.805332e-01
78 1.805332e-01
79 1.805332e-01
80 1.805332e-01
81 1.805332e-01
82 1.805332e-01
83 1.805332e-01
84 1.805332e-01
85 1.805332e-01
86 1.805332e-01
87 1.805332e-01
88 1.805332e-01
89 1.805332e-01
90 1.805332e-01
91 1.805332e-01
92 1.805332e-01
93 1.805332e-01
94 1.805332e-01
95 1.805332e-01
96 1.805332e-01
97 1.805332e-01
98 1.805332e-01
99 1.805332e-01
100 1.805332e-01
101 2.141341e-01
102 2.183442e-01
103 2.187148e-01
104 2.187515e-01
105 2.187556e-01
106 2.187560e-01
107 2.187561e-01
108 2.187561e-01
109 2.187561e-01
110 2.187561e-01
111 2.187561e-01
112 2.187561e-01
113 2.187561e-01
114 2.187561e-01
115 2.187561e-01
116 2.187561e-01
117 2.187561e-01
118 2.187561e-01
119 2.187561e-01
120 2.187561e-01
121 2.187561e-01
122 2.187561e-01
123 2.187561e-01
124 2.187561e-01
125 2.187561e-01
126 2.187561e-01
127 2.187561e-01
128 2.187561e-01
129 2.187561e-01
130 2.187561e-01
131 2.187561e-01
132 2.187561e-01
133 2.187561e-01
134 2.187561e-01
135 2.187561e-01
136 2.187561e-01
137 2.187561e-01
138 2.187561e-01
139 2.187561e-01
140 2.187561e-01
141 2.187561e-01
142 2.187561e-01
143 2.187561e-01
144 2.187561e-01
145 2.187561e-01
146 2.187561e-01
147 2.187561e-01
148 2.187561e-01
149 2.187561e-01
150 2.187561e-01
151 2.187561e-01
152 2.187561e-01
153 2.187561e-01
154 2.187561e-01
155 2.187561e-01
156 2.187561e-01
157 2.187561e-01
158 2.187561e-01
159 2.187561e-01
160 2.187561e-01
161 2.187561e-01
162 2.187561e-01
163 2.187561e-01
164 2.187561e-01
165 2.187561e-01
166 2.187561e-01
167 2.187561e-01
168 2.187561e-01
169 2.187561e-01
170 2.187561e-01
171 2.187561e-01
172 2.187561e-01
173 2.187561e-01
174 2.187561e-01
175 2.187561e-01
176 2.187561e-01
177 2.187561e-01
178 2.187561e-01
179 2.187561e-01
180 2.187561e-01
181 2.187561e-01
182 2.187561e-01
183 2.187561e-01
184 2.187561e-01
185 2.187561e-01
186 2.187561e-01
187 2.187561e-01
188 2.187561e-01
189 2.187561e-01
190 2.187561e-01
191 2.187561e-01
192 2.187561e-01
193 2.187561e-01
194 2.187561e-01
195 2.187561e-01
196 2.187561e-01
197 2.187561e-01
198 2.187561e-01
199 2.187561e-01
200 2.187561e-01
201 2.087453e-01
202 2.081527e-01
203 2.081228e-01
204 2.081207e-01
205 2.081206e-01
206 2.081205e-01
207 2.081205e-01
208 2.081205e-01
209 2.081205e-01
210 2.081205e-01
211 2.081205e-01
212 2.081205e-01
213 2.081205e-01
214 2.081205e-01
215 2.081205e-01
216 2.081205e-01
217 2.081205e-01
218 2.081205e-01
219 2.081205e-01
220 2.081205e-01
221 2.081205e-01
222 2.081205e-01
223 2.081205e-01
224 2.081205e-01
225 2.081205e-01
226 2.081205e-01
227 2.081205e-01
228 2.081205e-01
229 2.081205e-01
230 2.081205e-01
231 2.081205e-01
232 2.081205e-01
233 2.081205e-01
234 2.081205e-01
235 2.081205e-01
236 2.081205e-01
237 2.081205e-01
238 2.081205e-01
239 2.081205e-01
240 2.081205e-01
241 2.081205e-01
242 2.081205e-01
243 2.081205e-01
244 2.081205e-01
245 2.081205e-01
246 2.081205e-01
247 2.081205e-01
248 2.081205e-01
249 2.081205e-01
250 2.081205e-01
251 2.081205e-01
252 2.081205e-01
253 2.081205e-01
254 2.081205e-01
255 2.081205e-01
256 2.081205e-01
257 2.081205e-01
258 2.081205e-01
259 2.081205e-01
260 2.081205e-01
261 2.081205e-01
262 2.081205e-01
263 2.081205e-01
264 2.081205e-01
265 2.081205e-01
266 2.081205e-01
267 2.081205e-01
268 2.081205e-01
269 2.081205e-01
270 2.081205e-01
271 2.081205e-01
272 2.081205e-01
273 2.081205e-01
274 2.081205e-01
275 2.081205e-01
276 2.081205e-01
277 2.081205e-01
278 2.081205e-01
279 2.081205e-01
280 2.081205e-01
281 2.081205e-01
282 2.081205e-01
283 2.081205e-01
284 2.081205e-01
285 2.081205e-01
286 2.081205e-01
287 2.081205e-01
288 2.081205e-01
289 2.081205e-01
290 2.081205e-01
291 2.081205e-01
292 2.081205e-01
293 2.081205e-01
294 2.081205e-01
295 2.081205e-01
296 2.081205e-01
297 2.081205e-01
298 2.081205e-01
299 2.081205e-01
300 2.081205e-01
