1 7.421529e-02
2 7.429694e-02
3 7.415950e-02
4 7.415462e-02
5 7.415398e-02
6 7.415400e-02
7 7.415400e-02
8 7.415400e-02
9 7.415400e-02
10 7.415400e-02
11 7.415400e-02
12 7.415400e-02
13 7.415400e-02
14 7.415400e-02
15 7.415400e-02
16 7.415400e-02
17 7.415400e-02
18 7.415400e-02
19 7.415400e-02
20 7.415400e-02
21 7.415400e-02
22 7.415400e-02
23 7.415400e-02
24 7.415400e-02
25 7.415400e-02
26 7.415400e-02
27 7.415400e-02
28 7.415400e-02
29 7.415400e-02
30 7.415400e-02
31 7.415400e-02
32 7.415400e-02
33 7.415400e-02
34 7.415400e-02
35 7.415400e-02
36 7.415400e-02
37 7.415400e-02
38 7.415400e-02
39 7.415400e-02
40 7.415400e-02
41 7.415400e-02
42 7.415400e-02
43 7.415400e-02
44 7.415400e-02
45 7.415400e-02
46 7.415400e-02
47 7.415400e-02
48 7.415400e-02
49 7.415400e-02
50 7.415400e-02
51 7.415400e-02
52 7.415400e-02
53 7.415400e-02
54 7.415400e-02
55 7.415400e-02
56 7.415400e-02
57 7.415400e-02
58 7.415400e-02
59 7.415400e-02
60 7.415400e-02
61 7.415400e-02
62 7.415400e-02
63 7.415400e-02
64 7.415400e-02
65 7.415400e-02
66 7.415400e-02
67 7.415400e-02
68 7.415400e-02
69 7.415400e-02
70 7.415400e-02
71 7.415400e-02
72 7.415400e-02
73 7.415400e-02
74 7.415400e-02
75 7.415400e-02
76 7.415400e-02
77 7.415400e-02
78 7.415400e-02
79 7.415400e-02
80 7.415400e-02
81 7.415400e-02
82 7.415400e-02
83 7.415400e-02
84 7.415400e-02
85 7.415400e-02
86 7.415400e-02
87 7.415400e-02
88 7.415400e-02
89 7.415400e-02
90 7.415400e-02
91 7.415400e-02
92 7.415400e-02
93 7.415400e-02
94 7.415400e-02
95 7.415400e-02
96 7.415400e-02
97 7.415400e-02
98 7.415400e-02
99 7.415400e-02
100 7.415400e-02
101 7.282236e-02
102 7.284404e-02
103 7.284126e-02
104 7.284125e-02
105 7.284122e-02
106 7.284122e-02
107 7.284122e-02
108 7.284122e-02
109 7.284122e-02
110 7.284122e-02
111 7.284122e-02
112 7.284122e-02
113 7.284122e-02
114 7.284122e-02
115 7.284122e-02
116 7.284122e-02
117 7.284122e-02
118 7.284122e-02
119 7.284122e-02
120 7.284122e-02
121 7.284122e-02
122 7.284122e-02
123 7.284122e-02
124 7.284122e-02
125 7.284122e-02
126 7.284122e-02
127 7.284122e-02
128 7.284122e-02
129 7.284122e-02
130 7.284122e-02
131 7.284122e-02
132 7.284122e-02
133 7.284122e-02
134 7.284122e-02
135 7.284122e-02
136 7.284122e-02
137 7.284122e-02
138 7.284122e-02
139 7.284122e-02
140 7.284122e-02
141 7.284122e-02
142 7.284122e-02
143 7.284122e-02
144 7.284122e-02
145 7.284122e-02
146 7.284122e-02
147 7.284122e-02
148 7.284122e-02
149 7.284122e-02
150 7.284122e-02
151 7.284122e-02
152 7.284122e-02
153 7.284122e-02
154 7.284122e-02
155 7.284122e-02
156 7.284122e-02
157 7.284122e-02
158 7.284122e-02
159 7.284122e-02
160 7.284122e-02
161 7.284122e-02
162 7.284122e-02
163 7.284122e-02
164 7.284122e-02
165 7.284122e-02
166 7.284122e-02
167 7.284122e-02
168 7.284122e-02
169 7.284122e-02
170 7.284122e-02
171 7.284122e-02
172 7.284122e-02
173 7.284122e-02
174 7.284122e-02
175 7.284122e-02
176 7.284122e-02
177 7.284122e-02
178 7.284122e-02
179 7.284122e-02
180 7.284122e-02
181 7.284122e-02
182 7.284122e-02
183 7.284122e-02
184 7.284122e-02
185 7.284122e-02
186 7.284122e-02
187 7.284122e-02
188 7.284122e-02
189 7.284122e-02
190 7.284122e-02
191 7.284122e-02
192 7.284122e-02
193 7.284122e-02
194 7.284122e-02
195 7.284122e-02
196 7.284122e-02
197 7.284122e-02
198 7.284122e-02
199 7.284122e-02
200 7.284122e-02
201 7.151139e-02
202 7.148988e-02
203 7.149069e-02
204 7.149074e-02
205 7.149074e-02
206 7.149074e-02
207 7.149074e-02
208 7.149074e-02
209 7.149074e-02
210 7.149074e-02
211 7.149074e-02
212 7.149074e-02
213 7.149074e-02
214 7.149074e-02
215 7.149074e-02
216 7.149074e-02
217 7.149074e-02
218 7.149074e-02
219 7.149074e-02
220 7.149074e-02
221 7.149074e-02
222 7.149074e-02
223 7.149074e-02
224 7.149074e-02
225 7.149074e-02
226 7.149074e-02
227 7.149074e-02
228 7.149074e-02
229 7.149074e-02
230 7.149074e-02
231 7.149074e-02
232 7.149074e-02
233 7.149074e-02
234 7.149074e-02
235 7.149074e-02
236 7.149074e-02
237 7.149074e-02
238 7.149074e-02
239 7.149074e-02
240 7.149074e-02
241 7.149074e-02
242 7.149074e-02
243 7.149074e-02
244 7.149074e-02
245 7.149074e-02
246 7.149074e-02
247 7.149074e-02
248 7.149074e-02
249 7.149074e-02
250 7.149074e-02
251 7.149074e-02
252 7.149074e-02
253 7.149074e-02
254 7.149074e-02
255 7.149074e-02
256 7.149074e-02
257 7.149074e-02
258 7.149074e-02
259 7.149074e-02
260 7.149074e-02
261 7.149074e-02
262 7.149074e-02
263 7.149074e-02
264 7.149074e-02
265 7.149074e-02
266 7.149074e-02
267 7.149074e-02
268 7.149074e-02
269 7.149074e-02
270 7.149074e-02
271 7.149074e-02
272 7.149074e-02
273 7.149074e-02
274 7.149074e-02
275 7.149074e-02
276 7.149074e-02
277 7.149074e-02
278 7.149074e-02
279 7.149074e-02
280 7.149074e-02
281 7.149074e-02
282 7.149074e-02
283 7.149074e-02
284 7.149074e-02
285 7.149074e-02
286 7.149074e-02
287 7.149074e-02
288 7.149074e-02
289 7.149074e-02
290 7.149074e-02
291 7.149074e-02
292 7.149074e-02
293 7.149074e-02
294 7.149074e-02
295 7.149074e-02
296 7.149074e-02
297 7.149074e-02
298 7.149074e-02
299 7.149074e-02
300 7.149074e-02
