1 2.776449e-02
2 2.746254e-02
3 2.740633e-02
4 2.740566e-02
5 2.740549e-02
6 2.740549e-02
7 2.740549e-02
8 2.740549e-02
9 2.740549e-02
10 2.740549e-02
11 2.740549e-02
12 2.740549e-02
13 2.740549e-02
14 2.740549e-02
15 2.740549e-02
16 2.740549e-02
17 2.740549e-02
18 2.740549e-02
19 2.740549e-02
20 2.740549e-02
21 2.740549e-02
22 2.740549e-02
23 2.740549e-02
24 2.740549e-02
25 2.740549e-02
26 2.740549e-02
27 2.740549e-02
28 2.740549e-02
29 2.740549e-02
30 2.740549e-02
31 2.740549e-02
32 2.740549e-02
33 2.740549e-02
34 2.740549e-02
35 2.740549e-02
36 2.740549e-02
37 2.740549e-02
38 2.740549e-02
39 2.740549e-02
40 2.740549e-02
41 2.740549e-02
42 2.740549e-02
43 2.740549e-02
44 2.740549e-02
45 2.740549e-02
46 2.740549e-02
47 2.740549e-02
48 2.740549e-02
49 2.740549e-02
50 2.740549e-02
51 2.740549e-02
52 2.740549e-02
53 2.740549e-02
54 2.740549e-02
55 2.740549e-02
56 2.740549e-02
57 2.740549e-02
58 2.740549e-02
59 2.740549e-02
60 2.740549e-02
61 2.740549e-02
62 2.740549e-02
63 2.740549e-02
64 2.740549e-02
65 2.740549e-02
66 2.740549e-02
67 2.740549e-02
68 2.740549e-02
69 2.740549e-02
70 2.740549e-02
71 2.740549e-02
72 2.740549e-02
73 2.740549e-02
74 2.740549e-02
75 2.740549e-02
76 2.740549e-02
77 2.740549e-02
78 2.740549e-02
79 2.740549e-02
80 2.740549e-02
81 2.740549e-02
82 2.740549e-02
83 2.740549e-02
84 2.740549e-02
85 2.740549e-02
86 2.740549e-02
87 2.740549e-02
88 2.740549e-02
89 2.740549e-02
90 2.740549e-02
91 2.740549e-02
92 2.740549e-02
93 2.740549e-02
94 2.740549e-02
95 2.740549e-02
96 2.740549e-02
97 2.740549e-02
98 2.740549e-02
99 2.740549e-02
100 2.740549e-02
101 2.484634e-02
102 2.483451e-02
103 2.483446e-02
104 2.483447e-02
105 2.483447e-02
106 2.483447e-02
107 2.483447e-02
108 2.483447e-02
109 2.483447e-02
110 2.483447e-02
111 2.483447e-02
112 2.483447e-02
113 2.483447e-02
114 2.483447e-02
115 2.483447e-02
116 2.483447e-02
117 2.483447e-02
118 2.483447e-02
119 2.483447e-02
120 2.483447e-02
121 2.483447e-02
122 2.483447e-02
123 2.483447e-02
124 2.483447e-02
125 2.483447e-02
126 2.483447e-02
127 2.483447e-02
128 2.483447e-02
129 2.483447e-02
130 2.483447e-02
131 2.483447e-02
132 2.483447e-02
133 2.483447e-02
134 2.483447e-02
135 2.483447e-02
136 2.483447e-02
137 2.483447e-02
138 2.483447e-02
139 2.483447e-02
140 2.483447e-02
141 2.483447e-02
142 2.483447e-02
143 2.483447e-02
144 2.483447e-02
145 2.483447e-02
146 2.483447e-02
147 2.483447e-02
148 2.483447e-02
149 2.483447e-02
150 2.483447e-02
151 2.483447e-02
152 2.483447e-02
153 2.483447e-02
154 2.483447e-02
155 2.483447e-02
156 2.483447e-02
157 2.483447e-02
158 2.483447e-02
159 2.483447e-02
160 2.483447e-02
161 2.483447e-02
162 2.483447e-02
163 2.483447e-02
164 2.483447e-02
165 2.483447e-02
166 2.483447e-02
167 2.483447e-02
168 2.483447e-02
169 2.483447e-02
170 2.483447e-02
171 2.483447e-02
172 2.483447e-02
173 2.483447e-02
174 2.483447e-02
175 2.483447e-02
176 2.483447e-02
177 2.483447e-02
178 2.483447e-02
179 2.483447e-02
180 2.483447e-02
181 2.483447e-02
182 2.483447e-02
183 2.483447e-02
184 2.483447e-02
185 2.483447e-02
186 2.483447e-02
187 2.483447e-02
188 2.483447e-02
189 2.483447e-02
190 2.483447e-02
191 2.483447e-02
192 2.483447e-02
193 2.483447e-02
194 2.483447e-02
195 2.483447e-02
196 2.483447e-02
197 2.483447e-02
198 2.483447e-02
199 2.483447e-02
200 2.483447e-02
201 2.481907e-02
202 2.481885e-02
203 2.481886e-02
204 2.481886e-02
205 2.481887e-02
206 2.481887e-02
207 2.481887e-02
208 2.481887e-02
209 2.481887e-02
210 2.481887e-02
211 2.481887e-02
212 2.481887e-02
213 2.481887e-02
214 2.481887e-02
215 2.481887e-02
216 2.481887e-02
217 2.481887e-02
218 2.481887e-02
219 2.481887e-02
220 2.481887e-02
221 2.481887e-02
222 2.481887e-02
223 2.481887e-02
224 2.481887e-02
225 2.481887e-02
226 2.481887e-02
227 2.481887e-02
228 2.481887e-02
229 2.481887e-02
230 2.481887e-02
231 2.481887e-02
232 2.481887e-02
233 2.481887e-02
234 2.481887e-02
235 2.481887e-02
236 2.481887e-02
237 2.481887e-02
238 2.481887e-02
239 2.481887e-02
240 2.481887e-02
241 2.481887e-02
242 2.481887e-02
243 2.481887e-02
244 2.481887e-02
245 2.481887e-02
246 2.481887e-02
247 2.481887e-02
248 2.481887e-02
249 2.481887e-02
250 2.481887e-02
251 2.481887e-02
252 2.481887e-02
253 2.481887e-02
254 2.481887e-02
255 2.481887e-02
256 2.481887e-02
257 2.481887e-02
258 2.481887e-02
259 2.481887e-02
260 2.481887e-02
261 2.481887e-02
262 2.481887e-02
263 2.481887e-02
264 2.481887e-02
265 2.481887e-02
266 2.481887e-02
267 2.481887e-02
268 2.481887e-02
269 2.481887e-02
270 2.481887e-02
271 2.481887e-02
272 2.481887e-02
273 2.481887e-02
274 2.481887e-02
275 2.481887e-02
276 2.481887e-02
277 2.481887e-02
278 2.481887e-02
279 2.481887e-02
280 2.481887e-02
281 2.481887e-02
282 2.481887e-02
283 2.481887e-02
284 2.481887e-02
285 2.481887e-02
286 2.481887e-02
287 2.481887e-02
288 2.481887e-02
289 2.481887e-02
290 2.481887e-02
291 2.481887e-02
292 2.481887e-02
293 2.481887e-02
294 2.481887e-02
295 2.481887e-02
296 2.481887e-02
297 2.481887e-02
298 2.481887e-02
299 2.481887e-02
300 2.481887e-02
