1 0.319003
2 0.354838
3 0.336072
4 0.326126
5 0.327866
6 0.329906
7 0.330741
8 0.330570
9 0.330497
10 0.330791
11 0.245958
12 0.232497
13 0.232680
14 0.233117
15 0.232876
16 0.232778
17 0.232792
18 0.232800
19 0.232801
20 0.232799
21 0.193889
22 0.187976
23 0.188405
24 0.188684
25 0.188615
26 0.188572
27 0.188580
28 0.188588
29 0.188587
30 0.188585
31 0.164643
32 0.161073
33 0.161137
34 0.161065
35 0.161028
36 0.161030
37 0.161040
38 0.161047
39 0.161049
40 0.161050
41 0.144509
42 0.141982
43 0.142260
44 0.142380
45 0.142371
46 0.142352
47 0.142341
48 0.142340
49 0.142339
50 0.142338
51 0.130915
52 0.129563
53 0.129894
54 0.130010
55 0.129994
56 0.129983
57 0.129990
58 0.129989
59 0.129987
60 0.129987
61 0.121751
62 0.120872
63 0.121141
64 0.121239
65 0.121270
66 0.121285
67 0.121288
68 0.121286
69 0.121284
70 0.121284
71 0.114517
72 0.113936
73 0.114271
74 0.114418
75 0.114469
76 0.114464
77 0.114460
78 0.114463
79 0.114462
80 0.114461
81 0.108940
82 0.108480
83 0.108793
84 0.108886
85 0.108891
86 0.108887
87 0.108886
88 0.108886
89 0.108883
90 0.108882
91 0.104256
92 0.103821
93 0.104025
94 0.104114
95 0.104133
96 0.104132
97 0.104132
98 0.104132
99 0.104132
100 0.104132
