1 0.327519
2 0.356849
3 0.336670
4 0.326742
5 0.328081
6 0.330390
7 0.331299
8 0.331032
9 0.330828
10 0.330923
11 0.251861
12 0.245266
13 0.247242
14 0.247244
15 0.247060
16 0.247017
17 0.247011
18 0.247015
19 0.247014
20 0.247012
21 0.206915
22 0.204425
23 0.206462
24 0.206379
25 0.206236
26 0.206235
27 0.206231
28 0.206233
29 0.206234
30 0.206234
31 0.184939
32 0.184781
33 0.186305
34 0.186298
35 0.186251
36 0.186248
37 0.186241
38 0.186241
39 0.186240
40 0.186239
41 0.172702
42 0.173442
43 0.174714
44 0.174743
45 0.174715
46 0.174703
47 0.174694
48 0.174693
49 0.174693
50 0.174693
51 0.164629
52 0.165632
53 0.166808
54 0.166896
55 0.166889
56 0.166878
57 0.166867
58 0.166865
59 0.166864
60 0.166864
61 0.158960
62 0.160089
63 0.161209
64 0.161333
65 0.161333
66 0.161325
67 0.161317
68 0.161315
69 0.161314
70 0.161314
71 0.154749
72 0.155866
73 0.156902
74 0.157070
75 0.157085
76 0.157075
77 0.157068
78 0.157065
79 0.157063
80 0.157063
81 0.151736
82 0.152983
83 0.153999
84 0.154194
85 0.154216
86 0.154203
87 0.154195
88 0.154193
89 0.154192
90 0.154192
91 0.149451
92 0.150715
93 0.151704
94 0.151904
95 0.151934
96 0.151926
97 0.151918
98 0.151916
99 0.151915
100 0.151915
