1 0.282134
2 0.333864
3 0.312813
4 0.298457
5 0.300120
6 0.302791
7 0.303695
8 0.302888
9 0.302270
10 0.302370
11 0.277956
12 0.233696
13 0.226059
14 0.229173
15 0.227771
16 0.227434
17 0.227364
18 0.227348
19 0.227359
20 0.227350
21 0.182273
22 0.172124
23 0.170947
24 0.171071
25 0.170863
26 0.170778
27 0.170771
28 0.170767
29 0.170771
30 0.170772
31 0.143259
32 0.136726
33 0.136009
34 0.136112
35 0.135960
36 0.135929
37 0.135931
38 0.135926
39 0.135928
40 0.135928
41 0.110597
42 0.104525
43 0.103464
44 0.103330
45 0.103256
46 0.103230
47 0.103216
48 0.103211
49 0.103215
50 0.103219
51 0.083584
52 0.078841
53 0.077906
54 0.077783
55 0.077742
56 0.077745
57 0.077760
58 0.077764
59 0.077763
60 0.077762
61 0.063069
62 0.059334
63 0.058730
64 0.058680
65 0.058664
66 0.058671
67 0.058667
68 0.058666
69 0.058668
70 0.058667
71 0.046720
72 0.043696
73 0.043065
74 0.042943
75 0.042928
76 0.042926
77 0.042926
78 0.042929
79 0.042931
80 0.042932
81 0.035655
82 0.033750
83 0.033406
84 0.033369
85 0.033369
86 0.033375
87 0.033376
88 0.033375
89 0.033375
90 0.033374
91 0.029267
92 0.028350
93 0.028166
94 0.028107
95 0.028092
96 0.028091
97 0.028091
98 0.028090
99 0.028090
100 0.028090
