1 0.152760
2 0.335755
3 0.158594
4 0.374141
5 0.170469
6 0.391354
7 0.185729
8 0.400000
9 0.195781
10 0.403958
11 0.202917
12 0.405807
13 0.206797
14 0.406510
15 0.210182
16 0.407005
17 0.212083
18 0.407344
19 0.213542
20 0.407500
21 0.214635
22 0.407396
23 0.215599
24 0.407266
25 0.216276
26 0.407161
27 0.216745
28 0.407109
29 0.217240
30 0.407266
31 0.217500
32 0.407292
33 0.217786
34 0.407240
35 0.218203
36 0.407370
37 0.218464
38 0.407604
39 0.218724
40 0.407500
41 0.218880
42 0.407396
43 0.219062
44 0.407422
45 0.219219
46 0.407474
47 0.219375
48 0.407396
49 0.219453
50 0.407396
51 0.219505
52 0.407370
53 0.219531
54 0.407344
55 0.219635
56 0.407344
57 0.219792
58 0.407344
59 0.219818
60 0.407396
61 0.219896
62 0.407318
63 0.219948
64 0.407318
65 0.219948
66 0.407266
67 0.220052
68 0.407292
69 0.220078
70 0.407318
71 0.220130
72 0.407344
73 0.220156
74 0.407344
75 0.220260
76 0.407318
77 0.220339
78 0.407344
79 0.220339
80 0.407370
81 0.220339
82 0.407370
83 0.220339
84 0.407396
85 0.220365
86 0.407396
87 0.220417
88 0.407344
89 0.220417
90 0.407344
91 0.220469
92 0.407370
93 0.220443
94 0.407370
95 0.220469
96 0.407344
97 0.220495
98 0.407344
99 0.220495
100 0.407344
101 0.196615
102 0.282656
103 0.202526
104 0.278490
105 0.208906
106 0.278073
107 0.213958
108 0.278542
109 0.217031
110 0.278724
111 0.218984
112 0.278333
113 0.221198
114 0.277630
115 0.222839
116 0.276771
117 0.224193
118 0.276510
119 0.224479
120 0.275859
121 0.225156
122 0.275234
123 0.225859
124 0.274896
125 0.226458
126 0.274844
127 0.227005
128 0.274479
129 0.227057
130 0.274531
131 0.227344
132 0.274505
133 0.227682
134 0.274219
135 0.227995
136 0.274062
137 0.228411
138 0.273906
139 0.228542
140 0.273880
141 0.228411
142 0.273854
143 0.228646
144 0.273568
145 0.228828
146 0.273464
147 0.229141
148 0.273464
149 0.229089
150 0.273490
151 0.229297
152 0.273516
153 0.229193
154 0.273281
155 0.229297
156 0.273411
157 0.229297
158 0.273255
159 0.229297
160 0.273099
161 0.229323
162 0.273021
163 0.229401
164 0.273047
165 0.229349
166 0.273047
167 0.229297
168 0.273047
169 0.229245
170 0.273099
171 0.229323
172 0.273177
173 0.229245
174 0.273099
175 0.229401
176 0.273151
177 0.229583
178 0.273359
179 0.229609
180 0.273333
181 0.229635
182 0.273333
183 0.229635
184 0.273359
185 0.229609
186 0.273333
187 0.229661
188 0.273516
189 0.229766
190 0.273411
191 0.229792
192 0.273438
193 0.229844
194 0.273438
195 0.229948
196 0.273385
197 0.229948
198 0.273385
199 0.230026
200 0.273229
201 0.151927
202 0.225182
203 0.157396
204 0.220182
205 0.160547
206 0.217526
207 0.163464
208 0.217031
209 0.166458
210 0.216068
211 0.168411
212 0.214766
213 0.169609
214 0.214531
215 0.171016
216 0.213984
217 0.172109
218 0.213776
219 0.172760
220 0.213177
221 0.173437
222 0.212682
223 0.174219
224 0.212526
225 0.174349
226 0.212578
227 0.174818
228 0.212240
229 0.175026
230 0.212448
231 0.175521
232 0.212214
233 0.175885
234 0.212031
235 0.176146
236 0.211615
237 0.176432
238 0.211615
239 0.176615
240 0.211562
241 0.176745
242 0.211484
243 0.176823
244 0.211380
245 0.177031
246 0.211250
247 0.177292
248 0.211224
249 0.177448
250 0.211380
251 0.177604
252 0.211276
253 0.177630
254 0.211146
255 0.177734
256 0.210938
257 0.177865
258 0.210781
259 0.177969
260 0.210651
261 0.177943
262 0.210573
263 0.177969
264 0.210495
265 0.178073
266 0.210443
267 0.178333
268 0.210365
269 0.178411
270 0.210286
271 0.178411
272 0.210234
273 0.178568
274 0.210130
275 0.178464
276 0.210052
277 0.178594
278 0.210052
279 0.178620
280 0.210104
281 0.178490
282 0.210000
283 0.178516
284 0.209974
285 0.178542
286 0.209974
287 0.178542
288 0.209974
289 0.178594
290 0.210000
291 0.178594
292 0.209948
293 0.178620
294 0.210000
295 0.178594
296 0.210026
297 0.178542
298 0.210026
299 0.178620
300 0.210052
