1 0.002161
2 0.002630
3 0.004010
4 0.003776
5 0.002891
6 0.003880
7 0.002760
8 0.003906
9 0.002865
10 0.003776
11 0.003021
12 0.004036
13 0.002917
14 0.003724
15 0.003229
16 0.003906
17 0.002786
18 0.003802
19 0.003151
20 0.003906
21 0.002969
22 0.003906
23 0.003047
24 0.003932
25 0.002760
26 0.003854
27 0.003151
28 0.003984
29 0.002812
30 0.003906
31 0.003021
32 0.003984
33 0.002969
34 0.003828
35 0.003073
36 0.004036
37 0.002969
38 0.003854
39 0.003099
40 0.004036
41 0.002917
42 0.003906
43 0.003177
44 0.003880
45 0.003177
46 0.003880
47 0.002995
48 0.004089
49 0.002943
50 0.003880
51 0.003177
52 0.004089
53 0.002891
54 0.003958
55 0.003073
56 0.003932
57 0.002969
58 0.003958
59 0.003047
60 0.003984
61 0.002917
62 0.003724
63 0.003125
64 0.004089
65 0.002891
66 0.003932
67 0.003099
68 0.003958
69 0.002995
70 0.003906
71 0.003073
72 0.004063
73 0.002891
74 0.003828
75 0.003151
76 0.003906
77 0.002969
78 0.003932
79 0.003099
80 0.003906
81 0.002995
82 0.003776
83 0.003177
84 0.004010
85 0.002969
86 0.003828
87 0.003229
88 0.003958
89 0.002943
90 0.003906
91 0.003125
92 0.004010
93 0.003073
94 0.003932
95 0.003073
96 0.004063
97 0.002995
98 0.003776
99 0.003125
100 0.004036
101 0.000000
102 0.000026
103 0.000026
104 0.000026
105 0.000026
106 0.000026
107 0.000026
108 0.000026
109 0.000026
110 0.000026
111 0.000026
112 0.000026
113 0.000026
114 0.000026
115 0.000026
116 0.000026
117 0.000026
118 0.000026
119 0.000026
120 0.000026
121 0.000026
122 0.000026
123 0.000026
124 0.000026
125 0.000026
126 0.000026
127 0.000026
128 0.000026
129 0.000026
130 0.000026
131 0.000026
132 0.000026
133 0.000026
134 0.000026
135 0.000026
136 0.000026
137 0.000026
138 0.000026
139 0.000026
140 0.000026
141 0.000026
142 0.000026
143 0.000026
144 0.000026
145 0.000026
146 0.000026
147 0.000026
148 0.000026
149 0.000026
150 0.000026
151 0.000026
152 0.000026
153 0.000026
154 0.000026
155 0.000026
156 0.000026
157 0.000026
158 0.000026
159 0.000026
160 0.000026
161 0.000026
162 0.000026
163 0.000026
164 0.000026
165 0.000026
166 0.000026
167 0.000026
168 0.000026
169 0.000026
170 0.000026
171 0.000026
172 0.000026
173 0.000026
174 0.000026
175 0.000026
176 0.000026
177 0.000026
178 0.000026
179 0.000026
180 0.000026
181 0.000026
182 0.000026
183 0.000026
184 0.000026
185 0.000026
186 0.000026
187 0.000026
188 0.000026
189 0.000026
190 0.000026
191 0.000026
192 0.000026
193 0.000026
194 0.000026
195 0.000026
196 0.000026
197 0.000026
198 0.000026
199 0.000026
200 0.000026
201 0.000000
202 0.000000
203 0.000000
204 0.000000
205 0.000000
206 0.000000
207 0.000000
208 0.000000
209 0.000000
210 0.000000
211 0.000000
212 0.000000
213 0.000000
214 0.000000
215 0.000000
216 0.000000
217 0.000000
218 0.000000
219 0.000000
220 0.000000
221 0.000000
222 0.000000
223 0.000000
224 0.000000
225 0.000000
226 0.000000
227 0.000000
228 0.000000
229 0.000000
230 0.000000
231 0.000000
232 0.000000
233 0.000000
234 0.000000
235 0.000000
236 0.000000
237 0.000000
238 0.000000
239 0.000000
240 0.000000
241 0.000000
242 0.000000
243 0.000000
244 0.000000
245 0.000000
246 0.000000
247 0.000000
248 0.000000
249 0.000000
250 0.000000
251 0.000000
252 0.000000
253 0.000000
254 0.000000
255 0.000000
256 0.000000
257 0.000000
258 0.000000
259 0.000000
260 0.000000
261 0.000000
262 0.000000
263 0.000000
264 0.000000
265 0.000000
266 0.000000
267 0.000000
268 0.000000
269 0.000000
270 0.000000
271 0.000000
272 0.000000
273 0.000000
274 0.000000
275 0.000000
276 0.000000
277 0.000000
278 0.000000
279 0.000000
280 0.000000
281 0.000000
282 0.000000
283 0.000000
284 0.000000
285 0.000000
286 0.000000
287 0.000000
288 0.000000
289 0.000000
290 0.000000
291 0.000000
292 0.000000
293 0.000000
294 0.000000
295 0.000000
296 0.000000
297 0.000000
298 0.000000
299 0.000000
300 0.000000
