1 0.001432
2 0.000833
3 0.003177
4 0.001484
5 0.001094
6 0.003073
7 0.001328
8 0.001380
9 0.002969
10 0.001667
11 0.001224
12 0.003464
13 0.001432
14 0.001484
15 0.003177
16 0.001719
17 0.001198
18 0.003385
19 0.001458
20 0.001406
21 0.003281
22 0.001536
23 0.001328
24 0.003464
25 0.001484
26 0.001250
27 0.003438
28 0.001510
29 0.001172
30 0.003594
31 0.001406
32 0.001458
33 0.003438
34 0.001510
35 0.001276
36 0.003385
37 0.001641
38 0.001354
39 0.003229
40 0.001771
41 0.001094
42 0.003490
43 0.001563
44 0.001250
45 0.003411
46 0.001693
47 0.001068
48 0.003516
49 0.001563
50 0.001354
51 0.003125
52 0.001875
53 0.001146
54 0.003385
55 0.001615
56 0.001328
57 0.003281
58 0.001719
59 0.001172
60 0.003516
61 0.001484
62 0.001302
63 0.003411
64 0.001693
65 0.001224
66 0.003411
67 0.001536
68 0.001380
69 0.003281
70 0.001745
71 0.001016
72 0.003490
73 0.001641
74 0.001224
75 0.003359
76 0.001641
77 0.001198
78 0.003464
79 0.001432
80 0.001484
81 0.003229
82 0.001667
83 0.001172
84 0.003438
85 0.001563
86 0.001224
87 0.003307
88 0.001771
89 0.001094
90 0.003516
91 0.001380
92 0.001328
93 0.003333
94 0.001719
95 0.001172
96 0.003385
97 0.001563
98 0.001302
99 0.003177
100 0.001849
101 0.000000
102 0.000000
103 0.000000
104 0.000000
105 0.000000
106 0.000000
107 0.000000
108 0.000000
109 0.000000
110 0.000000
111 0.000000
112 0.000000
113 0.000000
114 0.000000
115 0.000000
116 0.000000
117 0.000000
118 0.000000
119 0.000000
120 0.000000
121 0.000000
122 0.000000
123 0.000000
124 0.000000
125 0.000000
126 0.000000
127 0.000000
128 0.000000
129 0.000000
130 0.000000
131 0.000000
132 0.000000
133 0.000000
134 0.000000
135 0.000000
136 0.000000
137 0.000000
138 0.000000
139 0.000000
140 0.000000
141 0.000000
142 0.000000
143 0.000000
144 0.000000
145 0.000000
146 0.000000
147 0.000000
148 0.000000
149 0.000000
150 0.000000
151 0.000000
152 0.000000
153 0.000000
154 0.000000
155 0.000000
156 0.000000
157 0.000000
158 0.000000
159 0.000000
160 0.000000
161 0.000000
162 0.000000
163 0.000000
164 0.000000
165 0.000000
166 0.000000
167 0.000000
168 0.000000
169 0.000000
170 0.000000
171 0.000000
172 0.000000
173 0.000000
174 0.000000
175 0.000000
176 0.000000
177 0.000000
178 0.000000
179 0.000000
180 0.000000
181 0.000000
182 0.000000
183 0.000000
184 0.000000
185 0.000000
186 0.000000
187 0.000000
188 0.000000
189 0.000000
190 0.000000
191 0.000000
192 0.000000
193 0.000000
194 0.000000
195 0.000000
196 0.000000
197 0.000000
198 0.000000
199 0.000000
200 0.000000
201 0.000000
202 0.000000
203 0.000000
204 0.000000
205 0.000000
206 0.000000
207 0.000000
208 0.000000
209 0.000000
210 0.000000
211 0.000000
212 0.000000
213 0.000000
214 0.000000
215 0.000000
216 0.000000
217 0.000000
218 0.000000
219 0.000000
220 0.000000
221 0.000000
222 0.000000
223 0.000000
224 0.000000
225 0.000000
226 0.000000
227 0.000000
228 0.000000
229 0.000000
230 0.000000
231 0.000000
232 0.000000
233 0.000000
234 0.000000
235 0.000000
236 0.000000
237 0.000000
238 0.000000
239 0.000000
240 0.000000
241 0.000000
242 0.000000
243 0.000000
244 0.000000
245 0.000000
246 0.000000
247 0.000000
248 0.000000
249 0.000000
250 0.000000
251 0.000000
252 0.000000
253 0.000000
254 0.000000
255 0.000000
256 0.000000
257 0.000000
258 0.000000
259 0.000000
260 0.000000
261 0.000000
262 0.000000
263 0.000000
264 0.000000
265 0.000000
266 0.000000
267 0.000000
268 0.000000
269 0.000000
270 0.000000
271 0.000000
272 0.000000
273 0.000000
274 0.000000
275 0.000000
276 0.000000
277 0.000000
278 0.000000
279 0.000000
280 0.000000
281 0.000000
282 0.000000
283 0.000000
284 0.000000
285 0.000000
286 0.000000
287 0.000000
288 0.000000
289 0.000000
290 0.000000
291 0.000000
292 0.000000
293 0.000000
294 0.000000
295 0.000000
296 0.000000
297 0.000000
298 0.000000
299 0.000000
300 0.000000
