1 0.187396
2 0.387682
3 0.193568
4 0.416380
5 0.202682
6 0.431563
7 0.213568
8 0.440677
9 0.223724
10 0.444193
11 0.231016
12 0.446745
13 0.235495
14 0.447786
15 0.238802
16 0.447969
17 0.241172
18 0.447839
19 0.242839
20 0.448255
21 0.244401
22 0.448490
23 0.245260
24 0.448177
25 0.246016
26 0.447995
27 0.247005
28 0.447839
29 0.247422
30 0.447813
31 0.248177
32 0.447656
33 0.248568
34 0.447578
35 0.249115
36 0.447448
37 0.249323
38 0.447448
39 0.249505
40 0.447422
41 0.249896
42 0.447370
43 0.250182
44 0.447422
45 0.250234
46 0.447474
47 0.250443
48 0.447474
49 0.250651
50 0.447526
51 0.250885
52 0.447474
53 0.250964
54 0.447500
55 0.251016
56 0.447500
57 0.251146
58 0.447500
59 0.251302
60 0.447474
61 0.251406
62 0.447500
63 0.251458
64 0.447474
65 0.251484
66 0.447292
67 0.251484
68 0.447214
69 0.251563
70 0.447240
71 0.251615
72 0.447266
73 0.251693
74 0.447266
75 0.251693
76 0.447266
77 0.251693
78 0.447214
79 0.251719
80 0.447188
81 0.251693
82 0.447188
83 0.251771
84 0.447240
85 0.251849
86 0.447266
87 0.251875
88 0.447292
89 0.251849
90 0.447266
91 0.251849
92 0.447266
93 0.251875
94 0.447266
95 0.251901
96 0.447266
97 0.251875
98 0.447240
99 0.251927
100 0.447266
101 0.238750
102 0.339844
103 0.246615
104 0.334167
105 0.252500
106 0.333255
107 0.256771
108 0.333464
109 0.260625
110 0.331927
111 0.263854
112 0.331901
113 0.266406
114 0.331068
115 0.268203
116 0.329688
117 0.268672
118 0.329401
119 0.269818
120 0.329115
121 0.270937
122 0.328776
123 0.271849
124 0.328724
125 0.272422
126 0.328125
127 0.273203
128 0.327630
129 0.273802
130 0.327240
131 0.273828
132 0.327057
133 0.273698
134 0.326302
135 0.273984
136 0.326302
137 0.274349
138 0.326120
139 0.274401
140 0.325937
141 0.274635
142 0.325807
143 0.274818
144 0.325625
145 0.275104
146 0.325729
147 0.275313
148 0.325547
149 0.275469
150 0.325469
151 0.275677
152 0.325365
153 0.275677
154 0.325365
155 0.275807
156 0.325469
157 0.275807
158 0.325417
159 0.275911
160 0.325339
161 0.275807
162 0.325286
163 0.275885
164 0.325208
165 0.275964
166 0.324922
167 0.276016
168 0.325000
169 0.275938
170 0.324896
171 0.276094
172 0.324870
173 0.275990
174 0.324922
175 0.276120
176 0.324922
177 0.276198
178 0.325130
179 0.276224
180 0.325104
181 0.276146
182 0.325052
183 0.276276
184 0.325026
185 0.276250
186 0.325026
187 0.276328
188 0.324948
189 0.276380
190 0.325000
191 0.276276
192 0.325026
193 0.276276
194 0.325026
195 0.276146
196 0.325182
197 0.276224
198 0.325208
199 0.276172
200 0.325130
201 0.205026
202 0.284818
203 0.210885
204 0.278203
205 0.214453
206 0.274583
207 0.217161
208 0.273177
209 0.219896
210 0.272917
211 0.222031
212 0.272839
213 0.223125
214 0.272891
215 0.224896
216 0.271953
217 0.226016
218 0.271484
219 0.227240
220 0.271068
221 0.227474
222 0.270547
223 0.227943
224 0.270469
225 0.228464
226 0.270391
227 0.228516
228 0.270547
229 0.228307
230 0.270859
231 0.228620
232 0.270651
233 0.228854
234 0.270260
235 0.229635
236 0.270078
237 0.229870
238 0.269740
239 0.230078
240 0.269740
241 0.230000
242 0.269792
243 0.230260
244 0.269714
245 0.230208
246 0.269635
247 0.230547
248 0.269479
249 0.230755
250 0.269427
251 0.230911
252 0.269323
253 0.230937
254 0.269271
255 0.231016
256 0.269297
257 0.231042
258 0.269219
259 0.231016
260 0.269193
261 0.231068
262 0.269323
263 0.231016
264 0.269427
265 0.231146
266 0.269505
267 0.231302
268 0.269427
269 0.231224
270 0.269479
271 0.231302
272 0.269505
273 0.231250
274 0.269531
275 0.231328
276 0.269583
277 0.231302
278 0.269583
279 0.231302
280 0.269583
281 0.231276
282 0.269557
283 0.231302
284 0.269427
285 0.231302
286 0.269505
287 0.231302
288 0.269375
289 0.231328
290 0.269323
291 0.231380
292 0.269323
293 0.231458
294 0.269297
295 0.231510
296 0.269271
297 0.231563
298 0.269245
299 0.231641
300 0.269193
