1 4.813390e-02
2 4.408538e-02
3 4.404665e-02
4 4.410961e-02
5 4.411280e-02
6 4.411569e-02
7 4.411586e-02
8 4.411589e-02
9 4.411591e-02
10 4.411591e-02
11 4.411591e-02
12 4.411591e-02
13 4.411591e-02
14 4.411591e-02
15 4.411591e-02
16 4.411591e-02
17 4.411591e-02
18 4.411591e-02
19 4.411591e-02
20 4.411591e-02
21 4.411591e-02
22 4.411591e-02
23 4.411591e-02
24 4.411591e-02
25 4.411591e-02
26 4.411591e-02
27 4.411591e-02
28 4.411591e-02
29 4.411591e-02
30 4.411591e-02
31 4.411591e-02
32 4.411591e-02
33 4.411591e-02
34 4.411591e-02
35 4.411591e-02
36 4.411591e-02
37 4.411591e-02
38 4.411591e-02
39 4.411591e-02
40 4.411591e-02
41 4.411591e-02
42 4.411591e-02
43 4.411591e-02
44 4.411591e-02
45 4.411591e-02
46 4.411591e-02
47 4.411591e-02
48 4.411591e-02
49 4.411591e-02
50 4.411591e-02
51 4.411591e-02
52 4.411591e-02
53 4.411591e-02
54 4.411591e-02
55 4.411591e-02
56 4.411591e-02
57 4.411591e-02
58 4.411591e-02
59 4.411591e-02
60 4.411591e-02
61 4.411591e-02
62 4.411591e-02
63 4.411591e-02
64 4.411591e-02
65 4.411591e-02
66 4.411591e-02
67 4.411591e-02
68 4.411591e-02
69 4.411591e-02
70 4.411591e-02
71 4.411591e-02
72 4.411591e-02
73 4.411591e-02
74 4.411591e-02
75 4.411591e-02
76 4.411591e-02
77 4.411591e-02
78 4.411591e-02
79 4.411591e-02
80 4.411591e-02
81 4.411591e-02
82 4.411591e-02
83 4.411591e-02
84 4.411591e-02
85 4.411591e-02
86 4.411591e-02
87 4.411591e-02
88 4.411591e-02
89 4.411591e-02
90 4.411591e-02
91 4.411591e-02
92 4.411591e-02
93 4.411591e-02
94 4.411591e-02
95 4.411591e-02
96 4.411591e-02
97 4.411591e-02
98 4.411591e-02
99 4.411591e-02
100 4.411591e-02
101 1.592787e-02
102 1.520976e-02
103 1.516868e-02
104 1.516528e-02
105 1.516542e-02
106 1.516538e-02
107 1.516537e-02
108 1.516537e-02
109 1.516537e-02
110 1.516537e-02
111 1.516537e-02
112 1.516537e-02
113 1.516537e-02
114 1.516537e-02
115 1.516537e-02
116 1.516537e-02
117 1.516537e-02
118 1.516537e-02
119 1.516537e-02
120 1.516537e-02
121 1.516537e-02
122 1.516537e-02
123 1.516537e-02
124 1.516537e-02
125 1.516537e-02
126 1.516537e-02
127 1.516537e-02
128 1.516537e-02
129 1.516537e-02
130 1.516537e-02
131 1.516537e-02
132 1.516537e-02
133 1.516537e-02
134 1.516537e-02
135 1.516537e-02
136 1.516537e-02
137 1.516537e-02
138 1.516537e-02
139 1.516537e-02
140 1.516537e-02
141 1.516537e-02
142 1.516537e-02
143 1.516537e-02
144 1.516537e-02
145 1.516537e-02
146 1.516537e-02
147 1.516537e-02
148 1.516537e-02
149 1.516537e-02
150 1.516537e-02
151 1.516537e-02
152 1.516537e-02
153 1.516537e-02
154 1.516537e-02
155 1.516537e-02
156 1.516537e-02
157 1.516537e-02
158 1.516537e-02
159 1.516537e-02
160 1.516537e-02
161 1.516537e-02
162 1.516537e-02
163 1.516537e-02
164 1.516537e-02
165 1.516537e-02
166 1.516537e-02
167 1.516537e-02
168 1.516537e-02
169 1.516537e-02
170 1.516537e-02
171 1.516537e-02
172 1.516537e-02
173 1.516537e-02
174 1.516537e-02
175 1.516537e-02
176 1.516537e-02
177 1.516537e-02
178 1.516537e-02
179 1.516537e-02
180 1.516537e-02
181 1.516537e-02
182 1.516537e-02
183 1.516537e-02
184 1.516537e-02
185 1.516537e-02
186 1.516537e-02
187 1.516537e-02
188 1.516537e-02
189 1.516537e-02
190 1.516537e-02
191 1.516537e-02
192 1.516537e-02
193 1.516537e-02
194 1.516537e-02
195 1.516537e-02
196 1.516537e-02
197 1.516537e-02
198 1.516537e-02
199 1.516537e-02
200 1.516537e-02
201 1.472533e-02
202 1.473154e-02
203 1.473175e-02
204 1.473177e-02
205 1.473178e-02
206 1.473178e-02
207 1.473178e-02
208 1.473178e-02
209 1.473178e-02
210 1.473178e-02
211 1.473178e-02
212 1.473178e-02
213 1.473178e-02
214 1.473178e-02
215 1.473178e-02
216 1.473178e-02
217 1.473178e-02
218 1.473178e-02
219 1.473178e-02
220 1.473178e-02
221 1.473178e-02
222 1.473178e-02
223 1.473178e-02
224 1.473178e-02
225 1.473178e-02
226 1.473178e-02
227 1.473178e-02
228 1.473178e-02
229 1.473178e-02
230 1.473178e-02
231 1.473178e-02
232 1.473178e-02
233 1.473178e-02
234 1.473178e-02
235 1.473178e-02
236 1.473178e-02
237 1.473178e-02
238 1.473178e-02
239 1.473178e-02
240 1.473178e-02
241 1.473178e-02
242 1.473178e-02
243 1.473178e-02
244 1.473178e-02
245 1.473178e-02
246 1.473178e-02
247 1.473178e-02
248 1.473178e-02
249 1.473178e-02
250 1.473178e-02
251 1.473178e-02
252 1.473178e-02
253 1.473178e-02
254 1.473178e-02
255 1.473178e-02
256 1.473178e-02
257 1.473178e-02
258 1.473178e-02
259 1.473178e-02
260 1.473178e-02
261 1.473178e-02
262 1.473178e-02
263 1.473178e-02
264 1.473178e-02
265 1.473178e-02
266 1.473178e-02
267 1.473178e-02
268 1.473178e-02
269 1.473178e-02
270 1.473178e-02
271 1.473178e-02
272 1.473178e-02
273 1.473178e-02
274 1.473178e-02
275 1.473178e-02
276 1.473178e-02
277 1.473178e-02
278 1.473178e-02
279 1.473178e-02
280 1.473178e-02
281 1.473178e-02
282 1.473178e-02
283 1.473178e-02
284 1.473178e-02
285 1.473178e-02
286 1.473178e-02
287 1.473178e-02
288 1.473178e-02
289 1.473178e-02
290 1.473178e-02
291 1.473178e-02
292 1.473178e-02
293 1.473178e-02
294 1.473178e-02
295 1.473178e-02
296 1.473178e-02
297 1.473178e-02
298 1.473178e-02
299 1.473178e-02
300 1.473178e-02
