1 1.085405e-01
2 1.119270e-01
3 1.120989e-01
4 1.121041e-01
5 1.120946e-01
6 1.120957e-01
7 1.120951e-01
8 1.120950e-01
9 1.120950e-01
10 1.120950e-01
11 1.120950e-01
12 1.120950e-01
13 1.120950e-01
14 1.120950e-01
15 1.120950e-01
16 1.120950e-01
17 1.120950e-01
18 1.120950e-01
19 1.120950e-01
20 1.120950e-01
21 1.120950e-01
22 1.120950e-01
23 1.120950e-01
24 1.120950e-01
25 1.120950e-01
26 1.120950e-01
27 1.120950e-01
28 1.120950e-01
29 1.120950e-01
30 1.120950e-01
31 1.120950e-01
32 1.120950e-01
33 1.120950e-01
34 1.120950e-01
35 1.120950e-01
36 1.120950e-01
37 1.120950e-01
38 1.120950e-01
39 1.120950e-01
40 1.120950e-01
41 1.120950e-01
42 1.120950e-01
43 1.120950e-01
44 1.120950e-01
45 1.120950e-01
46 1.120950e-01
47 1.120950e-01
48 1.120950e-01
49 1.120950e-01
50 1.120950e-01
51 1.120950e-01
52 1.120950e-01
53 1.120950e-01
54 1.120950e-01
55 1.120950e-01
56 1.120950e-01
57 1.120950e-01
58 1.120950e-01
59 1.120950e-01
60 1.120950e-01
61 1.120950e-01
62 1.120950e-01
63 1.120950e-01
64 1.120950e-01
65 1.120950e-01
66 1.120950e-01
67 1.120950e-01
68 1.120950e-01
69 1.120950e-01
70 1.120950e-01
71 1.120950e-01
72 1.120950e-01
73 1.120950e-01
74 1.120950e-01
75 1.120950e-01
76 1.120950e-01
77 1.120950e-01
78 1.120950e-01
79 1.120950e-01
80 1.120950e-01
81 1.120950e-01
82 1.120950e-01
83 1.120950e-01
84 1.120950e-01
85 1.120950e-01
86 1.120950e-01
87 1.120950e-01
88 1.120950e-01
89 1.120950e-01
90 1.120950e-01
91 1.120950e-01
92 1.120950e-01
93 1.120950e-01
94 1.120950e-01
95 1.120950e-01
96 1.120950e-01
97 1.120950e-01
98 1.120950e-01
99 1.120950e-01
100 1.120950e-01
101 8.698600e-02
102 8.357544e-02
103 8.397104e-02
104 8.389340e-02
105 8.392669e-02
106 8.392182e-02
107 8.392385e-02
108 8.392354e-02
109 8.392367e-02
110 8.392365e-02
111 8.392366e-02
112 8.392366e-02
113 8.392366e-02
114 8.392366e-02
115 8.392366e-02
116 8.392366e-02
117 8.392366e-02
118 8.392366e-02
119 8.392366e-02
120 8.392366e-02
121 8.392366e-02
122 8.392366e-02
123 8.392366e-02
124 8.392366e-02
125 8.392366e-02
126 8.392366e-02
127 8.392366e-02
128 8.392366e-02
129 8.392366e-02
130 8.392366e-02
131 8.392366e-02
132 8.392366e-02
133 8.392366e-02
134 8.392366e-02
135 8.392366e-02
136 8.392366e-02
137 8.392366e-02
138 8.392366e-02
139 8.392366e-02
140 8.392366e-02
141 8.392366e-02
142 8.392366e-02
143 8.392366e-02
144 8.392366e-02
145 8.392366e-02
146 8.392366e-02
147 8.392366e-02
148 8.392366e-02
149 8.392366e-02
150 8.392366e-02
151 8.392366e-02
152 8.392366e-02
153 8.392366e-02
154 8.392366e-02
155 8.392366e-02
156 8.392366e-02
157 8.392366e-02
158 8.392366e-02
159 8.392366e-02
160 8.392366e-02
161 8.392366e-02
162 8.392366e-02
163 8.392366e-02
164 8.392366e-02
165 8.392366e-02
166 8.392366e-02
167 8.392366e-02
168 8.392366e-02
169 8.392366e-02
170 8.392366e-02
171 8.392366e-02
172 8.392366e-02
173 8.392366e-02
174 8.392366e-02
175 8.392366e-02
176 8.392366e-02
177 8.392366e-02
178 8.392366e-02
179 8.392366e-02
180 8.392366e-02
181 8.392366e-02
182 8.392366e-02
183 8.392366e-02
184 8.392366e-02
185 8.392366e-02
186 8.392366e-02
187 8.392366e-02
188 8.392366e-02
189 8.392366e-02
190 8.392366e-02
191 8.392366e-02
192 8.392366e-02
193 8.392366e-02
194 8.392366e-02
195 8.392366e-02
196 8.392366e-02
197 8.392366e-02
198 8.392366e-02
199 8.392366e-02
200 8.392366e-02
201 6.403453e-02
202 6.344983e-02
203 6.348241e-02
204 6.348195e-02
205 6.348315e-02
206 6.348330e-02
207 6.348334e-02
208 6.348334e-02
209 6.348335e-02
210 6.348335e-02
211 6.348335e-02
212 6.348335e-02
213 6.348335e-02
214 6.348335e-02
215 6.348335e-02
216 6.348335e-02
217 6.348335e-02
218 6.348335e-02
219 6.348335e-02
220 6.348335e-02
221 6.348335e-02
222 6.348335e-02
223 6.348335e-02
224 6.348335e-02
225 6.348335e-02
226 6.348335e-02
227 6.348335e-02
228 6.348335e-02
229 6.348335e-02
230 6.348335e-02
231 6.348335e-02
232 6.348335e-02
233 6.348335e-02
234 6.348335e-02
235 6.348335e-02
236 6.348335e-02
237 6.348335e-02
238 6.348335e-02
239 6.348335e-02
240 6.348335e-02
241 6.348335e-02
242 6.348335e-02
243 6.348335e-02
244 6.348335e-02
245 6.348335e-02
246 6.348335e-02
247 6.348335e-02
248 6.348335e-02
249 6.348335e-02
250 6.348335e-02
251 6.348335e-02
252 6.348335e-02
253 6.348335e-02
254 6.348335e-02
255 6.348335e-02
256 6.348335e-02
257 6.348335e-02
258 6.348335e-02
259 6.348335e-02
260 6.348335e-02
261 6.348335e-02
262 6.348335e-02
263 6.348335e-02
264 6.348335e-02
265 6.348335e-02
266 6.348335e-02
267 6.348335e-02
268 6.348335e-02
269 6.348335e-02
270 6.348335e-02
271 6.348335e-02
272 6.348335e-02
273 6.348335e-02
274 6.348335e-02
275 6.348335e-02
276 6.348335e-02
277 6.348335e-02
278 6.348335e-02
279 6.348335e-02
280 6.348335e-02
281 6.348335e-02
282 6.348335e-02
283 6.348335e-02
284 6.348335e-02
285 6.348335e-02
286 6.348335e-02
287 6.348335e-02
288 6.348335e-02
289 6.348335e-02
290 6.348335e-02
291 6.348335e-02
292 6.348335e-02
293 6.348335e-02
294 6.348335e-02
295 6.348335e-02
296 6.348335e-02
297 6.348335e-02
298 6.348335e-02
299 6.348335e-02
300 6.348335e-02
