1 0.354167
2 0.354167
3 0.375000
4 0.333333
5 0.354167
6 0.375000
7 0.375000
8 0.375000
9 0.375000
10 0.375000
11 0.354167
12 0.375000
13 0.354167
14 0.354167
15 0.354167
16 0.354167
17 0.354167
18 0.354167
19 0.354167
20 0.354167
21 0.354167
22 0.354167
23 0.354167
24 0.354167
25 0.354167
26 0.354167
27 0.354167
28 0.354167
29 0.354167
30 0.354167
31 0.354167
32 0.354167
33 0.354167
34 0.354167
35 0.354167
36 0.354167
37 0.354167
38 0.354167
39 0.354167
40 0.354167
41 0.354167
42 0.354167
43 0.354167
44 0.354167
45 0.354167
46 0.354167
47 0.354167
48 0.354167
49 0.354167
50 0.354167
51 0.354167
52 0.354167
53 0.354167
54 0.354167
55 0.354167
56 0.354167
57 0.354167
58 0.354167
59 0.354167
60 0.354167
61 0.354167
62 0.354167
63 0.354167
64 0.354167
65 0.354167
66 0.354167
67 0.354167
68 0.354167
69 0.354167
70 0.354167
71 0.354167
72 0.354167
73 0.354167
74 0.354167
75 0.354167
76 0.354167
77 0.354167
78 0.354167
79 0.354167
80 0.354167
81 0.354167
82 0.354167
83 0.354167
84 0.354167
85 0.354167
86 0.354167
87 0.354167
88 0.354167
89 0.354167
90 0.354167
91 0.354167
92 0.354167
93 0.354167
94 0.354167
95 0.354167
96 0.354167
97 0.354167
98 0.354167
99 0.354167
100 0.354167
101 0.375000
102 0.333333
103 0.354167
104 0.333333
105 0.354167
106 0.333333
107 0.354167
108 0.354167
109 0.354167
110 0.354167
111 0.354167
112 0.354167
113 0.354167
114 0.354167
115 0.354167
116 0.354167
117 0.354167
118 0.354167
119 0.354167
120 0.354167
121 0.354167
122 0.354167
123 0.354167
124 0.354167
125 0.354167
126 0.354167
127 0.354167
128 0.354167
129 0.354167
130 0.354167
131 0.354167
132 0.354167
133 0.354167
134 0.354167
135 0.354167
136 0.354167
137 0.354167
138 0.354167
139 0.354167
140 0.354167
141 0.354167
142 0.354167
143 0.354167
144 0.354167
145 0.354167
146 0.354167
147 0.354167
148 0.354167
149 0.354167
150 0.354167
151 0.354167
152 0.354167
153 0.354167
154 0.354167
155 0.354167
156 0.354167
157 0.354167
158 0.354167
159 0.354167
160 0.354167
161 0.354167
162 0.354167
163 0.354167
164 0.354167
165 0.354167
166 0.354167
167 0.354167
168 0.354167
169 0.354167
170 0.354167
171 0.354167
172 0.354167
173 0.354167
174 0.354167
175 0.354167
176 0.354167
177 0.354167
178 0.354167
179 0.354167
180 0.354167
181 0.354167
182 0.354167
183 0.354167
184 0.354167
185 0.354167
186 0.354167
187 0.354167
188 0.354167
189 0.354167
190 0.354167
191 0.354167
192 0.354167
193 0.354167
194 0.354167
195 0.354167
196 0.354167
197 0.354167
198 0.354167
199 0.354167
200 0.354167
201 0.333333
202 0.312500
203 0.312500
204 0.312500
205 0.312500
206 0.312500
207 0.312500
208 0.312500
209 0.312500
210 0.312500
211 0.312500
212 0.312500
213 0.312500
214 0.312500
215 0.312500
216 0.312500
217 0.312500
218 0.312500
219 0.312500
220 0.312500
221 0.312500
222 0.312500
223 0.312500
224 0.312500
225 0.312500
226 0.312500
227 0.312500
228 0.312500
229 0.312500
230 0.312500
231 0.312500
232 0.312500
233 0.312500
234 0.312500
235 0.312500
236 0.312500
237 0.312500
238 0.312500
239 0.312500
240 0.312500
241 0.312500
242 0.312500
243 0.312500
244 0.312500
245 0.312500
246 0.312500
247 0.312500
248 0.312500
249 0.312500
250 0.312500
251 0.312500
252 0.312500
253 0.312500
254 0.312500
255 0.312500
256 0.312500
257 0.312500
258 0.312500
259 0.312500
260 0.312500
261 0.312500
262 0.312500
263 0.312500
264 0.312500
265 0.312500
266 0.312500
267 0.312500
268 0.312500
269 0.312500
270 0.312500
271 0.312500
272 0.312500
273 0.312500
274 0.312500
275 0.312500
276 0.312500
277 0.312500
278 0.312500
279 0.312500
280 0.312500
281 0.312500
282 0.312500
283 0.312500
284 0.312500
285 0.312500
286 0.312500
287 0.312500
288 0.312500
289 0.312500
290 0.312500
291 0.312500
292 0.312500
293 0.312500
294 0.312500
295 0.312500
296 0.312500
297 0.312500
298 0.312500
299 0.312500
300 0.312500
