1 0.272786
2 0.295182
3 0.272396
4 0.306641
5 0.279557
6 0.324089
7 0.286849
8 0.338021
9 0.299349
10 0.347786
11 0.310156
12 0.358333
13 0.317708
14 0.363542
15 0.326172
16 0.373177
17 0.329297
18 0.376693
19 0.333724
20 0.381771
21 0.338542
22 0.386198
23 0.340104
24 0.388151
25 0.341406
26 0.390495
27 0.342708
28 0.392188
29 0.345443
30 0.393359
31 0.344922
32 0.395703
33 0.345443
34 0.396354
35 0.345443
36 0.397135
37 0.347135
38 0.397526
39 0.347396
40 0.397526
41 0.347396
42 0.398177
43 0.348307
44 0.398828
45 0.348307
46 0.400130
47 0.347917
48 0.400000
49 0.347656
50 0.399349
51 0.348177
52 0.399349
53 0.348047
54 0.399609
55 0.348698
56 0.399349
57 0.348828
58 0.399740
59 0.349349
60 0.400000
61 0.349219
62 0.400000
63 0.349740
64 0.399870
65 0.349609
66 0.400000
67 0.350000
68 0.400130
69 0.350130
70 0.400260
71 0.350260
72 0.400781
73 0.350391
74 0.400781
75 0.350391
76 0.401042
77 0.350130
78 0.401042
79 0.350130
80 0.401172
81 0.350260
82 0.401042
83 0.350521
84 0.400521
85 0.350651
86 0.400521
87 0.350651
88 0.400521
89 0.350260
90 0.401432
91 0.350651
92 0.401432
93 0.350781
94 0.401562
95 0.350781
96 0.401562
97 0.350911
98 0.401432
99 0.351172
100 0.401432
101 0.000000
102 0.000000
103 0.000000
104 0.000000
105 0.000000
106 0.000000
107 0.000000
108 0.000000
109 0.000000
110 0.000000
111 0.000000
112 0.000000
113 0.000000
114 0.000000
115 0.000000
116 0.000000
117 0.000000
118 0.000000
119 0.000000
120 0.000000
121 0.000000
122 0.000000
123 0.000000
124 0.000000
125 0.000000
126 0.000000
127 0.000000
128 0.000000
129 0.000000
130 0.000000
131 0.000000
132 0.000000
133 0.000000
134 0.000000
135 0.000000
136 0.000000
137 0.000000
138 0.000000
139 0.000000
140 0.000000
141 0.000000
142 0.000000
143 0.000000
144 0.000000
145 0.000000
146 0.000000
147 0.000000
148 0.000000
149 0.000000
150 0.000000
151 0.000000
152 0.000000
153 0.000000
154 0.000000
155 0.000000
156 0.000000
157 0.000000
158 0.000000
159 0.000000
160 0.000000
161 0.000000
162 0.000000
163 0.000000
164 0.000000
165 0.000000
166 0.000000
167 0.000000
168 0.000000
169 0.000000
170 0.000000
171 0.000000
172 0.000000
173 0.000000
174 0.000000
175 0.000000
176 0.000000
177 0.000000
178 0.000000
179 0.000000
180 0.000000
181 0.000000
182 0.000000
183 0.000000
184 0.000000
185 0.000000
186 0.000000
187 0.000000
188 0.000000
189 0.000000
190 0.000000
191 0.000000
192 0.000000
193 0.000000
194 0.000000
195 0.000000
196 0.000000
197 0.000000
198 0.000000
199 0.000000
200 0.000000
201 0.000000
202 0.000000
203 0.000000
204 0.000000
205 0.000000
206 0.000000
207 0.000000
208 0.000000
209 0.000000
210 0.000000
211 0.000000
212 0.000000
213 0.000000
214 0.000000
215 0.000000
216 0.000000
217 0.000000
218 0.000000
219 0.000000
220 0.000000
221 0.000000
222 0.000000
223 0.000000
224 0.000000
225 0.000000
226 0.000000
227 0.000000
228 0.000000
229 0.000000
230 0.000000
231 0.000000
232 0.000000
233 0.000000
234 0.000000
235 0.000000
236 0.000000
237 0.000000
238 0.000000
239 0.000000
240 0.000000
241 0.000000
242 0.000000
243 0.000000
244 0.000000
245 0.000000
246 0.000000
247 0.000000
248 0.000000
249 0.000000
250 0.000000
251 0.000000
252 0.000000
253 0.000000
254 0.000000
255 0.000000
256 0.000000
257 0.000000
258 0.000000
259 0.000000
260 0.000000
261 0.000000
262 0.000000
263 0.000000
264 0.000000
265 0.000000
266 0.000000
267 0.000000
268 0.000000
269 0.000000
270 0.000000
271 0.000000
272 0.000000
273 0.000000
274 0.000000
275 0.000000
276 0.000000
277 0.000000
278 0.000000
279 0.000000
280 0.000000
281 0.000000
282 0.000000
283 0.000000
284 0.000000
285 0.000000
286 0.000000
287 0.000000
288 0.000000
289 0.000000
290 0.000000
291 0.000000
292 0.000000
293 0.000000
294 0.000000
295 0.000000
296 0.000000
297 0.000000
298 0.000000
299 0.000000
300 0.000000
