1 0.047946
2 0.021875
3 0.018705
4 0.023393
5 0.018795
6 0.020179
7 0.019866
8 0.020670
9 0.018705
10 0.021429
11 0.018304
12 0.020982
13 0.019554
14 0.020536
15 0.018750
16 0.021027
17 0.019107
18 0.020893
19 0.019241
20 0.020982
21 0.019286
22 0.021429
23 0.018795
24 0.021250
25 0.019152
26 0.021250
27 0.019018
28 0.021339
29 0.018929
30 0.021429
31 0.019375
32 0.020938
33 0.019286
34 0.021607
35 0.018884
36 0.020893
37 0.019196
38 0.021384
39 0.019107
40 0.021071
41 0.019286
42 0.021295
43 0.019062
44 0.020893
45 0.019286
46 0.021429
47 0.018929
48 0.021161
49 0.019241
50 0.021205
51 0.019152
52 0.021027
53 0.019107
54 0.021607
55 0.019107
56 0.020938
57 0.019152
58 0.021339
59 0.019018
60 0.021205
61 0.019062
62 0.021518
63 0.019241
64 0.021071
65 0.019241
66 0.021607
67 0.019018
68 0.021071
69 0.018839
70 0.021518
71 0.019152
72 0.020982
73 0.019107
74 0.021652
75 0.018929
76 0.021161
77 0.019196
78 0.021429
79 0.018884
80 0.021250
81 0.018929
82 0.021250
83 0.019286
84 0.021161
85 0.018839
86 0.021696
87 0.019152
88 0.020938
89 0.019152
90 0.021696
91 0.018795
92 0.020982
93 0.019062
94 0.021696
95 0.018929
96 0.021161
97 0.019018
98 0.021562
99 0.018973
100 0.021027
101 0.003527
102 0.002991
103 0.002946
104 0.003080
105 0.002857
106 0.002991
107 0.002812
108 0.002946
109 0.002857
110 0.002946
111 0.002857
112 0.002946
113 0.002857
114 0.002946
115 0.002857
116 0.002946
117 0.002857
118 0.002946
119 0.002857
120 0.002946
121 0.002857
122 0.002946
123 0.002857
124 0.002946
125 0.002857
126 0.002946
127 0.002857
128 0.002946
129 0.002857
130 0.002946
131 0.002857
132 0.002946
133 0.002857
134 0.002946
135 0.002857
136 0.002946
137 0.002857
138 0.002946
139 0.002857
140 0.002946
141 0.002857
142 0.002946
143 0.002857
144 0.002946
145 0.002857
146 0.002946
147 0.002857
148 0.002946
149 0.002857
150 0.002946
151 0.002857
152 0.002946
153 0.002857
154 0.002946
155 0.002857
156 0.002946
157 0.002857
158 0.002946
159 0.002857
160 0.002946
161 0.002857
162 0.002946
163 0.002857
164 0.002946
165 0.002857
166 0.002946
167 0.002857
168 0.002946
169 0.002857
170 0.002946
171 0.002857
172 0.002946
173 0.002857
174 0.002946
175 0.002857
176 0.002946
177 0.002857
178 0.002946
179 0.002857
180 0.002946
181 0.002857
182 0.002946
183 0.002857
184 0.002946
185 0.002857
186 0.002946
187 0.002857
188 0.002946
189 0.002857
190 0.002946
191 0.002857
192 0.002946
193 0.002857
194 0.002946
195 0.002857
196 0.002946
197 0.002857
198 0.002946
199 0.002857
200 0.002946
201 0.001071
202 0.001161
203 0.001250
204 0.001205
205 0.001205
206 0.001205
207 0.001205
208 0.001205
209 0.001205
210 0.001205
211 0.001205
212 0.001205
213 0.001205
214 0.001205
215 0.001205
216 0.001205
217 0.001205
218 0.001205
219 0.001205
220 0.001205
221 0.001205
222 0.001205
223 0.001205
224 0.001205
225 0.001205
226 0.001205
227 0.001205
228 0.001205
229 0.001205
230 0.001205
231 0.001205
232 0.001205
233 0.001205
234 0.001205
235 0.001205
236 0.001205
237 0.001205
238 0.001205
239 0.001205
240 0.001205
241 0.001205
242 0.001205
243 0.001205
244 0.001205
245 0.001205
246 0.001205
247 0.001205
248 0.001205
249 0.001205
250 0.001205
251 0.001205
252 0.001205
253 0.001205
254 0.001205
255 0.001205
256 0.001205
257 0.001205
258 0.001205
259 0.001205
260 0.001205
261 0.001205
262 0.001205
263 0.001205
264 0.001205
265 0.001205
266 0.001205
267 0.001205
268 0.001205
269 0.001205
270 0.001205
271 0.001205
272 0.001205
273 0.001205
274 0.001205
275 0.001205
276 0.001205
277 0.001205
278 0.001205
279 0.001205
280 0.001205
281 0.001205
282 0.001205
283 0.001205
284 0.001205
285 0.001205
286 0.001205
287 0.001205
288 0.001205
289 0.001205
290 0.001205
291 0.001205
292 0.001205
293 0.001205
294 0.001205
295 0.001205
296 0.001205
297 0.001205
298 0.001205
299 0.001205
300 0.001205
