1 0.017271
2 0.002333
3 0.001948
4 0.001875
5 0.001896
6 0.001906
7 0.001896
8 0.001896
9 0.001906
10 0.001917
11 0.001906
12 0.001917
13 0.001906
14 0.001917
15 0.001906
16 0.001917
17 0.001906
18 0.001917
19 0.001906
20 0.001917
21 0.001906
22 0.001917
23 0.001906
24 0.001906
25 0.001906
26 0.001906
27 0.001906
28 0.001906
29 0.001906
30 0.001906
31 0.001906
32 0.001906
33 0.001906
34 0.001906
35 0.001906
36 0.001906
37 0.001906
38 0.001906
39 0.001906
40 0.001906
41 0.001906
42 0.001906
43 0.001906
44 0.001906
45 0.001906
46 0.001906
47 0.001906
48 0.001906
49 0.001906
50 0.001906
51 0.001906
52 0.001906
53 0.001906
54 0.001906
55 0.001906
56 0.001906
57 0.001906
58 0.001906
59 0.001906
60 0.001906
61 0.001906
62 0.001906
63 0.001906
64 0.001906
65 0.001906
66 0.001906
67 0.001906
68 0.001906
69 0.001906
70 0.001906
71 0.001906
72 0.001906
73 0.001906
74 0.001906
75 0.001906
76 0.001906
77 0.001906
78 0.001906
79 0.001906
80 0.001906
81 0.001906
82 0.001906
83 0.001906
84 0.001906
85 0.001906
86 0.001906
87 0.001906
88 0.001906
89 0.001906
90 0.001906
91 0.001906
92 0.001906
93 0.001906
94 0.001906
95 0.001906
96 0.001906
97 0.001906
98 0.001906
99 0.001906
100 0.001906
101 0.000979
102 0.001021
103 0.001000
104 0.001021
105 0.001021
106 0.001021
107 0.001021
108 0.001021
109 0.001021
110 0.001021
111 0.001021
112 0.001021
113 0.001021
114 0.001021
115 0.001021
116 0.001021
117 0.001021
118 0.001021
119 0.001021
120 0.001021
121 0.001021
122 0.001021
123 0.001021
124 0.001021
125 0.001021
126 0.001021
127 0.001021
128 0.001021
129 0.001021
130 0.001021
131 0.001021
132 0.001021
133 0.001021
134 0.001021
135 0.001021
136 0.001021
137 0.001021
138 0.001021
139 0.001021
140 0.001021
141 0.001021
142 0.001021
143 0.001021
144 0.001021
145 0.001021
146 0.001021
147 0.001021
148 0.001021
149 0.001021
150 0.001021
151 0.001021
152 0.001021
153 0.001021
154 0.001021
155 0.001021
156 0.001021
157 0.001021
158 0.001021
159 0.001021
160 0.001021
161 0.001021
162 0.001021
163 0.001021
164 0.001021
165 0.001021
166 0.001021
167 0.001021
168 0.001021
169 0.001021
170 0.001021
171 0.001021
172 0.001021
173 0.001021
174 0.001021
175 0.001021
176 0.001021
177 0.001021
178 0.001021
179 0.001021
180 0.001021
181 0.001021
182 0.001021
183 0.001021
184 0.001021
185 0.001021
186 0.001021
187 0.001021
188 0.001021
189 0.001021
190 0.001021
191 0.001021
192 0.001021
193 0.001021
194 0.001021
195 0.001021
196 0.001021
197 0.001021
198 0.001021
199 0.001021
200 0.001021
201 0.001063
202 0.001052
203 0.001063
204 0.001063
205 0.001063
206 0.001063
207 0.001063
208 0.001063
209 0.001063
210 0.001063
211 0.001063
212 0.001063
213 0.001063
214 0.001063
215 0.001063
216 0.001063
217 0.001063
218 0.001063
219 0.001063
220 0.001063
221 0.001063
222 0.001063
223 0.001063
224 0.001063
225 0.001063
226 0.001063
227 0.001063
228 0.001063
229 0.001063
230 0.001063
231 0.001063
232 0.001063
233 0.001063
234 0.001063
235 0.001063
236 0.001063
237 0.001063
238 0.001063
239 0.001063
240 0.001063
241 0.001063
242 0.001063
243 0.001063
244 0.001063
245 0.001063
246 0.001063
247 0.001063
248 0.001063
249 0.001063
250 0.001063
251 0.001063
252 0.001063
253 0.001063
254 0.001063
255 0.001063
256 0.001063
257 0.001063
258 0.001063
259 0.001063
260 0.001063
261 0.001063
262 0.001063
263 0.001063
264 0.001063
265 0.001063
266 0.001063
267 0.001063
268 0.001063
269 0.001063
270 0.001063
271 0.001063
272 0.001063
273 0.001063
274 0.001063
275 0.001063
276 0.001063
277 0.001063
278 0.001063
279 0.001063
280 0.001063
281 0.001063
282 0.001063
283 0.001063
284 0.001063
285 0.001063
286 0.001063
287 0.001063
288 0.001063
289 0.001063
290 0.001063
291 0.001063
292 0.001063
293 0.001063
294 0.001063
295 0.001063
296 0.001063
297 0.001063
298 0.001063
299 0.001063
300 0.001063
