1 5.875593e-02
2 4.021034e-02
3 3.987314e-02
4 3.987856e-02
5 3.987824e-02
6 3.987821e-02
7 3.987819e-02
8 3.987819e-02
9 3.987819e-02
10 3.987819e-02
11 3.987819e-02
12 3.987819e-02
13 3.987819e-02
14 3.987819e-02
15 3.987819e-02
16 3.987819e-02
17 3.987819e-02
18 3.987819e-02
19 3.987819e-02
20 3.987819e-02
21 3.987819e-02
22 3.987819e-02
23 3.987819e-02
24 3.987819e-02
25 3.987819e-02
26 3.987819e-02
27 3.987819e-02
28 3.987819e-02
29 3.987819e-02
30 3.987819e-02
31 3.987819e-02
32 3.987819e-02
33 3.987819e-02
34 3.987819e-02
35 3.987819e-02
36 3.987819e-02
37 3.987819e-02
38 3.987819e-02
39 3.987819e-02
40 3.987819e-02
41 3.987819e-02
42 3.987819e-02
43 3.987819e-02
44 3.987819e-02
45 3.987819e-02
46 3.987819e-02
47 3.987819e-02
48 3.987819e-02
49 3.987819e-02
50 3.987819e-02
51 3.987819e-02
52 3.987819e-02
53 3.987819e-02
54 3.987819e-02
55 3.987819e-02
56 3.987819e-02
57 3.987819e-02
58 3.987819e-02
59 3.987819e-02
60 3.987819e-02
61 3.987819e-02
62 3.987819e-02
63 3.987819e-02
64 3.987819e-02
65 3.987819e-02
66 3.987819e-02
67 3.987819e-02
68 3.987819e-02
69 3.987819e-02
70 3.987819e-02
71 3.987819e-02
72 3.987819e-02
73 3.987819e-02
74 3.987819e-02
75 3.987819e-02
76 3.987819e-02
77 3.987819e-02
78 3.987819e-02
79 3.987819e-02
80 3.987819e-02
81 3.987819e-02
82 3.987819e-02
83 3.987819e-02
84 3.987819e-02
85 3.987819e-02
86 3.987819e-02
87 3.987819e-02
88 3.987819e-02
89 3.987819e-02
90 3.987819e-02
91 3.987819e-02
92 3.987819e-02
93 3.987819e-02
94 3.987819e-02
95 3.987819e-02
96 3.987819e-02
97 3.987819e-02
98 3.987819e-02
99 3.987819e-02
100 3.987819e-02
101 7.300867e-03
102 6.985456e-03
103 6.942154e-03
104 6.945517e-03
105 6.944700e-03
106 6.944775e-03
107 6.944752e-03
108 6.944754e-03
109 6.944753e-03
110 6.944753e-03
111 6.944753e-03
112 6.944753e-03
113 6.944753e-03
114 6.944753e-03
115 6.944753e-03
116 6.944753e-03
117 6.944753e-03
118 6.944753e-03
119 6.944753e-03
120 6.944753e-03
121 6.944753e-03
122 6.944753e-03
123 6.944753e-03
124 6.944753e-03
125 6.944753e-03
126 6.944753e-03
127 6.944753e-03
128 6.944753e-03
129 6.944753e-03
130 6.944753e-03
131 6.944753e-03
132 6.944753e-03
133 6.944753e-03
134 6.944753e-03
135 6.944753e-03
136 6.944753e-03
137 6.944753e-03
138 6.944753e-03
139 6.944753e-03
140 6.944753e-03
141 6.944753e-03
142 6.944753e-03
143 6.944753e-03
144 6.944753e-03
145 6.944753e-03
146 6.944753e-03
147 6.944753e-03
148 6.944753e-03
149 6.944753e-03
150 6.944753e-03
151 6.944753e-03
152 6.944753e-03
153 6.944753e-03
154 6.944753e-03
155 6.944753e-03
156 6.944753e-03
157 6.944753e-03
158 6.944753e-03
159 6.944753e-03
160 6.944753e-03
161 6.944753e-03
162 6.944753e-03
163 6.944753e-03
164 6.944753e-03
165 6.944753e-03
166 6.944753e-03
167 6.944753e-03
168 6.944753e-03
169 6.944753e-03
170 6.944753e-03
171 6.944753e-03
172 6.944753e-03
173 6.944753e-03
174 6.944753e-03
175 6.944753e-03
176 6.944753e-03
177 6.944753e-03
178 6.944753e-03
179 6.944753e-03
180 6.944753e-03
181 6.944753e-03
182 6.944753e-03
183 6.944753e-03
184 6.944753e-03
185 6.944753e-03
186 6.944753e-03
187 6.944753e-03
188 6.944753e-03
189 6.944753e-03
190 6.944753e-03
191 6.944753e-03
192 6.944753e-03
193 6.944753e-03
194 6.944753e-03
195 6.944753e-03
196 6.944753e-03
197 6.944753e-03
198 6.944753e-03
199 6.944753e-03
200 6.944753e-03
201 6.454938e-03
202 6.450908e-03
203 6.450259e-03
204 6.450276e-03
205 6.450268e-03
206 6.450267e-03
207 6.450267e-03
208 6.450267e-03
209 6.450267e-03
210 6.450267e-03
211 6.450267e-03
212 6.450267e-03
213 6.450267e-03
214 6.450267e-03
215 6.450267e-03
216 6.450267e-03
217 6.450267e-03
218 6.450267e-03
219 6.450267e-03
220 6.450267e-03
221 6.450267e-03
222 6.450267e-03
223 6.450267e-03
224 6.450267e-03
225 6.450267e-03
226 6.450267e-03
227 6.450267e-03
228 6.450267e-03
229 6.450267e-03
230 6.450267e-03
231 6.450267e-03
232 6.450267e-03
233 6.450267e-03
234 6.450267e-03
235 6.450267e-03
236 6.450267e-03
237 6.450267e-03
238 6.450267e-03
239 6.450267e-03
240 6.450267e-03
241 6.450267e-03
242 6.450267e-03
243 6.450267e-03
244 6.450267e-03
245 6.450267e-03
246 6.450267e-03
247 6.450267e-03
248 6.450267e-03
249 6.450267e-03
250 6.450267e-03
251 6.450267e-03
252 6.450267e-03
253 6.450267e-03
254 6.450267e-03
255 6.450267e-03
256 6.450267e-03
257 6.450267e-03
258 6.450267e-03
259 6.450267e-03
260 6.450267e-03
261 6.450267e-03
262 6.450267e-03
263 6.450267e-03
264 6.450267e-03
265 6.450267e-03
266 6.450267e-03
267 6.450267e-03
268 6.450267e-03
269 6.450267e-03
270 6.450267e-03
271 6.450267e-03
272 6.450267e-03
273 6.450267e-03
274 6.450267e-03
275 6.450267e-03
276 6.450267e-03
277 6.450267e-03
278 6.450267e-03
279 6.450267e-03
280 6.450267e-03
281 6.450267e-03
282 6.450267e-03
283 6.450267e-03
284 6.450267e-03
285 6.450267e-03
286 6.450267e-03
287 6.450267e-03
288 6.450267e-03
289 6.450267e-03
290 6.450267e-03
291 6.450267e-03
292 6.450267e-03
293 6.450267e-03
294 6.450267e-03
295 6.450267e-03
296 6.450267e-03
297 6.450267e-03
298 6.450267e-03
299 6.450267e-03
300 6.450267e-03
