1 2.060540e-02
2 9.212928e-03
3 9.073313e-03
4 9.073732e-03
5 9.073879e-03
6 9.073841e-03
7 9.073835e-03
8 9.073834e-03
9 9.073834e-03
10 9.073834e-03
11 9.073834e-03
12 9.073834e-03
13 9.073834e-03
14 9.073834e-03
15 9.073834e-03
16 9.073834e-03
17 9.073834e-03
18 9.073834e-03
19 9.073834e-03
20 9.073834e-03
21 9.073834e-03
22 9.073834e-03
23 9.073834e-03
24 9.073834e-03
25 9.073834e-03
26 9.073834e-03
27 9.073834e-03
28 9.073834e-03
29 9.073834e-03
30 9.073834e-03
31 9.073834e-03
32 9.073834e-03
33 9.073834e-03
34 9.073834e-03
35 9.073834e-03
36 9.073834e-03
37 9.073834e-03
38 9.073834e-03
39 9.073834e-03
40 9.073834e-03
41 9.073834e-03
42 9.073834e-03
43 9.073834e-03
44 9.073834e-03
45 9.073834e-03
46 9.073834e-03
47 9.073834e-03
48 9.073834e-03
49 9.073834e-03
50 9.073834e-03
51 9.073834e-03
52 9.073834e-03
53 9.073834e-03
54 9.073834e-03
55 9.073834e-03
56 9.073834e-03
57 9.073834e-03
58 9.073834e-03
59 9.073834e-03
60 9.073834e-03
61 9.073834e-03
62 9.073834e-03
63 9.073834e-03
64 9.073834e-03
65 9.073834e-03
66 9.073834e-03
67 9.073834e-03
68 9.073834e-03
69 9.073834e-03
70 9.073834e-03
71 9.073834e-03
72 9.073834e-03
73 9.073834e-03
74 9.073834e-03
75 9.073834e-03
76 9.073834e-03
77 9.073834e-03
78 9.073834e-03
79 9.073834e-03
80 9.073834e-03
81 9.073834e-03
82 9.073834e-03
83 9.073834e-03
84 9.073834e-03
85 9.073834e-03
86 9.073834e-03
87 9.073834e-03
88 9.073834e-03
89 9.073834e-03
90 9.073834e-03
91 9.073834e-03
92 9.073834e-03
93 9.073834e-03
94 9.073834e-03
95 9.073834e-03
96 9.073834e-03
97 9.073834e-03
98 9.073834e-03
99 9.073834e-03
100 9.073834e-03
101 4.481624e-03
102 4.453662e-03
103 4.451702e-03
104 4.451739e-03
105 4.451743e-03
106 4.451743e-03
107 4.451743e-03
108 4.451743e-03
109 4.451743e-03
110 4.451743e-03
111 4.451743e-03
112 4.451743e-03
113 4.451743e-03
114 4.451743e-03
115 4.451743e-03
116 4.451743e-03
117 4.451743e-03
118 4.451743e-03
119 4.451743e-03
120 4.451743e-03
121 4.451743e-03
122 4.451743e-03
123 4.451743e-03
124 4.451743e-03
125 4.451743e-03
126 4.451743e-03
127 4.451743e-03
128 4.451743e-03
129 4.451743e-03
130 4.451743e-03
131 4.451743e-03
132 4.451743e-03
133 4.451743e-03
134 4.451743e-03
135 4.451743e-03
136 4.451743e-03
137 4.451743e-03
138 4.451743e-03
139 4.451743e-03
140 4.451743e-03
141 4.451743e-03
142 4.451743e-03
143 4.451743e-03
144 4.451743e-03
145 4.451743e-03
146 4.451743e-03
147 4.451743e-03
148 4.451743e-03
149 4.451743e-03
150 4.451743e-03
151 4.451743e-03
152 4.451743e-03
153 4.451743e-03
154 4.451743e-03
155 4.451743e-03
156 4.451743e-03
157 4.451743e-03
158 4.451743e-03
159 4.451743e-03
160 4.451743e-03
161 4.451743e-03
162 4.451743e-03
163 4.451743e-03
164 4.451743e-03
165 4.451743e-03
166 4.451743e-03
167 4.451743e-03
168 4.451743e-03
169 4.451743e-03
170 4.451743e-03
171 4.451743e-03
172 4.451743e-03
173 4.451743e-03
174 4.451743e-03
175 4.451743e-03
176 4.451743e-03
177 4.451743e-03
178 4.451743e-03
179 4.451743e-03
180 4.451743e-03
181 4.451743e-03
182 4.451743e-03
183 4.451743e-03
184 4.451743e-03
185 4.451743e-03
186 4.451743e-03
187 4.451743e-03
188 4.451743e-03
189 4.451743e-03
190 4.451743e-03
191 4.451743e-03
192 4.451743e-03
193 4.451743e-03
194 4.451743e-03
195 4.451743e-03
196 4.451743e-03
197 4.451743e-03
198 4.451743e-03
199 4.451743e-03
200 4.451743e-03
201 4.446287e-03
202 4.446155e-03
203 4.446142e-03
204 4.446140e-03
205 4.446140e-03
206 4.446140e-03
207 4.446140e-03
208 4.446140e-03
209 4.446140e-03
210 4.446140e-03
211 4.446140e-03
212 4.446140e-03
213 4.446140e-03
214 4.446140e-03
215 4.446140e-03
216 4.446140e-03
217 4.446140e-03
218 4.446140e-03
219 4.446140e-03
220 4.446140e-03
221 4.446140e-03
222 4.446140e-03
223 4.446140e-03
224 4.446140e-03
225 4.446140e-03
226 4.446140e-03
227 4.446140e-03
228 4.446140e-03
229 4.446140e-03
230 4.446140e-03
231 4.446140e-03
232 4.446140e-03
233 4.446140e-03
234 4.446140e-03
235 4.446140e-03
236 4.446140e-03
237 4.446140e-03
238 4.446140e-03
239 4.446140e-03
240 4.446140e-03
241 4.446140e-03
242 4.446140e-03
243 4.446140e-03
244 4.446140e-03
245 4.446140e-03
246 4.446140e-03
247 4.446140e-03
248 4.446140e-03
249 4.446140e-03
250 4.446140e-03
251 4.446140e-03
252 4.446140e-03
253 4.446140e-03
254 4.446140e-03
255 4.446140e-03
256 4.446140e-03
257 4.446140e-03
258 4.446140e-03
259 4.446140e-03
260 4.446140e-03
261 4.446140e-03
262 4.446140e-03
263 4.446140e-03
264 4.446140e-03
265 4.446140e-03
266 4.446140e-03
267 4.446140e-03
268 4.446140e-03
269 4.446140e-03
270 4.446140e-03
271 4.446140e-03
272 4.446140e-03
273 4.446140e-03
274 4.446140e-03
275 4.446140e-03
276 4.446140e-03
277 4.446140e-03
278 4.446140e-03
279 4.446140e-03
280 4.446140e-03
281 4.446140e-03
282 4.446140e-03
283 4.446140e-03
284 4.446140e-03
285 4.446140e-03
286 4.446140e-03
287 4.446140e-03
288 4.446140e-03
289 4.446140e-03
290 4.446140e-03
291 4.446140e-03
292 4.446140e-03
293 4.446140e-03
294 4.446140e-03
295 4.446140e-03
296 4.446140e-03
297 4.446140e-03
298 4.446140e-03
299 4.446140e-03
300 4.446140e-03
