1 0.039196
2 0.001964
3 0.000536
4 0.000268
5 0.000357
6 0.000357
7 0.000313
8 0.000313
9 0.000313
10 0.000268
11 0.000268
12 0.000357
13 0.000223
14 0.000268
15 0.000357
16 0.000357
17 0.000223
18 0.000268
19 0.000357
20 0.000223
21 0.000268
22 0.000357
23 0.000268
24 0.000223
25 0.000268
26 0.000313
27 0.000223
28 0.000268
29 0.000268
30 0.000268
31 0.000268
32 0.000268
33 0.000268
34 0.000223
35 0.000268
36 0.000268
37 0.000268
38 0.000268
39 0.000268
40 0.000268
41 0.000268
42 0.000268
43 0.000268
44 0.000268
45 0.000268
46 0.000268
47 0.000268
48 0.000268
49 0.000268
50 0.000268
51 0.000268
52 0.000268
53 0.000268
54 0.000268
55 0.000268
56 0.000268
57 0.000268
58 0.000268
59 0.000268
60 0.000268
61 0.000268
62 0.000268
63 0.000268
64 0.000268
65 0.000268
66 0.000268
67 0.000268
68 0.000268
69 0.000268
70 0.000268
71 0.000268
72 0.000268
73 0.000268
74 0.000268
75 0.000268
76 0.000268
77 0.000268
78 0.000268
79 0.000268
80 0.000268
81 0.000268
82 0.000268
83 0.000268
84 0.000268
85 0.000268
86 0.000268
87 0.000268
88 0.000268
89 0.000268
90 0.000268
91 0.000268
92 0.000268
93 0.000268
94 0.000268
95 0.000268
96 0.000268
97 0.000268
98 0.000268
99 0.000268
100 0.000268
101 0.000179
102 0.000179
103 0.000134
104 0.000134
105 0.000134
106 0.000134
107 0.000134
108 0.000134
109 0.000134
110 0.000134
111 0.000134
112 0.000134
113 0.000134
114 0.000134
115 0.000134
116 0.000134
117 0.000134
118 0.000134
119 0.000134
120 0.000134
121 0.000134
122 0.000134
123 0.000134
124 0.000134
125 0.000134
126 0.000134
127 0.000134
128 0.000134
129 0.000134
130 0.000134
131 0.000134
132 0.000134
133 0.000134
134 0.000134
135 0.000134
136 0.000134
137 0.000134
138 0.000134
139 0.000134
140 0.000134
141 0.000134
142 0.000134
143 0.000134
144 0.000134
145 0.000134
146 0.000134
147 0.000134
148 0.000134
149 0.000134
150 0.000134
151 0.000134
152 0.000134
153 0.000134
154 0.000134
155 0.000134
156 0.000134
157 0.000134
158 0.000134
159 0.000134
160 0.000134
161 0.000134
162 0.000134
163 0.000134
164 0.000134
165 0.000134
166 0.000134
167 0.000134
168 0.000134
169 0.000134
170 0.000134
171 0.000134
172 0.000134
173 0.000134
174 0.000134
175 0.000134
176 0.000134
177 0.000134
178 0.000134
179 0.000134
180 0.000134
181 0.000134
182 0.000134
183 0.000134
184 0.000134
185 0.000134
186 0.000134
187 0.000134
188 0.000134
189 0.000134
190 0.000134
191 0.000134
192 0.000134
193 0.000134
194 0.000134
195 0.000134
196 0.000134
197 0.000134
198 0.000134
199 0.000134
200 0.000134
201 0.000134
202 0.000134
203 0.000134
204 0.000134
205 0.000134
206 0.000134
207 0.000134
208 0.000134
209 0.000134
210 0.000134
211 0.000134
212 0.000134
213 0.000134
214 0.000134
215 0.000134
216 0.000134
217 0.000134
218 0.000134
219 0.000134
220 0.000134
221 0.000134
222 0.000134
223 0.000134
224 0.000134
225 0.000134
226 0.000134
227 0.000134
228 0.000134
229 0.000134
230 0.000134
231 0.000134
232 0.000134
233 0.000134
234 0.000134
235 0.000134
236 0.000134
237 0.000134
238 0.000134
239 0.000134
240 0.000134
241 0.000134
242 0.000134
243 0.000134
244 0.000134
245 0.000134
246 0.000134
247 0.000134
248 0.000134
249 0.000134
250 0.000134
251 0.000134
252 0.000134
253 0.000134
254 0.000134
255 0.000134
256 0.000134
257 0.000134
258 0.000134
259 0.000134
260 0.000134
261 0.000134
262 0.000134
263 0.000134
264 0.000134
265 0.000134
266 0.000134
267 0.000134
268 0.000134
269 0.000134
270 0.000134
271 0.000134
272 0.000134
273 0.000134
274 0.000134
275 0.000134
276 0.000134
277 0.000134
278 0.000134
279 0.000134
280 0.000134
281 0.000134
282 0.000134
283 0.000134
284 0.000134
285 0.000134
286 0.000134
287 0.000134
288 0.000134
289 0.000134
290 0.000134
291 0.000134
292 0.000134
293 0.000134
294 0.000134
295 0.000134
296 0.000134
297 0.000134
298 0.000134
299 0.000134
300 0.000134
