1 0.127232
2 0.110045
3 0.103973
4 0.109464
5 0.103527
6 0.112277
7 0.105446
8 0.115089
9 0.107366
10 0.117991
11 0.110759
12 0.120580
13 0.113839
14 0.123661
15 0.117232
16 0.126339
17 0.120357
18 0.129420
19 0.122768
20 0.131786
21 0.124554
22 0.133839
23 0.126696
24 0.135000
25 0.128527
26 0.136339
27 0.129911
28 0.137679
29 0.130848
30 0.138348
31 0.131161
32 0.139241
33 0.132277
34 0.139777
35 0.132634
36 0.140625
37 0.133482
38 0.141116
39 0.134241
40 0.141607
41 0.134598
42 0.142009
43 0.135223
44 0.142232
45 0.135491
46 0.142411
47 0.135893
48 0.142857
49 0.136339
50 0.142946
51 0.136741
52 0.143393
53 0.136964
54 0.143884
55 0.137054
56 0.144063
57 0.137143
58 0.144375
59 0.137321
60 0.144598
61 0.137500
62 0.144643
63 0.137455
64 0.145000
65 0.137589
66 0.144911
67 0.137589
68 0.145045
69 0.137589
70 0.144687
71 0.137679
72 0.144687
73 0.137813
74 0.144866
75 0.137902
76 0.145000
77 0.138080
78 0.145045
79 0.138170
80 0.145089
81 0.138304
82 0.145223
83 0.138304
84 0.145313
85 0.138527
86 0.145223
87 0.138705
88 0.145179
89 0.138750
90 0.145313
91 0.138884
92 0.145313
93 0.138929
94 0.145491
95 0.139018
96 0.145670
97 0.138973
98 0.145580
99 0.138884
100 0.145580
101 0.098973
102 0.098393
103 0.094375
104 0.096027
105 0.093839
106 0.095134
107 0.093705
108 0.094911
109 0.093973
110 0.095045
111 0.093884
112 0.095134
113 0.094107
114 0.095000
115 0.094018
116 0.094598
117 0.093929
118 0.094420
119 0.094062
120 0.094241
121 0.093929
122 0.094062
123 0.093973
124 0.093973
125 0.094062
126 0.093973
127 0.093973
128 0.094018
129 0.093929
130 0.094062
131 0.093929
132 0.093973
133 0.093973
134 0.093973
135 0.093973
136 0.093929
137 0.093884
138 0.093839
139 0.093929
140 0.093839
141 0.093884
142 0.093839
143 0.093884
144 0.093795
145 0.093884
146 0.093795
147 0.093929
148 0.093616
149 0.093973
150 0.093705
151 0.094018
152 0.093705
153 0.094018
154 0.093661
155 0.093973
156 0.093661
157 0.093884
158 0.093661
159 0.093839
160 0.093705
161 0.093839
162 0.093705
163 0.093929
164 0.093705
165 0.093884
166 0.093750
167 0.093839
168 0.093795
169 0.093839
170 0.093795
171 0.093839
172 0.093795
173 0.093839
174 0.093750
175 0.093839
176 0.093750
177 0.093839
178 0.093750
179 0.093795
180 0.093705
181 0.093795
182 0.093705
183 0.093795
184 0.093705
185 0.093795
186 0.093750
187 0.093750
188 0.093750
189 0.093750
190 0.093750
191 0.093750
192 0.093750
193 0.093750
194 0.093750
195 0.093795
196 0.093750
197 0.093795
198 0.093750
199 0.093795
200 0.093750
201 0.091071
202 0.091250
203 0.091161
204 0.091116
205 0.091250
206 0.091205
207 0.091563
208 0.091384
209 0.091607
210 0.091339
211 0.091429
212 0.091071
213 0.091250
214 0.091116
215 0.091429
216 0.091205
217 0.091339
218 0.091205
219 0.091339
220 0.091161
221 0.091295
222 0.091161
223 0.091295
224 0.091295
225 0.091295
226 0.091384
227 0.091384
228 0.091339
229 0.091473
230 0.091339
231 0.091473
232 0.091295
233 0.091429
234 0.091339
235 0.091339
236 0.091295
237 0.091295
238 0.091250
239 0.091295
240 0.091250
241 0.091295
242 0.091250
243 0.091295
244 0.091205
245 0.091295
246 0.091161
247 0.091205
248 0.091071
249 0.091205
250 0.091071
251 0.091116
252 0.091071
253 0.091116
254 0.091071
255 0.091116
256 0.091116
257 0.091116
258 0.091116
259 0.091116
260 0.091116
261 0.091116
262 0.091116
263 0.091116
264 0.091116
265 0.091116
266 0.091161
267 0.091116
268 0.091161
269 0.091116
270 0.091161
271 0.091161
272 0.091116
273 0.091161
274 0.091116
275 0.091161
276 0.091161
277 0.091161
278 0.091161
279 0.091161
280 0.091161
281 0.091161
282 0.091161
283 0.091205
284 0.091161
285 0.091205
286 0.091161
287 0.091161
288 0.091161
289 0.091161
290 0.091161
291 0.091205
292 0.091161
293 0.091205
294 0.091161
295 0.091205
296 0.091161
297 0.091205
298 0.091161
299 0.091205
300 0.091161
