1 0.234420
2 0.234509
3 0.227500
4 0.231429
5 0.227187
6 0.229420
7 0.227500
8 0.228304
9 0.227857
10 0.228080
11 0.227991
12 0.228125
13 0.228661
14 0.227813
15 0.228571
16 0.227545
17 0.228527
18 0.227500
19 0.228527
20 0.227545
21 0.228348
22 0.227321
23 0.228125
24 0.227366
25 0.227946
26 0.227366
27 0.228036
28 0.227411
29 0.228036
30 0.227679
31 0.228080
32 0.227455
33 0.228304
34 0.227500
35 0.228482
36 0.227857
37 0.228571
38 0.227902
39 0.228571
40 0.227991
41 0.228482
42 0.228214
43 0.228437
44 0.228259
45 0.228348
46 0.228125
47 0.228437
48 0.228170
49 0.228527
50 0.228125
51 0.228616
52 0.228304
53 0.228661
54 0.228304
55 0.228839
56 0.228080
57 0.228839
58 0.228036
59 0.228839
60 0.228125
61 0.228795
62 0.228259
63 0.228973
64 0.228304
65 0.228884
66 0.228214
67 0.228929
68 0.228214
69 0.228973
70 0.228304
71 0.228973
72 0.228259
73 0.228929
74 0.228259
75 0.228929
76 0.228304
77 0.228929
78 0.228304
79 0.228884
80 0.228527
81 0.228973
82 0.228527
83 0.228973
84 0.228527
85 0.228973
86 0.228571
87 0.229018
88 0.228571
89 0.229152
90 0.228616
91 0.229196
92 0.228616
93 0.229196
94 0.228661
95 0.229241
96 0.228705
97 0.229196
98 0.228705
99 0.229196
100 0.228795
101 0.221429
102 0.225402
103 0.223839
104 0.225982
105 0.224643
106 0.225804
107 0.224509
108 0.226116
109 0.225000
110 0.226473
111 0.225491
112 0.226786
113 0.226027
114 0.227321
115 0.226071
116 0.227946
117 0.226295
118 0.227857
119 0.226339
120 0.228080
121 0.226429
122 0.228304
123 0.226429
124 0.228527
125 0.226205
126 0.228929
127 0.226607
128 0.229955
129 0.227277
130 0.230268
131 0.227187
132 0.230223
133 0.227411
134 0.230402
135 0.227946
136 0.231116
137 0.228304
138 0.231384
139 0.228571
140 0.231920
141 0.228304
142 0.232768
143 0.229018
144 0.233036
145 0.229330
146 0.233036
147 0.229196
148 0.233170
149 0.229330
150 0.233304
151 0.229464
152 0.233304
153 0.229687
154 0.233750
155 0.229911
156 0.234063
157 0.229732
158 0.234687
159 0.229598
160 0.235045
161 0.229554
162 0.235223
163 0.229330
164 0.235089
165 0.229420
166 0.235268
167 0.229777
168 0.235670
169 0.229955
170 0.235982
171 0.230000
172 0.236205
173 0.230357
174 0.236384
175 0.230580
176 0.236563
177 0.230536
178 0.236786
179 0.230714
180 0.236741
181 0.230848
182 0.236741
183 0.230759
184 0.236652
185 0.230625
186 0.236830
187 0.230625
188 0.237054
189 0.230670
190 0.237143
191 0.230580
192 0.237232
193 0.230491
194 0.237321
195 0.230580
196 0.237277
197 0.230670
198 0.237366
199 0.230759
200 0.237500
201 0.222009
202 0.224911
203 0.221429
204 0.222009
205 0.221027
206 0.221875
207 0.220446
208 0.221652
209 0.220223
210 0.221295
211 0.220357
212 0.221027
213 0.220312
214 0.220714
215 0.220402
216 0.220625
217 0.220446
218 0.220714
219 0.220446
220 0.220759
221 0.220580
222 0.220714
223 0.220670
224 0.220714
225 0.220625
226 0.220670
227 0.220580
228 0.220625
229 0.220580
230 0.220625
231 0.220580
232 0.220625
233 0.220580
234 0.220580
235 0.220580
236 0.220580
237 0.220580
238 0.220580
239 0.220580
240 0.220580
241 0.220580
242 0.220580
243 0.220580
244 0.220580
245 0.220580
246 0.220580
247 0.220580
248 0.220580
249 0.220580
250 0.220580
251 0.220580
252 0.220580
253 0.220580
254 0.220580
255 0.220580
256 0.220580
257 0.220580
258 0.220580
259 0.220580
260 0.220580
261 0.220580
262 0.220580
263 0.220580
264 0.220580
265 0.220580
266 0.220580
267 0.220580
268 0.220580
269 0.220580
270 0.220580
271 0.220580
272 0.220580
273 0.220580
274 0.220580
275 0.220580
276 0.220580
277 0.220580
278 0.220580
279 0.220580
280 0.220580
281 0.220580
282 0.220580
283 0.220580
284 0.220580
285 0.220580
286 0.220580
287 0.220580
288 0.220580
289 0.220580
290 0.220580
291 0.220580
292 0.220580
293 0.220580
294 0.220580
295 0.220580
296 0.220580
297 0.220580
298 0.220580
299 0.220580
300 0.220580
