1 0.184464
2 0.179866
3 0.173170
4 0.179241
5 0.171964
6 0.179107
7 0.171830
8 0.180223
9 0.172232
10 0.180312
11 0.172679
12 0.180625
13 0.174375
14 0.181786
15 0.175089
16 0.182455
17 0.176518
18 0.183929
19 0.177946
20 0.184955
21 0.178929
22 0.186696
23 0.180268
24 0.188438
25 0.181339
26 0.189330
27 0.182500
28 0.191027
29 0.183527
30 0.191830
31 0.184107
32 0.192232
33 0.185804
34 0.192723
35 0.186830
36 0.193571
37 0.187455
38 0.194643
39 0.188125
40 0.195089
41 0.188705
42 0.195491
43 0.188616
44 0.196027
45 0.188884
46 0.196339
47 0.189062
48 0.197009
49 0.189330
50 0.196920
51 0.189241
52 0.197054
53 0.189420
54 0.197411
55 0.189420
56 0.197813
57 0.189688
58 0.198661
59 0.190223
60 0.198527
61 0.190670
62 0.198750
63 0.190759
64 0.198884
65 0.190848
66 0.198795
67 0.191071
68 0.198973
69 0.191116
70 0.199018
71 0.191161
72 0.199018
73 0.191250
74 0.199241
75 0.191205
76 0.199420
77 0.191295
78 0.199554
79 0.191250
80 0.199598
81 0.191607
82 0.199687
83 0.191786
84 0.199732
85 0.191920
86 0.200000
87 0.192143
88 0.199911
89 0.192009
90 0.199911
91 0.192277
92 0.200089
93 0.192321
94 0.200089
95 0.192366
96 0.200134
97 0.192545
98 0.200045
99 0.192321
100 0.200223
101 0.162723
102 0.167768
103 0.162188
104 0.165179
105 0.162723
106 0.164732
107 0.163571
108 0.164643
109 0.163661
110 0.164643
111 0.163482
112 0.164554
113 0.163348
114 0.164509
115 0.163348
116 0.164554
117 0.163348
118 0.164330
119 0.163259
120 0.164196
121 0.163259
122 0.164062
123 0.163259
124 0.164018
125 0.163571
126 0.163973
127 0.163527
128 0.163884
129 0.163571
130 0.163795
131 0.163839
132 0.163750
133 0.163884
134 0.163750
135 0.163929
136 0.163795
137 0.163929
138 0.163795
139 0.163795
140 0.163839
141 0.163884
142 0.163884
143 0.163795
144 0.163839
145 0.163795
146 0.163795
147 0.163705
148 0.163795
149 0.163705
150 0.163795
151 0.163750
152 0.163795
153 0.163839
154 0.163884
155 0.163795
156 0.163884
157 0.163795
158 0.163884
159 0.163839
160 0.163884
161 0.163839
162 0.163929
163 0.163839
164 0.163929
165 0.163839
166 0.163929
167 0.163839
168 0.163929
169 0.163839
170 0.163973
171 0.163884
172 0.163973
173 0.163795
174 0.163973
175 0.163750
176 0.163973
177 0.163795
178 0.163929
179 0.163884
180 0.163929
181 0.163884
182 0.163973
183 0.163884
184 0.163973
185 0.163884
186 0.163973
187 0.163929
188 0.163973
189 0.163973
190 0.163929
191 0.163973
192 0.163929
193 0.164018
194 0.163929
195 0.164018
196 0.163973
197 0.164018
198 0.163973
199 0.164062
200 0.163973
201 0.162232
202 0.160446
203 0.160759
204 0.160045
205 0.160938
206 0.160268
207 0.160938
208 0.160402
209 0.160982
210 0.160223
211 0.160670
212 0.159911
213 0.160536
214 0.159866
215 0.160402
216 0.159866
217 0.160357
218 0.159732
219 0.160312
220 0.159598
221 0.160268
222 0.159643
223 0.160268
224 0.159688
225 0.160223
226 0.159732
227 0.160179
228 0.159821
229 0.160268
230 0.159866
231 0.160357
232 0.159866
233 0.160179
234 0.159911
235 0.160134
236 0.159955
237 0.160134
238 0.159955
239 0.160179
240 0.160045
241 0.160134
242 0.160000
243 0.160089
244 0.159911
245 0.160134
246 0.160000
247 0.160134
248 0.160000
249 0.160134
250 0.160045
251 0.160089
252 0.160045
253 0.160045
254 0.160045
255 0.160000
256 0.160000
257 0.160000
258 0.159955
259 0.159955
260 0.159911
261 0.159955
262 0.159911
263 0.160045
264 0.159955
265 0.159955
266 0.159911
267 0.160000
268 0.159866
269 0.160089
270 0.159955
271 0.160134
272 0.159911
273 0.160134
274 0.159955
275 0.160134
276 0.159911
277 0.160045
278 0.159866
279 0.160045
280 0.159821
281 0.160045
282 0.159866
283 0.160045
284 0.159911
285 0.160045
286 0.159911
287 0.160000
288 0.159866
289 0.160045
290 0.159911
291 0.160045
292 0.159911
293 0.160000
294 0.159866
295 0.159955
296 0.159866
297 0.160000
298 0.159821
299 0.160045
300 0.159821
