1 0.077321
2 0.039018
3 0.035402
4 0.034732
5 0.031071
6 0.034509
7 0.031116
8 0.034955
9 0.032009
10 0.035357
11 0.032813
12 0.035580
13 0.033393
14 0.035893
15 0.033438
16 0.036161
17 0.033750
18 0.036116
19 0.033839
20 0.036384
21 0.033973
22 0.036562
23 0.033973
24 0.036518
25 0.033973
26 0.036652
27 0.034152
28 0.036696
29 0.034286
30 0.036696
31 0.034509
32 0.036652
33 0.034598
34 0.036741
35 0.034688
36 0.036741
37 0.034688
38 0.036652
39 0.034688
40 0.036652
41 0.034688
42 0.036652
43 0.034732
44 0.036607
45 0.034777
46 0.036607
47 0.034732
48 0.036741
49 0.034777
50 0.036786
51 0.034821
52 0.036786
53 0.034866
54 0.036786
55 0.034911
56 0.036741
57 0.034911
58 0.036741
59 0.034911
60 0.036786
61 0.034955
62 0.036830
63 0.034955
64 0.036786
65 0.034955
66 0.036786
67 0.034955
68 0.036830
69 0.034955
70 0.036830
71 0.034955
72 0.036786
73 0.034955
74 0.036741
75 0.034955
76 0.036741
77 0.034955
78 0.036786
79 0.034955
80 0.036786
81 0.034955
82 0.036786
83 0.034955
84 0.036786
85 0.034955
86 0.036786
87 0.034955
88 0.036786
89 0.034955
90 0.036786
91 0.034955
92 0.036786
93 0.034955
94 0.036786
95 0.034955
96 0.036786
97 0.035000
98 0.036786
99 0.035000
100 0.036786
101 0.028973
102 0.029152
103 0.026518
104 0.028125
105 0.025268
106 0.027411
107 0.025223
108 0.027054
109 0.025179
110 0.026518
111 0.025089
112 0.026295
113 0.024821
114 0.026071
115 0.024688
116 0.026027
117 0.024643
118 0.025937
119 0.024643
120 0.025893
121 0.024643
122 0.026071
123 0.024420
124 0.026071
125 0.024509
126 0.026027
127 0.024464
128 0.026027
129 0.024464
130 0.025982
131 0.024375
132 0.025982
133 0.024420
134 0.026027
135 0.024375
136 0.026071
137 0.024375
138 0.026071
139 0.024375
140 0.026027
141 0.024330
142 0.026071
143 0.024375
144 0.026027
145 0.024375
146 0.026027
147 0.024375
148 0.026027
149 0.024420
150 0.025982
151 0.024420
152 0.026027
153 0.024464
154 0.026027
155 0.024464
156 0.026071
157 0.024464
158 0.026071
159 0.024509
160 0.026071
161 0.024554
162 0.026071
163 0.024554
164 0.026071
165 0.024554
166 0.026071
167 0.024598
168 0.026071
169 0.024643
170 0.026071
171 0.024643
172 0.026071
173 0.024643
174 0.026071
175 0.024643
176 0.026071
177 0.024643
178 0.026071
179 0.024643
180 0.026071
181 0.024643
182 0.026071
183 0.024643
184 0.026071
185 0.024643
186 0.026071
187 0.024643
188 0.026071
189 0.024643
190 0.026071
191 0.024643
192 0.026071
193 0.024643
194 0.026071
195 0.024643
196 0.026071
197 0.024643
198 0.026071
199 0.024643
200 0.026071
201 0.022857
202 0.024375
203 0.022902
204 0.024107
205 0.022812
206 0.023929
207 0.022723
208 0.023929
209 0.022679
210 0.023884
211 0.022812
212 0.023929
213 0.022768
214 0.023795
215 0.022723
216 0.023795
217 0.022634
218 0.023839
219 0.022634
220 0.023795
221 0.022589
222 0.023795
223 0.022589
224 0.023750
225 0.022589
226 0.023750
227 0.022634
228 0.023750
229 0.022589
230 0.023750
231 0.022634
232 0.023750
233 0.022634
234 0.023750
235 0.022679
236 0.023750
237 0.022679
238 0.023750
239 0.022679
240 0.023750
241 0.022723
242 0.023661
243 0.022723
244 0.023616
245 0.022723
246 0.023616
247 0.022723
248 0.023616
249 0.022723
250 0.023616
251 0.022723
252 0.023616
253 0.022723
254 0.023616
255 0.022723
256 0.023616
257 0.022723
258 0.023616
259 0.022723
260 0.023661
261 0.022679
262 0.023661
263 0.022679
264 0.023661
265 0.022679
266 0.023661
267 0.022679
268 0.023661
269 0.022723
270 0.023661
271 0.022812
272 0.023661
273 0.022812
274 0.023616
275 0.022812
276 0.023616
277 0.022857
278 0.023616
279 0.022857
280 0.023616
281 0.022857
282 0.023616
283 0.022857
284 0.023616
285 0.022857
286 0.023616
287 0.022857
288 0.023616
289 0.022857
290 0.023616
291 0.022857
292 0.023616
293 0.022857
294 0.023616
295 0.022857
296 0.023616
297 0.022857
298 0.023616
299 0.022857
300 0.023616
