1 1.649984e-01
2 1.734494e-01
3 1.760979e-01
4 1.762651e-01
5 1.762377e-01
6 1.762332e-01
7 1.762327e-01
8 1.762318e-01
9 1.762309e-01
10 1.762308e-01
11 1.762307e-01
12 1.762307e-01
13 1.762306e-01
14 1.762306e-01
15 1.762306e-01
16 1.762306e-01
17 1.762306e-01
18 1.762306e-01
19 1.762306e-01
20 1.762306e-01
21 1.762306e-01
22 1.762306e-01
23 1.762306e-01
24 1.762306e-01
25 1.762306e-01
26 1.762306e-01
27 1.762306e-01
28 1.762306e-01
29 1.762306e-01
30 1.762306e-01
31 1.762306e-01
32 1.762306e-01
33 1.762306e-01
34 1.762306e-01
35 1.762306e-01
36 1.762306e-01
37 1.762306e-01
38 1.762306e-01
39 1.762306e-01
40 1.762306e-01
41 1.762306e-01
42 1.762306e-01
43 1.762306e-01
44 1.762306e-01
45 1.762306e-01
46 1.762306e-01
47 1.762306e-01
48 1.762306e-01
49 1.762306e-01
50 1.762306e-01
51 1.762306e-01
52 1.762306e-01
53 1.762306e-01
54 1.762306e-01
55 1.762306e-01
56 1.762306e-01
57 1.762306e-01
58 1.762306e-01
59 1.762306e-01
60 1.762306e-01
61 1.762306e-01
62 1.762306e-01
63 1.762306e-01
64 1.762306e-01
65 1.762306e-01
66 1.762306e-01
67 1.762306e-01
68 1.762306e-01
69 1.762306e-01
70 1.762306e-01
71 1.762306e-01
72 1.762306e-01
73 1.762306e-01
74 1.762306e-01
75 1.762306e-01
76 1.762306e-01
77 1.762306e-01
78 1.762306e-01
79 1.762306e-01
80 1.762306e-01
81 1.762306e-01
82 1.762306e-01
83 1.762306e-01
84 1.762306e-01
85 1.762306e-01
86 1.762306e-01
87 1.762306e-01
88 1.762306e-01
89 1.762306e-01
90 1.762306e-01
91 1.762306e-01
92 1.762306e-01
93 1.762306e-01
94 1.762306e-01
95 1.762306e-01
96 1.762306e-01
97 1.762306e-01
98 1.762306e-01
99 1.762306e-01
100 1.762306e-01
101 3.985135e-01
102 3.981961e-01
103 4.204807e-01
104 4.232474e-01
105 4.262291e-01
106 4.269278e-01
107 4.274495e-01
108 4.276159e-01
109 4.277209e-01
110 4.277610e-01
111 4.277842e-01
112 4.277940e-01
113 4.277994e-01
114 4.278019e-01
115 4.278032e-01
116 4.278038e-01
117 4.278041e-01
118 4.278043e-01
119 4.278044e-01
120 4.278044e-01
121 4.278044e-01
122 4.278044e-01
123 4.278044e-01
124 4.278044e-01
125 4.278044e-01
126 4.278044e-01
127 4.278044e-01
128 4.278044e-01
129 4.278044e-01
130 4.278044e-01
131 4.278044e-01
132 4.278044e-01
133 4.278044e-01
134 4.278044e-01
135 4.278044e-01
136 4.278044e-01
137 4.278044e-01
138 4.278044e-01
139 4.278044e-01
140 4.278044e-01
141 4.278044e-01
142 4.278044e-01
143 4.278044e-01
144 4.278044e-01
145 4.278044e-01
146 4.278044e-01
147 4.278044e-01
148 4.278044e-01
149 4.278044e-01
150 4.278044e-01
151 4.278044e-01
152 4.278044e-01
153 4.278044e-01
154 4.278044e-01
155 4.278044e-01
156 4.278044e-01
157 4.278044e-01
158 4.278044e-01
159 4.278044e-01
160 4.278044e-01
161 4.278044e-01
162 4.278044e-01
163 4.278044e-01
164 4.278044e-01
165 4.278044e-01
166 4.278044e-01
167 4.278044e-01
168 4.278044e-01
169 4.278044e-01
170 4.278044e-01
171 4.278044e-01
172 4.278044e-01
173 4.278044e-01
174 4.278044e-01
175 4.278044e-01
176 4.278044e-01
177 4.278044e-01
178 4.278044e-01
179 4.278044e-01
180 4.278044e-01
181 4.278044e-01
182 4.278044e-01
183 4.278044e-01
184 4.278044e-01
185 4.278044e-01
186 4.278044e-01
187 4.278044e-01
188 4.278044e-01
189 4.278044e-01
190 4.278044e-01
191 4.278044e-01
192 4.278044e-01
193 4.278044e-01
194 4.278044e-01
195 4.278044e-01
196 4.278044e-01
197 4.278044e-01
198 4.278044e-01
199 4.278044e-01
200 4.278044e-01
201 3.674746e-01
202 3.645065e-01
203 3.624532e-01
204 3.620979e-01
205 3.619044e-01
206 3.618539e-01
207 3.618297e-01
208 3.618222e-01
209 3.618188e-01
210 3.618176e-01
211 3.618171e-01
212 3.618169e-01
213 3.618168e-01
214 3.618168e-01
215 3.618168e-01
216 3.618168e-01
217 3.618168e-01
218 3.618168e-01
219 3.618168e-01
220 3.618168e-01
221 3.618168e-01
222 3.618168e-01
223 3.618168e-01
224 3.618168e-01
225 3.618168e-01
226 3.618168e-01
227 3.618168e-01
228 3.618168e-01
229 3.618168e-01
230 3.618168e-01
231 3.618168e-01
232 3.618168e-01
233 3.618168e-01
234 3.618168e-01
235 3.618168e-01
236 3.618168e-01
237 3.618168e-01
238 3.618168e-01
239 3.618168e-01
240 3.618168e-01
241 3.618168e-01
242 3.618168e-01
243 3.618168e-01
244 3.618168e-01
245 3.618168e-01
246 3.618168e-01
247 3.618168e-01
248 3.618168e-01
249 3.618168e-01
250 3.618168e-01
251 3.618168e-01
252 3.618168e-01
253 3.618168e-01
254 3.618168e-01
255 3.618168e-01
256 3.618168e-01
257 3.618168e-01
258 3.618168e-01
259 3.618168e-01
260 3.618168e-01
261 3.618168e-01
262 3.618168e-01
263 3.618168e-01
264 3.618168e-01
265 3.618168e-01
266 3.618168e-01
267 3.618168e-01
268 3.618168e-01
269 3.618168e-01
270 3.618168e-01
271 3.618168e-01
272 3.618168e-01
273 3.618168e-01
274 3.618168e-01
275 3.618168e-01
276 3.618168e-01
277 3.618168e-01
278 3.618168e-01
279 3.618168e-01
280 3.618168e-01
281 3.618168e-01
282 3.618168e-01
283 3.618168e-01
284 3.618168e-01
285 3.618168e-01
286 3.618168e-01
287 3.618168e-01
288 3.618168e-01
289 3.618168e-01
290 3.618168e-01
291 3.618168e-01
292 3.618168e-01
293 3.618168e-01
294 3.618168e-01
295 3.618168e-01
296 3.618168e-01
297 3.618168e-01
298 3.618168e-01
299 3.618168e-01
300 3.618168e-01
