1 4.718386e-02
2 2.855648e-02
3 2.733390e-02
4 2.721706e-02
5 2.718704e-02
6 2.719365e-02
7 2.719411e-02
8 2.719288e-02
9 2.719189e-02
10 2.719151e-02
11 2.719133e-02
12 2.719128e-02
13 2.719126e-02
14 2.719126e-02
15 2.719126e-02
16 2.719126e-02
17 2.719126e-02
18 2.719126e-02
19 2.719126e-02
20 2.719126e-02
21 2.719126e-02
22 2.719126e-02
23 2.719126e-02
24 2.719126e-02
25 2.719126e-02
26 2.719126e-02
27 2.719126e-02
28 2.719126e-02
29 2.719126e-02
30 2.719126e-02
31 2.719126e-02
32 2.719126e-02
33 2.719126e-02
34 2.719126e-02
35 2.719126e-02
36 2.719126e-02
37 2.719126e-02
38 2.719126e-02
39 2.719126e-02
40 2.719126e-02
41 2.719126e-02
42 2.719126e-02
43 2.719126e-02
44 2.719126e-02
45 2.719126e-02
46 2.719126e-02
47 2.719126e-02
48 2.719126e-02
49 2.719126e-02
50 2.719126e-02
51 2.719126e-02
52 2.719126e-02
53 2.719126e-02
54 2.719126e-02
55 2.719126e-02
56 2.719126e-02
57 2.719126e-02
58 2.719126e-02
59 2.719126e-02
60 2.719126e-02
61 2.719126e-02
62 2.719126e-02
63 2.719126e-02
64 2.719126e-02
65 2.719126e-02
66 2.719126e-02
67 2.719126e-02
68 2.719126e-02
69 2.719126e-02
70 2.719126e-02
71 2.719126e-02
72 2.719126e-02
73 2.719126e-02
74 2.719126e-02
75 2.719126e-02
76 2.719126e-02
77 2.719126e-02
78 2.719126e-02
79 2.719126e-02
80 2.719126e-02
81 2.719126e-02
82 2.719126e-02
83 2.719126e-02
84 2.719126e-02
85 2.719126e-02
86 2.719126e-02
87 2.719126e-02
88 2.719126e-02
89 2.719126e-02
90 2.719126e-02
91 2.719126e-02
92 2.719126e-02
93 2.719126e-02
94 2.719126e-02
95 2.719126e-02
96 2.719126e-02
97 2.719126e-02
98 2.719126e-02
99 2.719126e-02
100 2.719126e-02
101 1.625781e-02
102 1.548871e-02
103 1.544778e-02
104 1.544500e-02
105 1.544585e-02
106 1.544594e-02
107 1.544610e-02
108 1.544611e-02
109 1.544613e-02
110 1.544613e-02
111 1.544613e-02
112 1.544613e-02
113 1.544613e-02
114 1.544613e-02
115 1.544613e-02
116 1.544613e-02
117 1.544613e-02
118 1.544613e-02
119 1.544613e-02
120 1.544613e-02
121 1.544613e-02
122 1.544613e-02
123 1.544613e-02
124 1.544613e-02
125 1.544613e-02
126 1.544613e-02
127 1.544613e-02
128 1.544613e-02
129 1.544613e-02
130 1.544613e-02
131 1.544613e-02
132 1.544613e-02
133 1.544613e-02
134 1.544613e-02
135 1.544613e-02
136 1.544613e-02
137 1.544613e-02
138 1.544613e-02
139 1.544613e-02
140 1.544613e-02
141 1.544613e-02
142 1.544613e-02
143 1.544613e-02
144 1.544613e-02
145 1.544613e-02
146 1.544613e-02
147 1.544613e-02
148 1.544613e-02
149 1.544613e-02
150 1.544613e-02
151 1.544613e-02
152 1.544613e-02
153 1.544613e-02
154 1.544613e-02
155 1.544613e-02
156 1.544613e-02
157 1.544613e-02
158 1.544613e-02
159 1.544613e-02
160 1.544613e-02
161 1.544613e-02
162 1.544613e-02
163 1.544613e-02
164 1.544613e-02
165 1.544613e-02
166 1.544613e-02
167 1.544613e-02
168 1.544613e-02
169 1.544613e-02
170 1.544613e-02
171 1.544613e-02
172 1.544613e-02
173 1.544613e-02
174 1.544613e-02
175 1.544613e-02
176 1.544613e-02
177 1.544613e-02
178 1.544613e-02
179 1.544613e-02
180 1.544613e-02
181 1.544613e-02
182 1.544613e-02
183 1.544613e-02
184 1.544613e-02
185 1.544613e-02
186 1.544613e-02
187 1.544613e-02
188 1.544613e-02
189 1.544613e-02
190 1.544613e-02
191 1.544613e-02
192 1.544613e-02
193 1.544613e-02
194 1.544613e-02
195 1.544613e-02
196 1.544613e-02
197 1.544613e-02
198 1.544613e-02
199 1.544613e-02
200 1.544613e-02
201 1.352795e-02
202 1.341032e-02
203 1.338706e-02
204 1.338525e-02
205 1.338432e-02
206 1.338427e-02
207 1.338422e-02
208 1.338421e-02
209 1.338421e-02
210 1.338421e-02
211 1.338421e-02
212 1.338421e-02
213 1.338421e-02
214 1.338421e-02
215 1.338421e-02
216 1.338421e-02
217 1.338421e-02
218 1.338421e-02
219 1.338421e-02
220 1.338421e-02
221 1.338421e-02
222 1.338421e-02
223 1.338421e-02
224 1.338421e-02
225 1.338421e-02
226 1.338421e-02
227 1.338421e-02
228 1.338421e-02
229 1.338421e-02
230 1.338421e-02
231 1.338421e-02
232 1.338421e-02
233 1.338421e-02
234 1.338421e-02
235 1.338421e-02
236 1.338421e-02
237 1.338421e-02
238 1.338421e-02
239 1.338421e-02
240 1.338421e-02
241 1.338421e-02
242 1.338421e-02
243 1.338421e-02
244 1.338421e-02
245 1.338421e-02
246 1.338421e-02
247 1.338421e-02
248 1.338421e-02
249 1.338421e-02
250 1.338421e-02
251 1.338421e-02
252 1.338421e-02
253 1.338421e-02
254 1.338421e-02
255 1.338421e-02
256 1.338421e-02
257 1.338421e-02
258 1.338421e-02
259 1.338421e-02
260 1.338421e-02
261 1.338421e-02
262 1.338421e-02
263 1.338421e-02
264 1.338421e-02
265 1.338421e-02
266 1.338421e-02
267 1.338421e-02
268 1.338421e-02
269 1.338421e-02
270 1.338421e-02
271 1.338421e-02
272 1.338421e-02
273 1.338421e-02
274 1.338421e-02
275 1.338421e-02
276 1.338421e-02
277 1.338421e-02
278 1.338421e-02
279 1.338421e-02
280 1.338421e-02
281 1.338421e-02
282 1.338421e-02
283 1.338421e-02
284 1.338421e-02
285 1.338421e-02
286 1.338421e-02
287 1.338421e-02
288 1.338421e-02
289 1.338421e-02
290 1.338421e-02
291 1.338421e-02
292 1.338421e-02
293 1.338421e-02
294 1.338421e-02
295 1.338421e-02
296 1.338421e-02
297 1.338421e-02
298 1.338421e-02
299 1.338421e-02
300 1.338421e-02
