1 0.532665
2 0.509232
3 0.506221
4 0.505819
5 0.505760
6 0.505746
7 0.505744
8 0.505743
9 0.505743
10 0.505743
11 0.505743
12 0.505743
13 0.505743
14 0.505743
15 0.505743
16 0.505743
17 0.505743
18 0.505743
19 0.505743
20 0.505743
21 0.505743
22 0.505743
23 0.505743
24 0.505743
25 0.505743
26 0.505743
27 0.505743
28 0.505743
29 0.505743
30 0.505743
31 0.513920
32 0.499448
33 0.497361
34 0.497425
35 0.497484
36 0.497492
37 0.497491
38 0.497491
39 0.497491
40 0.497491
41 0.497491
42 0.497491
43 0.497491
44 0.497491
45 0.497491
46 0.497491
47 0.497491
48 0.497491
49 0.497491
50 0.497491
51 0.497491
52 0.497491
53 0.497491
54 0.497491
55 0.497491
56 0.497491
57 0.497491
58 0.497491
59 0.497491
60 0.497491
61 0.508574
62 0.495691
63 0.493869
64 0.493932
65 0.493987
66 0.493994
67 0.493994
68 0.493994
69 0.493994
70 0.493994
71 0.493994
72 0.493994
73 0.493994
74 0.493994
75 0.493994
76 0.493994
77 0.493994
78 0.493994
79 0.493994
80 0.493994
81 0.493994
82 0.493994
83 0.493994
84 0.493994
85 0.493994
86 0.493994
87 0.493994
88 0.493994
89 0.493994
90 0.493994
