1 0.340060
2 0.273859
3 0.255526
4 0.250024
5 0.248986
6 0.248599
7 0.248561
8 0.248553
9 0.248541
10 0.248540
11 0.248541
12 0.248541
13 0.248541
14 0.248541
15 0.248541
16 0.248541
17 0.248541
18 0.248541
19 0.248541
20 0.248541
21 0.248541
22 0.248541
23 0.248541
24 0.248541
25 0.248541
26 0.248541
27 0.248541
28 0.248541
29 0.248541
30 0.248541
31 0.234530
32 0.218360
33 0.216017
34 0.215165
35 0.214780
36 0.214712
37 0.214713
38 0.214729
39 0.214753
40 0.214765
41 0.214764
42 0.214764
43 0.214766
44 0.214766
45 0.214766
46 0.214766
47 0.214766
48 0.214766
49 0.214766
50 0.214766
51 0.214766
52 0.214766
53 0.214766
54 0.214766
55 0.214766
56 0.214766
57 0.214766
58 0.214766
59 0.214766
60 0.214766
61 0.216597
62 0.205922
63 0.203741
64 0.202916
65 0.202675
66 0.202675
67 0.202687
68 0.202687
69 0.202691
70 0.202698
71 0.202701
72 0.202702
73 0.202703
74 0.202703
75 0.202702
76 0.202702
77 0.202702
78 0.202702
79 0.202702
80 0.202702
81 0.202702
82 0.202702
83 0.202702
84 0.202702
85 0.202702
86 0.202702
87 0.202702
88 0.202702
89 0.202702
90 0.202702
