1 0.134844
2 0.112500
3 0.111719
4 0.110703
5 0.108203
6 0.110469
7 0.109219
8 0.110078
9 0.109453
10 0.109922
11 0.108906
12 0.109922
13 0.109453
14 0.110000
15 0.109375
16 0.110312
17 0.109531
18 0.110312
19 0.109687
20 0.110547
21 0.109922
22 0.110547
23 0.109844
24 0.110469
25 0.109922
26 0.110703
27 0.110156
28 0.111016
29 0.110078
30 0.111406
31 0.110156
32 0.111250
33 0.110234
34 0.111562
35 0.110312
36 0.111484
37 0.110547
38 0.111719
39 0.110391
40 0.111875
41 0.110547
42 0.112266
43 0.110781
44 0.112266
45 0.110547
46 0.112344
47 0.110625
48 0.112344
49 0.110469
50 0.112578
51 0.110625
52 0.112578
53 0.110547
54 0.112734
55 0.110859
56 0.112734
57 0.110547
58 0.112344
59 0.110781
60 0.112344
61 0.110937
62 0.112656
63 0.111016
64 0.112500
65 0.111016
66 0.112578
67 0.111016
68 0.112500
69 0.111016
70 0.112422
71 0.111172
72 0.112266
73 0.111172
74 0.112656
75 0.111250
76 0.112656
77 0.111328
78 0.112578
79 0.111406
80 0.112578
81 0.111406
82 0.112578
83 0.111484
84 0.112734
85 0.111250
86 0.112812
87 0.111172
88 0.112812
89 0.111094
90 0.112812
91 0.111172
92 0.112891
93 0.111328
94 0.112891
95 0.111328
96 0.112969
97 0.111328
98 0.112969
99 0.111328
100 0.112969
101 0.108828
102 0.110469
103 0.108516
104 0.110391
105 0.108359
106 0.110625
107 0.108906
108 0.110859
109 0.108828
110 0.110703
111 0.109063
112 0.110703
113 0.109297
114 0.110547
115 0.109297
116 0.110781
117 0.109375
118 0.110937
119 0.109453
120 0.111172
121 0.109453
122 0.111016
123 0.109609
124 0.111094
125 0.109844
126 0.111016
127 0.109844
128 0.111094
129 0.110078
130 0.111250
131 0.110156
132 0.111328
133 0.110312
134 0.111250
135 0.110234
136 0.111406
137 0.110234
138 0.111641
139 0.110312
140 0.111641
141 0.110156
142 0.111562
143 0.110078
144 0.111562
145 0.110156
146 0.111562
147 0.110156
148 0.111484
149 0.110078
150 0.111250
151 0.110078
152 0.111328
153 0.110078
154 0.111328
155 0.110156
156 0.111328
157 0.110312
158 0.111328
159 0.110312
160 0.111328
161 0.110391
162 0.111328
163 0.110391
164 0.111406
165 0.110391
166 0.111406
167 0.110391
168 0.111406
169 0.110391
170 0.111406
171 0.110391
172 0.111406
173 0.110391
174 0.111484
175 0.110391
176 0.111406
177 0.110391
178 0.111406
179 0.110391
180 0.111406
181 0.110391
182 0.111328
183 0.110391
184 0.111328
185 0.110469
186 0.111328
187 0.110469
188 0.111406
189 0.110469
190 0.111484
191 0.110469
192 0.111484
193 0.110469
194 0.111562
195 0.110469
196 0.111562
197 0.110469
198 0.111562
199 0.110469
200 0.111562
201 0.109687
202 0.111094
203 0.110234
204 0.111094
205 0.110391
206 0.111484
207 0.110312
208 0.111641
209 0.110234
210 0.111719
211 0.110234
212 0.111953
213 0.110234
214 0.111875
215 0.110078
216 0.111875
217 0.110078
218 0.111953
219 0.110156
220 0.111953
221 0.110312
222 0.111953
223 0.110312
224 0.111875
225 0.110234
226 0.111953
227 0.110391
228 0.111953
229 0.110391
230 0.112031
231 0.110391
232 0.112031
233 0.110391
234 0.112031
235 0.110391
236 0.112031
237 0.110391
238 0.111797
239 0.110312
240 0.111719
241 0.110391
242 0.111719
243 0.110469
244 0.111719
245 0.110469
246 0.111641
247 0.110469
248 0.111719
249 0.110469
250 0.111719
251 0.110469
252 0.111719
253 0.110469
254 0.111719
255 0.110469
256 0.111797
257 0.110469
258 0.111875
259 0.110469
260 0.111875
261 0.110469
262 0.111797
263 0.110391
264 0.111797
265 0.110391
266 0.111797
267 0.110391
268 0.111797
269 0.110391
270 0.111797
271 0.110391
272 0.111797
273 0.110391
274 0.111797
275 0.110391
276 0.111875
277 0.110391
278 0.111875
279 0.110391
280 0.111875
281 0.110391
282 0.111875
283 0.110391
284 0.111953
285 0.110391
286 0.111953
287 0.110391
288 0.111953
289 0.110469
290 0.111953
291 0.110391
292 0.111953
293 0.110391
294 0.112031
295 0.110391
296 0.112031
297 0.110391
298 0.112031
299 0.110391
300 0.112031
