1 0.070625
2 0.029063
3 0.026562
4 0.022266
5 0.021719
6 0.021641
7 0.021250
8 0.021719
9 0.020938
10 0.021406
11 0.020703
12 0.021172
13 0.020625
14 0.021094
15 0.020625
16 0.020781
17 0.020703
18 0.020781
19 0.020781
20 0.020859
21 0.020859
22 0.020938
23 0.020625
24 0.021016
25 0.020625
26 0.021016
27 0.020703
28 0.021016
29 0.020781
30 0.021016
31 0.020781
32 0.021016
33 0.020859
34 0.021016
35 0.020859
36 0.021016
37 0.020859
38 0.021016
39 0.020859
40 0.021094
41 0.020781
42 0.021094
43 0.020781
44 0.021094
45 0.020781
46 0.021094
47 0.020781
48 0.021172
49 0.020781
50 0.021172
51 0.020781
52 0.021172
53 0.020781
54 0.021172
55 0.020781
56 0.021172
57 0.020781
58 0.021172
59 0.020781
60 0.021172
61 0.020781
62 0.021094
63 0.020781
64 0.021094
65 0.020781
66 0.021094
67 0.020781
68 0.021094
69 0.020781
70 0.021094
71 0.020781
72 0.021094
73 0.020781
74 0.021094
75 0.020781
76 0.021094
77 0.020781
78 0.021094
79 0.020781
80 0.021094
81 0.020781
82 0.021094
83 0.020781
84 0.021094
85 0.020781
86 0.021094
87 0.020781
88 0.021094
89 0.020781
90 0.021094
91 0.020781
92 0.021094
93 0.020781
94 0.021094
95 0.020781
96 0.021094
97 0.020781
98 0.021094
99 0.020781
100 0.021094
101 0.020391
102 0.020703
103 0.020078
104 0.020547
105 0.019922
106 0.020469
107 0.019844
108 0.020391
109 0.019922
110 0.020391
111 0.019922
112 0.020391
113 0.019922
114 0.020391
115 0.019922
116 0.020391
117 0.019922
118 0.020391
119 0.020078
120 0.020391
121 0.020078
122 0.020469
123 0.020078
124 0.020469
125 0.020078
126 0.020547
127 0.020078
128 0.020625
129 0.020156
130 0.020625
131 0.020078
132 0.020625
133 0.020156
134 0.020625
135 0.020156
136 0.020625
137 0.020156
138 0.020625
139 0.020156
140 0.020625
141 0.020156
142 0.020547
143 0.020234
144 0.020547
145 0.020313
146 0.020547
147 0.020313
148 0.020547
149 0.020313
150 0.020547
151 0.020313
152 0.020547
153 0.020313
154 0.020547
155 0.020313
156 0.020547
157 0.020313
158 0.020547
159 0.020313
160 0.020547
161 0.020313
162 0.020547
163 0.020313
164 0.020547
165 0.020313
166 0.020547
167 0.020313
168 0.020547
169 0.020313
170 0.020547
171 0.020313
172 0.020547
173 0.020313
174 0.020547
175 0.020313
176 0.020547
177 0.020313
178 0.020547
179 0.020313
180 0.020547
181 0.020313
182 0.020547
183 0.020313
184 0.020547
185 0.020313
186 0.020547
187 0.020313
188 0.020547
189 0.020313
190 0.020547
191 0.020313
192 0.020547
193 0.020313
194 0.020547
195 0.020313
196 0.020547
197 0.020313
198 0.020547
199 0.020313
200 0.020547
201 0.019844
202 0.020078
203 0.019922
204 0.020078
205 0.019844
206 0.020156
207 0.019922
208 0.020234
209 0.020000
210 0.020234
211 0.020000
212 0.020234
213 0.020000
214 0.020234
215 0.020000
216 0.020234
217 0.020000
218 0.020234
219 0.020000
220 0.020234
221 0.020000
222 0.020234
223 0.020000
224 0.020234
225 0.020000
226 0.020234
227 0.020000
228 0.020234
229 0.020000
230 0.020234
231 0.020000
232 0.020234
233 0.020000
234 0.020234
235 0.020000
236 0.020234
237 0.020000
238 0.020313
239 0.020000
240 0.020313
241 0.020000
242 0.020313
243 0.020000
244 0.020313
245 0.020000
246 0.020313
247 0.020000
248 0.020313
249 0.020000
250 0.020313
251 0.020000
252 0.020313
253 0.020078
254 0.020313
255 0.020078
256 0.020313
257 0.020078
258 0.020313
259 0.020078
260 0.020313
261 0.020078
262 0.020313
263 0.020078
264 0.020313
265 0.020078
266 0.020313
267 0.020078
268 0.020313
269 0.020078
270 0.020313
271 0.020078
272 0.020313
273 0.020078
274 0.020313
275 0.020078
276 0.020313
277 0.020078
278 0.020313
279 0.020078
280 0.020313
281 0.020078
282 0.020313
283 0.020078
284 0.020313
285 0.020078
286 0.020313
287 0.020078
288 0.020313
289 0.020078
290 0.020313
291 0.020078
292 0.020313
293 0.020078
294 0.020313
295 0.020078
296 0.020313
297 0.020078
298 0.020313
299 0.020078
300 0.020313
