1 1.191453e-02
2 3.024943e-03
3 2.701004e-03
4 2.691890e-03
5 2.691109e-03
6 2.691046e-03
7 2.691000e-03
8 2.690995e-03
9 2.690995e-03
10 2.690995e-03
11 2.690995e-03
12 2.690995e-03
13 2.690995e-03
14 2.690995e-03
15 2.690995e-03
16 2.690995e-03
17 2.690995e-03
18 2.690995e-03
19 2.690995e-03
20 2.690995e-03
21 2.690995e-03
22 2.690995e-03
23 2.690995e-03
24 2.690995e-03
25 2.690995e-03
26 2.690995e-03
27 2.690995e-03
28 2.690995e-03
29 2.690995e-03
30 2.690995e-03
31 2.690995e-03
32 2.690995e-03
33 2.690995e-03
34 2.690995e-03
35 2.690995e-03
36 2.690995e-03
37 2.690995e-03
38 2.690995e-03
39 2.690995e-03
40 2.690995e-03
41 2.690995e-03
42 2.690995e-03
43 2.690995e-03
44 2.690995e-03
45 2.690995e-03
46 2.690995e-03
47 2.690995e-03
48 2.690995e-03
49 2.690995e-03
50 2.690995e-03
51 2.690995e-03
52 2.690995e-03
53 2.690995e-03
54 2.690995e-03
55 2.690995e-03
56 2.690995e-03
57 2.690995e-03
58 2.690995e-03
59 2.690995e-03
60 2.690995e-03
61 2.690995e-03
62 2.690995e-03
63 2.690995e-03
64 2.690995e-03
65 2.690995e-03
66 2.690995e-03
67 2.690995e-03
68 2.690995e-03
69 2.690995e-03
70 2.690995e-03
71 2.690995e-03
72 2.690995e-03
73 2.690995e-03
74 2.690995e-03
75 2.690995e-03
76 2.690995e-03
77 2.690995e-03
78 2.690995e-03
79 2.690995e-03
80 2.690995e-03
81 2.690995e-03
82 2.690995e-03
83 2.690995e-03
84 2.690995e-03
85 2.690995e-03
86 2.690995e-03
87 2.690995e-03
88 2.690995e-03
89 2.690995e-03
90 2.690995e-03
91 2.690995e-03
92 2.690995e-03
93 2.690995e-03
94 2.690995e-03
95 2.690995e-03
96 2.690995e-03
97 2.690995e-03
98 2.690995e-03
99 2.690995e-03
100 2.690995e-03
101 2.151804e-03
102 2.135848e-03
103 2.135958e-03
104 2.135948e-03
105 2.135968e-03
106 2.135969e-03
107 2.135969e-03
108 2.135969e-03
109 2.135969e-03
110 2.135969e-03
111 2.135969e-03
112 2.135969e-03
113 2.135969e-03
114 2.135969e-03
115 2.135969e-03
116 2.135969e-03
117 2.135969e-03
118 2.135969e-03
119 2.135969e-03
120 2.135969e-03
121 2.135969e-03
122 2.135969e-03
123 2.135969e-03
124 2.135969e-03
125 2.135969e-03
126 2.135969e-03
127 2.135969e-03
128 2.135969e-03
129 2.135969e-03
130 2.135969e-03
131 2.135969e-03
132 2.135969e-03
133 2.135969e-03
134 2.135969e-03
135 2.135969e-03
136 2.135969e-03
137 2.135969e-03
138 2.135969e-03
139 2.135969e-03
140 2.135969e-03
141 2.135969e-03
142 2.135969e-03
143 2.135969e-03
144 2.135969e-03
145 2.135969e-03
146 2.135969e-03
147 2.135969e-03
148 2.135969e-03
149 2.135969e-03
150 2.135969e-03
151 2.135969e-03
152 2.135969e-03
153 2.135969e-03
154 2.135969e-03
155 2.135969e-03
156 2.135969e-03
157 2.135969e-03
158 2.135969e-03
159 2.135969e-03
160 2.135969e-03
161 2.135969e-03
162 2.135969e-03
163 2.135969e-03
164 2.135969e-03
165 2.135969e-03
166 2.135969e-03
167 2.135969e-03
168 2.135969e-03
169 2.135969e-03
170 2.135969e-03
171 2.135969e-03
172 2.135969e-03
173 2.135969e-03
174 2.135969e-03
175 2.135969e-03
176 2.135969e-03
177 2.135969e-03
178 2.135969e-03
179 2.135969e-03
180 2.135969e-03
181 2.135969e-03
182 2.135969e-03
183 2.135969e-03
184 2.135969e-03
185 2.135969e-03
186 2.135969e-03
187 2.135969e-03
188 2.135969e-03
189 2.135969e-03
190 2.135969e-03
191 2.135969e-03
192 2.135969e-03
193 2.135969e-03
194 2.135969e-03
195 2.135969e-03
196 2.135969e-03
197 2.135969e-03
198 2.135969e-03
199 2.135969e-03
200 2.135969e-03
201 2.135642e-03
202 2.135698e-03
203 2.135702e-03
204 2.135701e-03
205 2.135701e-03
206 2.135701e-03
207 2.135701e-03
208 2.135701e-03
209 2.135701e-03
210 2.135701e-03
211 2.135701e-03
212 2.135701e-03
213 2.135701e-03
214 2.135701e-03
215 2.135701e-03
216 2.135701e-03
217 2.135701e-03
218 2.135701e-03
219 2.135701e-03
220 2.135701e-03
221 2.135701e-03
222 2.135701e-03
223 2.135701e-03
224 2.135701e-03
225 2.135701e-03
226 2.135701e-03
227 2.135701e-03
228 2.135701e-03
229 2.135701e-03
230 2.135701e-03
231 2.135701e-03
232 2.135701e-03
233 2.135701e-03
234 2.135701e-03
235 2.135701e-03
236 2.135701e-03
237 2.135701e-03
238 2.135701e-03
239 2.135701e-03
240 2.135701e-03
241 2.135701e-03
242 2.135701e-03
243 2.135701e-03
244 2.135701e-03
245 2.135701e-03
246 2.135701e-03
247 2.135701e-03
248 2.135701e-03
249 2.135701e-03
250 2.135701e-03
251 2.135701e-03
252 2.135701e-03
253 2.135701e-03
254 2.135701e-03
255 2.135701e-03
256 2.135701e-03
257 2.135701e-03
258 2.135701e-03
259 2.135701e-03
260 2.135701e-03
261 2.135701e-03
262 2.135701e-03
263 2.135701e-03
264 2.135701e-03
265 2.135701e-03
266 2.135701e-03
267 2.135701e-03
268 2.135701e-03
269 2.135701e-03
270 2.135701e-03
271 2.135701e-03
272 2.135701e-03
273 2.135701e-03
274 2.135701e-03
275 2.135701e-03
276 2.135701e-03
277 2.135701e-03
278 2.135701e-03
279 2.135701e-03
280 2.135701e-03
281 2.135701e-03
282 2.135701e-03
283 2.135701e-03
284 2.135701e-03
285 2.135701e-03
286 2.135701e-03
287 2.135701e-03
288 2.135701e-03
289 2.135701e-03
290 2.135701e-03
291 2.135701e-03
292 2.135701e-03
293 2.135701e-03
294 2.135701e-03
295 2.135701e-03
296 2.135701e-03
297 2.135701e-03
298 2.135701e-03
299 2.135701e-03
300 2.135701e-03
