1 1.309447e-02
2 4.346787e-03
3 4.034249e-03
4 4.026518e-03
5 4.025688e-03
6 4.025619e-03
7 4.025562e-03
8 4.025556e-03
9 4.025556e-03
10 4.025556e-03
11 4.025556e-03
12 4.025556e-03
13 4.025556e-03
14 4.025556e-03
15 4.025556e-03
16 4.025556e-03
17 4.025556e-03
18 4.025556e-03
19 4.025556e-03
20 4.025556e-03
21 4.025556e-03
22 4.025556e-03
23 4.025556e-03
24 4.025556e-03
25 4.025556e-03
26 4.025556e-03
27 4.025556e-03
28 4.025556e-03
29 4.025556e-03
30 4.025556e-03
31 4.025556e-03
32 4.025556e-03
33 4.025556e-03
34 4.025556e-03
35 4.025556e-03
36 4.025556e-03
37 4.025556e-03
38 4.025556e-03
39 4.025556e-03
40 4.025556e-03
41 4.025556e-03
42 4.025556e-03
43 4.025556e-03
44 4.025556e-03
45 4.025556e-03
46 4.025556e-03
47 4.025556e-03
48 4.025556e-03
49 4.025556e-03
50 4.025556e-03
51 4.025556e-03
52 4.025556e-03
53 4.025556e-03
54 4.025556e-03
55 4.025556e-03
56 4.025556e-03
57 4.025556e-03
58 4.025556e-03
59 4.025556e-03
60 4.025556e-03
61 4.025556e-03
62 4.025556e-03
63 4.025556e-03
64 4.025556e-03
65 4.025556e-03
66 4.025556e-03
67 4.025556e-03
68 4.025556e-03
69 4.025556e-03
70 4.025556e-03
71 4.025556e-03
72 4.025556e-03
73 4.025556e-03
74 4.025556e-03
75 4.025556e-03
76 4.025556e-03
77 4.025556e-03
78 4.025556e-03
79 4.025556e-03
80 4.025556e-03
81 4.025556e-03
82 4.025556e-03
83 4.025556e-03
84 4.025556e-03
85 4.025556e-03
86 4.025556e-03
87 4.025556e-03
88 4.025556e-03
89 4.025556e-03
90 4.025556e-03
91 4.025556e-03
92 4.025556e-03
93 4.025556e-03
94 4.025556e-03
95 4.025556e-03
96 4.025556e-03
97 4.025556e-03
98 4.025556e-03
99 4.025556e-03
100 4.025556e-03
101 3.238269e-03
102 3.215052e-03
103 3.215426e-03
104 3.215402e-03
105 3.215434e-03
106 3.215438e-03
107 3.215438e-03
108 3.215438e-03
109 3.215438e-03
110 3.215438e-03
111 3.215438e-03
112 3.215438e-03
113 3.215438e-03
114 3.215438e-03
115 3.215438e-03
116 3.215438e-03
117 3.215438e-03
118 3.215438e-03
119 3.215438e-03
120 3.215438e-03
121 3.215438e-03
122 3.215438e-03
123 3.215438e-03
124 3.215438e-03
125 3.215438e-03
126 3.215438e-03
127 3.215438e-03
128 3.215438e-03
129 3.215438e-03
130 3.215438e-03
131 3.215438e-03
132 3.215438e-03
133 3.215438e-03
134 3.215438e-03
135 3.215438e-03
136 3.215438e-03
137 3.215438e-03
138 3.215438e-03
139 3.215438e-03
140 3.215438e-03
141 3.215438e-03
142 3.215438e-03
143 3.215438e-03
144 3.215438e-03
145 3.215438e-03
146 3.215438e-03
147 3.215438e-03
148 3.215438e-03
149 3.215438e-03
150 3.215438e-03
151 3.215438e-03
152 3.215438e-03
153 3.215438e-03
154 3.215438e-03
155 3.215438e-03
156 3.215438e-03
157 3.215438e-03
158 3.215438e-03
159 3.215438e-03
160 3.215438e-03
161 3.215438e-03
162 3.215438e-03
163 3.215438e-03
164 3.215438e-03
165 3.215438e-03
166 3.215438e-03
167 3.215438e-03
168 3.215438e-03
169 3.215438e-03
170 3.215438e-03
171 3.215438e-03
172 3.215438e-03
173 3.215438e-03
174 3.215438e-03
175 3.215438e-03
176 3.215438e-03
177 3.215438e-03
178 3.215438e-03
179 3.215438e-03
180 3.215438e-03
181 3.215438e-03
182 3.215438e-03
183 3.215438e-03
184 3.215438e-03
185 3.215438e-03
186 3.215438e-03
187 3.215438e-03
188 3.215438e-03
189 3.215438e-03
190 3.215438e-03
191 3.215438e-03
192 3.215438e-03
193 3.215438e-03
194 3.215438e-03
195 3.215438e-03
196 3.215438e-03
197 3.215438e-03
198 3.215438e-03
199 3.215438e-03
200 3.215438e-03
201 3.211336e-03
202 3.211180e-03
203 3.211160e-03
204 3.211160e-03
205 3.211159e-03
206 3.211159e-03
207 3.211159e-03
208 3.211159e-03
209 3.211159e-03
210 3.211159e-03
211 3.211159e-03
212 3.211159e-03
213 3.211159e-03
214 3.211159e-03
215 3.211159e-03
216 3.211159e-03
217 3.211159e-03
218 3.211159e-03
219 3.211159e-03
220 3.211159e-03
221 3.211159e-03
222 3.211159e-03
223 3.211159e-03
224 3.211159e-03
225 3.211159e-03
226 3.211159e-03
227 3.211159e-03
228 3.211159e-03
229 3.211159e-03
230 3.211159e-03
231 3.211159e-03
232 3.211159e-03
233 3.211159e-03
234 3.211159e-03
235 3.211159e-03
236 3.211159e-03
237 3.211159e-03
238 3.211159e-03
239 3.211159e-03
240 3.211159e-03
241 3.211159e-03
242 3.211159e-03
243 3.211159e-03
244 3.211159e-03
245 3.211159e-03
246 3.211159e-03
247 3.211159e-03
248 3.211159e-03
249 3.211159e-03
250 3.211159e-03
251 3.211159e-03
252 3.211159e-03
253 3.211159e-03
254 3.211159e-03
255 3.211159e-03
256 3.211159e-03
257 3.211159e-03
258 3.211159e-03
259 3.211159e-03
260 3.211159e-03
261 3.211159e-03
262 3.211159e-03
263 3.211159e-03
264 3.211159e-03
265 3.211159e-03
266 3.211159e-03
267 3.211159e-03
268 3.211159e-03
269 3.211159e-03
270 3.211159e-03
271 3.211159e-03
272 3.211159e-03
273 3.211159e-03
274 3.211159e-03
275 3.211159e-03
276 3.211159e-03
277 3.211159e-03
278 3.211159e-03
279 3.211159e-03
280 3.211159e-03
281 3.211159e-03
282 3.211159e-03
283 3.211159e-03
284 3.211159e-03
285 3.211159e-03
286 3.211159e-03
287 3.211159e-03
288 3.211159e-03
289 3.211159e-03
290 3.211159e-03
291 3.211159e-03
292 3.211159e-03
293 3.211159e-03
294 3.211159e-03
295 3.211159e-03
296 3.211159e-03
297 3.211159e-03
298 3.211159e-03
299 3.211159e-03
300 3.211159e-03
