1 4.305586e-02
2 3.768713e-02
3 3.757695e-02
4 3.759084e-02
5 3.758957e-02
6 3.758953e-02
7 3.758935e-02
8 3.758936e-02
9 3.758936e-02
10 3.758936e-02
11 3.758936e-02
12 3.758936e-02
13 3.758936e-02
14 3.758936e-02
15 3.758936e-02
16 3.758936e-02
17 3.758936e-02
18 3.758936e-02
19 3.758936e-02
20 3.758936e-02
21 3.758936e-02
22 3.758936e-02
23 3.758936e-02
24 3.758936e-02
25 3.758936e-02
26 3.758936e-02
27 3.758936e-02
28 3.758936e-02
29 3.758936e-02
30 3.758936e-02
31 3.758936e-02
32 3.758936e-02
33 3.758936e-02
34 3.758936e-02
35 3.758936e-02
36 3.758936e-02
37 3.758936e-02
38 3.758936e-02
39 3.758936e-02
40 3.758936e-02
41 3.758936e-02
42 3.758936e-02
43 3.758936e-02
44 3.758936e-02
45 3.758936e-02
46 3.758936e-02
47 3.758936e-02
48 3.758936e-02
49 3.758936e-02
50 3.758936e-02
51 3.758936e-02
52 3.758936e-02
53 3.758936e-02
54 3.758936e-02
55 3.758936e-02
56 3.758936e-02
57 3.758936e-02
58 3.758936e-02
59 3.758936e-02
60 3.758936e-02
61 3.758936e-02
62 3.758936e-02
63 3.758936e-02
64 3.758936e-02
65 3.758936e-02
66 3.758936e-02
67 3.758936e-02
68 3.758936e-02
69 3.758936e-02
70 3.758936e-02
71 3.758936e-02
72 3.758936e-02
73 3.758936e-02
74 3.758936e-02
75 3.758936e-02
76 3.758936e-02
77 3.758936e-02
78 3.758936e-02
79 3.758936e-02
80 3.758936e-02
81 3.758936e-02
82 3.758936e-02
83 3.758936e-02
84 3.758936e-02
85 3.758936e-02
86 3.758936e-02
87 3.758936e-02
88 3.758936e-02
89 3.758936e-02
90 3.758936e-02
91 3.758936e-02
92 3.758936e-02
93 3.758936e-02
94 3.758936e-02
95 3.758936e-02
96 3.758936e-02
97 3.758936e-02
98 3.758936e-02
99 3.758936e-02
100 3.758936e-02
101 5.649403e-02
102 5.889534e-02
103 6.090336e-02
104 6.133759e-02
105 6.156804e-02
106 6.163726e-02
107 6.166991e-02
108 6.168148e-02
109 6.168671e-02
110 6.168874e-02
111 6.168964e-02
112 6.169001e-02
113 6.169017e-02
114 6.169024e-02
115 6.169027e-02
116 6.169029e-02
117 6.169029e-02
118 6.169029e-02
119 6.169030e-02
120 6.169030e-02
121 6.169030e-02
122 6.169030e-02
123 6.169030e-02
124 6.169030e-02
125 6.169030e-02
126 6.169030e-02
127 6.169030e-02
128 6.169030e-02
129 6.169030e-02
130 6.169030e-02
131 6.169030e-02
132 6.169030e-02
133 6.169030e-02
134 6.169030e-02
135 6.169030e-02
136 6.169030e-02
137 6.169030e-02
138 6.169030e-02
139 6.169030e-02
140 6.169030e-02
141 6.169030e-02
142 6.169030e-02
143 6.169030e-02
144 6.169030e-02
145 6.169030e-02
146 6.169030e-02
147 6.169030e-02
148 6.169030e-02
149 6.169030e-02
150 6.169030e-02
151 6.169030e-02
152 6.169030e-02
153 6.169030e-02
154 6.169030e-02
155 6.169030e-02
156 6.169030e-02
157 6.169030e-02
158 6.169030e-02
159 6.169030e-02
160 6.169030e-02
161 6.169030e-02
162 6.169030e-02
163 6.169030e-02
164 6.169030e-02
165 6.169030e-02
166 6.169030e-02
167 6.169030e-02
168 6.169030e-02
169 6.169030e-02
170 6.169030e-02
171 6.169030e-02
172 6.169030e-02
173 6.169030e-02
174 6.169030e-02
175 6.169030e-02
176 6.169030e-02
177 6.169030e-02
178 6.169030e-02
179 6.169030e-02
180 6.169030e-02
181 6.169030e-02
182 6.169030e-02
183 6.169030e-02
184 6.169030e-02
185 6.169030e-02
186 6.169030e-02
187 6.169030e-02
188 6.169030e-02
189 6.169030e-02
190 6.169030e-02
191 6.169030e-02
192 6.169030e-02
193 6.169030e-02
194 6.169030e-02
195 6.169030e-02
196 6.169030e-02
197 6.169030e-02
198 6.169030e-02
199 6.169030e-02
200 6.169030e-02
201 5.341737e-02
202 5.267444e-02
203 5.237194e-02
204 5.230820e-02
205 5.228326e-02
206 5.227630e-02
207 5.227367e-02
208 5.227283e-02
209 5.227251e-02
210 5.227241e-02
211 5.227236e-02
212 5.227235e-02
213 5.227235e-02
214 5.227234e-02
215 5.227234e-02
216 5.227234e-02
217 5.227234e-02
218 5.227234e-02
219 5.227234e-02
220 5.227234e-02
221 5.227234e-02
222 5.227234e-02
223 5.227234e-02
224 5.227234e-02
225 5.227234e-02
226 5.227234e-02
227 5.227234e-02
228 5.227234e-02
229 5.227234e-02
230 5.227234e-02
231 5.227234e-02
232 5.227234e-02
233 5.227234e-02
234 5.227234e-02
235 5.227234e-02
236 5.227234e-02
237 5.227234e-02
238 5.227234e-02
239 5.227234e-02
240 5.227234e-02
241 5.227234e-02
242 5.227234e-02
243 5.227234e-02
244 5.227234e-02
245 5.227234e-02
246 5.227234e-02
247 5.227234e-02
248 5.227234e-02
249 5.227234e-02
250 5.227234e-02
251 5.227234e-02
252 5.227234e-02
253 5.227234e-02
254 5.227234e-02
255 5.227234e-02
256 5.227234e-02
257 5.227234e-02
258 5.227234e-02
259 5.227234e-02
260 5.227234e-02
261 5.227234e-02
262 5.227234e-02
263 5.227234e-02
264 5.227234e-02
265 5.227234e-02
266 5.227234e-02
267 5.227234e-02
268 5.227234e-02
269 5.227234e-02
270 5.227234e-02
271 5.227234e-02
272 5.227234e-02
273 5.227234e-02
274 5.227234e-02
275 5.227234e-02
276 5.227234e-02
277 5.227234e-02
278 5.227234e-02
279 5.227234e-02
280 5.227234e-02
281 5.227234e-02
282 5.227234e-02
283 5.227234e-02
284 5.227234e-02
285 5.227234e-02
286 5.227234e-02
287 5.227234e-02
288 5.227234e-02
289 5.227234e-02
290 5.227234e-02
291 5.227234e-02
292 5.227234e-02
293 5.227234e-02
294 5.227234e-02
295 5.227234e-02
296 5.227234e-02
297 5.227234e-02
298 5.227234e-02
299 5.227234e-02
300 5.227234e-02
