1 1.660416e-02
2 8.274683e-03
3 7.992555e-03
4 7.988364e-03
5 7.987432e-03
6 7.987354e-03
7 7.987270e-03
8 7.987266e-03
9 7.987266e-03
10 7.987266e-03
11 7.987266e-03
12 7.987266e-03
13 7.987266e-03
14 7.987266e-03
15 7.987266e-03
16 7.987266e-03
17 7.987266e-03
18 7.987266e-03
19 7.987266e-03
20 7.987266e-03
21 7.987266e-03
22 7.987266e-03
23 7.987266e-03
24 7.987266e-03
25 7.987266e-03
26 7.987266e-03
27 7.987266e-03
28 7.987266e-03
29 7.987266e-03
30 7.987266e-03
31 7.987266e-03
32 7.987266e-03
33 7.987266e-03
34 7.987266e-03
35 7.987266e-03
36 7.987266e-03
37 7.987266e-03
38 7.987266e-03
39 7.987266e-03
40 7.987266e-03
41 7.987266e-03
42 7.987266e-03
43 7.987266e-03
44 7.987266e-03
45 7.987266e-03
46 7.987266e-03
47 7.987266e-03
48 7.987266e-03
49 7.987266e-03
50 7.987266e-03
51 7.987266e-03
52 7.987266e-03
53 7.987266e-03
54 7.987266e-03
55 7.987266e-03
56 7.987266e-03
57 7.987266e-03
58 7.987266e-03
59 7.987266e-03
60 7.987266e-03
61 7.987266e-03
62 7.987266e-03
63 7.987266e-03
64 7.987266e-03
65 7.987266e-03
66 7.987266e-03
67 7.987266e-03
68 7.987266e-03
69 7.987266e-03
70 7.987266e-03
71 7.987266e-03
72 7.987266e-03
73 7.987266e-03
74 7.987266e-03
75 7.987266e-03
76 7.987266e-03
77 7.987266e-03
78 7.987266e-03
79 7.987266e-03
80 7.987266e-03
81 7.987266e-03
82 7.987266e-03
83 7.987266e-03
84 7.987266e-03
85 7.987266e-03
86 7.987266e-03
87 7.987266e-03
88 7.987266e-03
89 7.987266e-03
90 7.987266e-03
91 7.987266e-03
92 7.987266e-03
93 7.987266e-03
94 7.987266e-03
95 7.987266e-03
96 7.987266e-03
97 7.987266e-03
98 7.987266e-03
99 7.987266e-03
100 7.987266e-03
101 6.829257e-03
102 6.786733e-03
103 6.788190e-03
104 6.788285e-03
105 6.788491e-03
106 6.788516e-03
107 6.788523e-03
108 6.788524e-03
109 6.788525e-03
110 6.788525e-03
111 6.788525e-03
112 6.788525e-03
113 6.788525e-03
114 6.788525e-03
115 6.788525e-03
116 6.788525e-03
117 6.788525e-03
118 6.788525e-03
119 6.788525e-03
120 6.788525e-03
121 6.788525e-03
122 6.788525e-03
123 6.788525e-03
124 6.788525e-03
125 6.788525e-03
126 6.788525e-03
127 6.788525e-03
128 6.788525e-03
129 6.788525e-03
130 6.788525e-03
131 6.788525e-03
132 6.788525e-03
133 6.788525e-03
134 6.788525e-03
135 6.788525e-03
136 6.788525e-03
137 6.788525e-03
138 6.788525e-03
139 6.788525e-03
140 6.788525e-03
141 6.788525e-03
142 6.788525e-03
143 6.788525e-03
144 6.788525e-03
145 6.788525e-03
146 6.788525e-03
147 6.788525e-03
148 6.788525e-03
149 6.788525e-03
150 6.788525e-03
151 6.788525e-03
152 6.788525e-03
153 6.788525e-03
154 6.788525e-03
155 6.788525e-03
156 6.788525e-03
157 6.788525e-03
158 6.788525e-03
159 6.788525e-03
160 6.788525e-03
161 6.788525e-03
162 6.788525e-03
163 6.788525e-03
164 6.788525e-03
165 6.788525e-03
166 6.788525e-03
167 6.788525e-03
168 6.788525e-03
169 6.788525e-03
170 6.788525e-03
171 6.788525e-03
172 6.788525e-03
173 6.788525e-03
174 6.788525e-03
175 6.788525e-03
176 6.788525e-03
177 6.788525e-03
178 6.788525e-03
179 6.788525e-03
180 6.788525e-03
181 6.788525e-03
182 6.788525e-03
183 6.788525e-03
184 6.788525e-03
185 6.788525e-03
186 6.788525e-03
187 6.788525e-03
188 6.788525e-03
189 6.788525e-03
190 6.788525e-03
191 6.788525e-03
192 6.788525e-03
193 6.788525e-03
194 6.788525e-03
195 6.788525e-03
196 6.788525e-03
197 6.788525e-03
198 6.788525e-03
199 6.788525e-03
200 6.788525e-03
201 6.730144e-03
202 6.727788e-03
203 6.727371e-03
204 6.727266e-03
205 6.727256e-03
206 6.727252e-03
207 6.727251e-03
208 6.727251e-03
209 6.727251e-03
210 6.727251e-03
211 6.727251e-03
212 6.727251e-03
213 6.727251e-03
214 6.727251e-03
215 6.727251e-03
216 6.727251e-03
217 6.727251e-03
218 6.727251e-03
219 6.727251e-03
220 6.727251e-03
221 6.727251e-03
222 6.727251e-03
223 6.727251e-03
224 6.727251e-03
225 6.727251e-03
226 6.727251e-03
227 6.727251e-03
228 6.727251e-03
229 6.727251e-03
230 6.727251e-03
231 6.727251e-03
232 6.727251e-03
233 6.727251e-03
234 6.727251e-03
235 6.727251e-03
236 6.727251e-03
237 6.727251e-03
238 6.727251e-03
239 6.727251e-03
240 6.727251e-03
241 6.727251e-03
242 6.727251e-03
243 6.727251e-03
244 6.727251e-03
245 6.727251e-03
246 6.727251e-03
247 6.727251e-03
248 6.727251e-03
249 6.727251e-03
250 6.727251e-03
251 6.727251e-03
252 6.727251e-03
253 6.727251e-03
254 6.727251e-03
255 6.727251e-03
256 6.727251e-03
257 6.727251e-03
258 6.727251e-03
259 6.727251e-03
260 6.727251e-03
261 6.727251e-03
262 6.727251e-03
263 6.727251e-03
264 6.727251e-03
265 6.727251e-03
266 6.727251e-03
267 6.727251e-03
268 6.727251e-03
269 6.727251e-03
270 6.727251e-03
271 6.727251e-03
272 6.727251e-03
273 6.727251e-03
274 6.727251e-03
275 6.727251e-03
276 6.727251e-03
277 6.727251e-03
278 6.727251e-03
279 6.727251e-03
280 6.727251e-03
281 6.727251e-03
282 6.727251e-03
283 6.727251e-03
284 6.727251e-03
285 6.727251e-03
286 6.727251e-03
287 6.727251e-03
288 6.727251e-03
289 6.727251e-03
290 6.727251e-03
291 6.727251e-03
292 6.727251e-03
293 6.727251e-03
294 6.727251e-03
295 6.727251e-03
296 6.727251e-03
297 6.727251e-03
298 6.727251e-03
299 6.727251e-03
300 6.727251e-03
