1 0.298741
2 0.353388
3 0.329127
4 0.311201
5 0.312179
6 0.316181
7 0.317719
8 0.317313
9 0.317010
10 0.317161
11 0.232009
12 0.241412
13 0.239043
14 0.229828
15 0.226818
16 0.226346
17 0.226377
18 0.226408
19 0.226388
20 0.226375
21 0.225070
22 0.198554
23 0.192994
24 0.186968
25 0.184887
26 0.184387
27 0.184258
28 0.184231
29 0.184209
30 0.184200
31 0.219219
32 0.174419
33 0.165916
34 0.161181
35 0.159748
36 0.159280
37 0.159096
38 0.159053
39 0.159030
40 0.159016
41 0.214710
42 0.157898
43 0.148341
44 0.143864
45 0.142478
46 0.142192
47 0.142062
48 0.142014
49 0.141998
50 0.141991
51 0.210291
52 0.145954
53 0.135850
54 0.131668
55 0.130406
56 0.130216
57 0.130084
58 0.130021
59 0.130010
60 0.130004
61 0.207913
62 0.138016
63 0.127416
64 0.123336
65 0.122163
66 0.122028
67 0.121931
68 0.121896
69 0.121891
70 0.121884
71 0.206487
72 0.131615
73 0.120391
74 0.116628
75 0.115594
76 0.115388
77 0.115264
78 0.115229
79 0.115221
80 0.115209
81 0.205278
82 0.126690
83 0.115231
84 0.111554
85 0.110429
86 0.110202
87 0.110088
88 0.110043
89 0.110027
90 0.110015
91 0.204080
92 0.123183
93 0.111266
94 0.107628
95 0.106575
96 0.106354
97 0.106242
98 0.106195
99 0.106176
100 0.106164
