1 0.299063
2 0.351198
3 0.326608
4 0.309892
5 0.311757
6 0.315904
7 0.317653
8 0.317307
9 0.317037
10 0.317329
11 0.243659
12 0.227665
13 0.238028
14 0.234213
15 0.231064
16 0.229895
17 0.229670
18 0.229641
19 0.229682
20 0.229703
21 0.232846
22 0.190244
23 0.187595
24 0.183250
25 0.181946
26 0.181501
27 0.181248
28 0.181229
29 0.181222
30 0.181206
31 0.222094
32 0.163405
33 0.157315
34 0.153183
35 0.151749
36 0.151405
37 0.151294
38 0.151255
39 0.151219
40 0.151207
41 0.214518
42 0.143333
43 0.135023
44 0.131054
45 0.129733
46 0.129368
47 0.129242
48 0.129229
49 0.129220
50 0.129217
51 0.208130
52 0.128157
53 0.118195
54 0.114459
55 0.113138
56 0.112851
57 0.112786
58 0.112750
59 0.112729
60 0.112727
61 0.204256
62 0.116697
63 0.103897
64 0.100532
65 0.099331
66 0.098907
67 0.098796
68 0.098758
69 0.098734
70 0.098734
71 0.200853
72 0.106729
73 0.091510
74 0.087845
75 0.086784
76 0.086449
77 0.086346
78 0.086277
79 0.086246
80 0.086247
81 0.198426
82 0.099962
83 0.082413
84 0.078339
85 0.077322
86 0.076994
87 0.076932
88 0.076884
89 0.076849
90 0.076848
91 0.196399
92 0.093447
93 0.075033
94 0.070798
95 0.069743
96 0.069418
97 0.069314
98 0.069266
99 0.069238
100 0.069235
