1 0.276938
2 0.342191
3 0.315001
4 0.292427
5 0.293201
6 0.297822
7 0.299587
8 0.298745
9 0.298067
10 0.298175
11 0.244525
12 0.219771
13 0.236482
14 0.231960
15 0.229759
16 0.228624
17 0.228093
18 0.228107
19 0.228058
20 0.228025
21 0.224650
22 0.173142
23 0.172784
24 0.167411
25 0.166001
26 0.165504
27 0.165228
28 0.165261
29 0.165236
30 0.165223
31 0.209937
32 0.141448
33 0.137170
34 0.132506
35 0.131141
36 0.130803
37 0.130573
38 0.130522
39 0.130505
40 0.130496
41 0.199867
42 0.116111
43 0.106599
44 0.102551
45 0.101272
46 0.100943
47 0.100823
48 0.100793
49 0.100775
50 0.100771
51 0.191345
52 0.096229
53 0.082243
54 0.078383
55 0.077354
56 0.076966
57 0.076813
58 0.076774
59 0.076763
60 0.076767
61 0.187340
62 0.082347
63 0.065579
64 0.061332
65 0.060261
66 0.059956
67 0.059836
68 0.059802
69 0.059793
70 0.059791
71 0.183869
72 0.073228
73 0.053717
74 0.049321
75 0.048269
76 0.047981
77 0.047897
78 0.047855
79 0.047835
80 0.047833
81 0.183381
82 0.067123
83 0.045541
84 0.040670
85 0.039601
86 0.039333
87 0.039245
88 0.039214
89 0.039204
90 0.039203
91 0.182625
92 0.062924
93 0.039897
94 0.034852
95 0.033849
96 0.033583
97 0.033504
98 0.033474
99 0.033463
100 0.033463
