1 0.025521
2 0.003203
3 0.001328
4 0.004167
5 0.003464
6 0.001953
7 0.002786
8 0.003984
9 0.002500
10 0.002500
11 0.004063
12 0.003021
13 0.002812
14 0.003385
15 0.002995
16 0.003333
17 0.003203
18 0.003203
19 0.003151
20 0.003073
21 0.003490
22 0.003151
23 0.002682
24 0.003568
25 0.003620
26 0.003021
27 0.002839
28 0.003880
29 0.003385
30 0.002630
31 0.003568
32 0.003906
33 0.002839
34 0.003385
35 0.003047
36 0.003906
37 0.003750
38 0.002839
39 0.003047
40 0.003750
41 0.003385
42 0.003047
43 0.003411
44 0.003516
45 0.003255
46 0.003516
47 0.002969
48 0.003594
49 0.003594
50 0.003203
51 0.003151
52 0.003932
53 0.003255
54 0.002917
55 0.003411
56 0.003490
57 0.003516
58 0.003385
59 0.002734
60 0.003542
61 0.003932
62 0.003151
63 0.002891
64 0.004193
65 0.003125
66 0.003099
67 0.003594
68 0.003516
69 0.002995
70 0.003359
71 0.003490
72 0.003438
73 0.003464
74 0.003281
75 0.002786
76 0.004141
77 0.003307
78 0.003177
79 0.003203
80 0.003359
81 0.003646
82 0.003177
83 0.002969
84 0.003542
85 0.003698
86 0.003307
87 0.003021
88 0.003854
89 0.003177
90 0.002917
91 0.003568
92 0.003724
93 0.003151
94 0.003333
95 0.003151
96 0.003698
97 0.003568
98 0.002891
99 0.003047
100 0.003906
101 0.000026
102 0.000052
103 0.000026
104 0.000052
105 0.000026
106 0.000052
107 0.000052
108 0.000052
109 0.000052
110 0.000052
111 0.000052
112 0.000052
113 0.000052
114 0.000052
115 0.000052
116 0.000052
117 0.000052
118 0.000052
119 0.000052
120 0.000052
121 0.000052
122 0.000052
123 0.000052
124 0.000052
125 0.000052
126 0.000052
127 0.000052
128 0.000052
129 0.000052
130 0.000052
131 0.000052
132 0.000052
133 0.000052
134 0.000052
135 0.000052
136 0.000052
137 0.000052
138 0.000052
139 0.000052
140 0.000052
141 0.000052
142 0.000052
143 0.000052
144 0.000052
145 0.000052
146 0.000052
147 0.000052
148 0.000052
149 0.000052
150 0.000052
151 0.000052
152 0.000052
153 0.000052
154 0.000052
155 0.000052
156 0.000052
157 0.000052
158 0.000052
159 0.000052
160 0.000052
161 0.000052
162 0.000052
163 0.000052
164 0.000052
165 0.000052
166 0.000052
167 0.000052
168 0.000052
169 0.000052
170 0.000052
171 0.000052
172 0.000052
173 0.000052
174 0.000052
175 0.000052
176 0.000052
177 0.000052
178 0.000052
179 0.000052
180 0.000052
181 0.000052
182 0.000052
183 0.000052
184 0.000052
185 0.000052
186 0.000052
187 0.000052
188 0.000052
189 0.000052
190 0.000052
191 0.000052
192 0.000052
193 0.000052
194 0.000052
195 0.000052
196 0.000052
197 0.000052
198 0.000052
199 0.000052
200 0.000052
201 0.000000
202 0.000000
203 0.000000
204 0.000000
205 0.000000
206 0.000000
207 0.000000
208 0.000000
209 0.000000
210 0.000000
211 0.000000
212 0.000000
213 0.000000
214 0.000000
215 0.000000
216 0.000000
217 0.000000
218 0.000000
219 0.000000
220 0.000000
221 0.000000
222 0.000000
223 0.000000
224 0.000000
225 0.000000
226 0.000000
227 0.000000
228 0.000000
229 0.000000
230 0.000000
231 0.000000
232 0.000000
233 0.000000
234 0.000000
235 0.000000
236 0.000000
237 0.000000
238 0.000000
239 0.000000
240 0.000000
241 0.000000
242 0.000000
243 0.000000
244 0.000000
245 0.000000
246 0.000000
247 0.000000
248 0.000000
249 0.000000
250 0.000000
251 0.000000
252 0.000000
253 0.000000
254 0.000000
255 0.000000
256 0.000000
257 0.000000
258 0.000000
259 0.000000
260 0.000000
261 0.000000
262 0.000000
263 0.000000
264 0.000000
265 0.000000
266 0.000000
267 0.000000
268 0.000000
269 0.000000
270 0.000000
271 0.000000
272 0.000000
273 0.000000
274 0.000000
275 0.000000
276 0.000000
277 0.000000
278 0.000000
279 0.000000
280 0.000000
281 0.000000
282 0.000000
283 0.000000
284 0.000000
285 0.000000
286 0.000000
287 0.000000
288 0.000000
289 0.000000
290 0.000000
291 0.000000
292 0.000000
293 0.000000
294 0.000000
295 0.000000
296 0.000000
297 0.000000
298 0.000000
299 0.000000
300 0.000000
