1 0.066354
2 0.041380
3 0.037135
4 0.038568
5 0.035964
6 0.038568
7 0.036354
8 0.039193
9 0.036771
10 0.039870
11 0.037656
12 0.040130
13 0.038047
14 0.040469
15 0.038620
16 0.041120
17 0.038958
18 0.041406
19 0.039036
20 0.041536
21 0.039323
22 0.041693
23 0.039453
24 0.041875
25 0.039609
26 0.041849
27 0.039557
28 0.041953
29 0.039740
30 0.042083
31 0.039766
32 0.042083
33 0.039922
34 0.042135
35 0.039948
36 0.042083
37 0.040052
38 0.042057
39 0.040000
40 0.042240
41 0.040026
42 0.042292
43 0.040052
44 0.042292
45 0.040052
46 0.042344
47 0.040156
48 0.042370
49 0.040156
50 0.042422
51 0.040182
52 0.042396
53 0.040234
54 0.042370
55 0.040234
56 0.042422
57 0.040234
58 0.042422
59 0.040286
60 0.042448
61 0.040234
62 0.042448
63 0.040156
64 0.042500
65 0.040182
66 0.042500
67 0.040182
68 0.042500
69 0.040182
70 0.042500
71 0.040156
72 0.042500
73 0.040130
74 0.042500
75 0.040130
76 0.042500
77 0.040130
78 0.042500
79 0.040130
80 0.042500
81 0.040130
82 0.042474
83 0.040130
84 0.042474
85 0.040130
86 0.042474
87 0.040156
88 0.042448
89 0.040130
90 0.042474
91 0.040130
92 0.042474
93 0.040130
94 0.042474
95 0.040130
96 0.042474
97 0.040156
98 0.042474
99 0.040130
100 0.042526
101 0.024714
102 0.024557
103 0.021953
104 0.022240
105 0.020625
106 0.021536
107 0.020625
108 0.021328
109 0.020286
110 0.021068
111 0.020156
112 0.020990
113 0.020208
114 0.020911
115 0.020156
116 0.020833
117 0.020234
118 0.020729
119 0.020234
120 0.020677
121 0.020260
122 0.020781
123 0.020260
124 0.020729
125 0.020234
126 0.020703
127 0.020260
128 0.020677
129 0.020260
130 0.020703
131 0.020234
132 0.020677
133 0.020208
134 0.020703
135 0.020208
136 0.020703
137 0.020208
138 0.020677
139 0.020208
140 0.020703
141 0.020208
142 0.020677
143 0.020208
144 0.020677
145 0.020208
146 0.020677
147 0.020208
148 0.020677
149 0.020208
150 0.020677
151 0.020208
152 0.020677
153 0.020208
154 0.020677
155 0.020208
156 0.020677
157 0.020208
158 0.020677
159 0.020208
160 0.020677
161 0.020208
162 0.020677
163 0.020208
164 0.020651
165 0.020208
166 0.020651
167 0.020208
168 0.020651
169 0.020208
170 0.020651
171 0.020208
172 0.020651
173 0.020208
174 0.020651
175 0.020208
176 0.020651
177 0.020208
178 0.020651
179 0.020208
180 0.020651
181 0.020208
182 0.020651
183 0.020208
184 0.020651
185 0.020208
186 0.020651
187 0.020208
188 0.020651
189 0.020208
190 0.020651
191 0.020208
192 0.020651
193 0.020208
194 0.020651
195 0.020208
196 0.020651
197 0.020208
198 0.020651
199 0.020208
200 0.020651
201 0.017995
202 0.018385
203 0.018021
204 0.018333
205 0.017969
206 0.018307
207 0.017917
208 0.018255
209 0.017943
210 0.018203
211 0.017995
212 0.018177
213 0.018021
214 0.018151
215 0.018021
216 0.018151
217 0.017995
218 0.018099
219 0.017995
220 0.018073
221 0.017995
222 0.018099
223 0.017969
224 0.018099
225 0.017943
226 0.018099
227 0.017943
228 0.018099
229 0.017943
230 0.018099
231 0.017943
232 0.018099
233 0.017943
234 0.018099
235 0.017969
236 0.018099
237 0.017969
238 0.018073
239 0.017969
240 0.018073
241 0.017995
242 0.018073
243 0.017995
244 0.018073
245 0.017995
246 0.018073
247 0.017995
248 0.018073
249 0.017995
250 0.018073
251 0.017995
252 0.018073
253 0.017995
254 0.018073
255 0.017995
256 0.018073
257 0.017995
258 0.018047
259 0.017943
260 0.018047
261 0.017943
262 0.018047
263 0.017943
264 0.018047
265 0.017943
266 0.018047
267 0.017943
268 0.018021
269 0.017943
270 0.018021
271 0.017943
272 0.017995
273 0.017943
274 0.017995
275 0.017943
276 0.017995
277 0.017943
278 0.017995
279 0.017943
280 0.017995
281 0.017943
282 0.017995
283 0.017943
284 0.017995
285 0.017943
286 0.017995
287 0.017943
288 0.017995
289 0.017943
290 0.017995
291 0.017943
292 0.017995
293 0.017943
294 0.017995
295 0.017943
296 0.017995
297 0.017943
298 0.017995
299 0.017943
300 0.017995
