1 2.175080e-02
2 1.423571e-02
3 1.399903e-02
4 1.401881e-02
5 1.401828e-02
6 1.401889e-02
7 1.401907e-02
8 1.401909e-02
9 1.401909e-02
10 1.401909e-02
11 1.401909e-02
12 1.401909e-02
13 1.401909e-02
14 1.401909e-02
15 1.401909e-02
16 1.401909e-02
17 1.401909e-02
18 1.401909e-02
19 1.401909e-02
20 1.401909e-02
21 1.401909e-02
22 1.401909e-02
23 1.401909e-02
24 1.401909e-02
25 1.401909e-02
26 1.401909e-02
27 1.401909e-02
28 1.401909e-02
29 1.401909e-02
30 1.401909e-02
31 1.401909e-02
32 1.401909e-02
33 1.401909e-02
34 1.401909e-02
35 1.401909e-02
36 1.401909e-02
37 1.401909e-02
38 1.401909e-02
39 1.401909e-02
40 1.401909e-02
41 1.401909e-02
42 1.401909e-02
43 1.401909e-02
44 1.401909e-02
45 1.401909e-02
46 1.401909e-02
47 1.401909e-02
48 1.401909e-02
49 1.401909e-02
50 1.401909e-02
51 1.401909e-02
52 1.401909e-02
53 1.401909e-02
54 1.401909e-02
55 1.401909e-02
56 1.401909e-02
57 1.401909e-02
58 1.401909e-02
59 1.401909e-02
60 1.401909e-02
61 1.401909e-02
62 1.401909e-02
63 1.401909e-02
64 1.401909e-02
65 1.401909e-02
66 1.401909e-02
67 1.401909e-02
68 1.401909e-02
69 1.401909e-02
70 1.401909e-02
71 1.401909e-02
72 1.401909e-02
73 1.401909e-02
74 1.401909e-02
75 1.401909e-02
76 1.401909e-02
77 1.401909e-02
78 1.401909e-02
79 1.401909e-02
80 1.401909e-02
81 1.401909e-02
82 1.401909e-02
83 1.401909e-02
84 1.401909e-02
85 1.401909e-02
86 1.401909e-02
87 1.401909e-02
88 1.401909e-02
89 1.401909e-02
90 1.401909e-02
91 1.401909e-02
92 1.401909e-02
93 1.401909e-02
94 1.401909e-02
95 1.401909e-02
96 1.401909e-02
97 1.401909e-02
98 1.401909e-02
99 1.401909e-02
100 1.401909e-02
101 2.575100e-03
102 1.789269e-03
103 1.743623e-03
104 1.747618e-03
105 1.747023e-03
106 1.747131e-03
107 1.747106e-03
108 1.747111e-03
109 1.747110e-03
110 1.747110e-03
111 1.747110e-03
112 1.747110e-03
113 1.747110e-03
114 1.747110e-03
115 1.747110e-03
116 1.747110e-03
117 1.747110e-03
118 1.747110e-03
119 1.747110e-03
120 1.747110e-03
121 1.747110e-03
122 1.747110e-03
123 1.747110e-03
124 1.747110e-03
125 1.747110e-03
126 1.747110e-03
127 1.747110e-03
128 1.747110e-03
129 1.747110e-03
130 1.747110e-03
131 1.747110e-03
132 1.747110e-03
133 1.747110e-03
134 1.747110e-03
135 1.747110e-03
136 1.747110e-03
137 1.747110e-03
138 1.747110e-03
139 1.747110e-03
140 1.747110e-03
141 1.747110e-03
142 1.747110e-03
143 1.747110e-03
144 1.747110e-03
145 1.747110e-03
146 1.747110e-03
147 1.747110e-03
148 1.747110e-03
149 1.747110e-03
150 1.747110e-03
151 1.747110e-03
152 1.747110e-03
153 1.747110e-03
154 1.747110e-03
155 1.747110e-03
156 1.747110e-03
157 1.747110e-03
158 1.747110e-03
159 1.747110e-03
160 1.747110e-03
161 1.747110e-03
162 1.747110e-03
163 1.747110e-03
164 1.747110e-03
165 1.747110e-03
166 1.747110e-03
167 1.747110e-03
168 1.747110e-03
169 1.747110e-03
170 1.747110e-03
171 1.747110e-03
172 1.747110e-03
173 1.747110e-03
174 1.747110e-03
175 1.747110e-03
176 1.747110e-03
177 1.747110e-03
178 1.747110e-03
179 1.747110e-03
180 1.747110e-03
181 1.747110e-03
182 1.747110e-03
183 1.747110e-03
184 1.747110e-03
185 1.747110e-03
186 1.747110e-03
187 1.747110e-03
188 1.747110e-03
189 1.747110e-03
190 1.747110e-03
191 1.747110e-03
192 1.747110e-03
193 1.747110e-03
194 1.747110e-03
195 1.747110e-03
196 1.747110e-03
197 1.747110e-03
198 1.747110e-03
199 1.747110e-03
200 1.747110e-03
201 1.606029e-03
202 1.602381e-03
203 1.602578e-03
204 1.602632e-03
205 1.602652e-03
206 1.602650e-03
207 1.602650e-03
208 1.602650e-03
209 1.602650e-03
210 1.602650e-03
211 1.602650e-03
212 1.602650e-03
213 1.602650e-03
214 1.602650e-03
215 1.602650e-03
216 1.602650e-03
217 1.602650e-03
218 1.602650e-03
219 1.602650e-03
220 1.602650e-03
221 1.602650e-03
222 1.602650e-03
223 1.602650e-03
224 1.602650e-03
225 1.602650e-03
226 1.602650e-03
227 1.602650e-03
228 1.602650e-03
229 1.602650e-03
230 1.602650e-03
231 1.602650e-03
232 1.602650e-03
233 1.602650e-03
234 1.602650e-03
235 1.602650e-03
236 1.602650e-03
237 1.602650e-03
238 1.602650e-03
239 1.602650e-03
240 1.602650e-03
241 1.602650e-03
242 1.602650e-03
243 1.602650e-03
244 1.602650e-03
245 1.602650e-03
246 1.602650e-03
247 1.602650e-03
248 1.602650e-03
249 1.602650e-03
250 1.602650e-03
251 1.602650e-03
252 1.602650e-03
253 1.602650e-03
254 1.602650e-03
255 1.602650e-03
256 1.602650e-03
257 1.602650e-03
258 1.602650e-03
259 1.602650e-03
260 1.602650e-03
261 1.602650e-03
262 1.602650e-03
263 1.602650e-03
264 1.602650e-03
265 1.602650e-03
266 1.602650e-03
267 1.602650e-03
268 1.602650e-03
269 1.602650e-03
270 1.602650e-03
271 1.602650e-03
272 1.602650e-03
273 1.602650e-03
274 1.602650e-03
275 1.602650e-03
276 1.602650e-03
277 1.602650e-03
278 1.602650e-03
279 1.602650e-03
280 1.602650e-03
281 1.602650e-03
282 1.602650e-03
283 1.602650e-03
284 1.602650e-03
285 1.602650e-03
286 1.602650e-03
287 1.602650e-03
288 1.602650e-03
289 1.602650e-03
290 1.602650e-03
291 1.602650e-03
292 1.602650e-03
293 1.602650e-03
294 1.602650e-03
295 1.602650e-03
296 1.602650e-03
297 1.602650e-03
298 1.602650e-03
299 1.602650e-03
300 1.602650e-03
