1 4.998767e-02
2 4.639003e-02
3 4.630239e-02
4 4.637011e-02
5 4.637129e-02
6 4.637343e-02
7 4.637396e-02
8 4.637402e-02
9 4.637402e-02
10 4.637402e-02
11 4.637402e-02
12 4.637402e-02
13 4.637402e-02
14 4.637402e-02
15 4.637402e-02
16 4.637402e-02
17 4.637402e-02
18 4.637402e-02
19 4.637402e-02
20 4.637402e-02
21 4.637402e-02
22 4.637402e-02
23 4.637402e-02
24 4.637402e-02
25 4.637402e-02
26 4.637402e-02
27 4.637402e-02
28 4.637402e-02
29 4.637402e-02
30 4.637402e-02
31 4.637402e-02
32 4.637402e-02
33 4.637402e-02
34 4.637402e-02
35 4.637402e-02
36 4.637402e-02
37 4.637402e-02
38 4.637402e-02
39 4.637402e-02
40 4.637402e-02
41 4.637402e-02
42 4.637402e-02
43 4.637402e-02
44 4.637402e-02
45 4.637402e-02
46 4.637402e-02
47 4.637402e-02
48 4.637402e-02
49 4.637402e-02
50 4.637402e-02
51 4.637402e-02
52 4.637402e-02
53 4.637402e-02
54 4.637402e-02
55 4.637402e-02
56 4.637402e-02
57 4.637402e-02
58 4.637402e-02
59 4.637402e-02
60 4.637402e-02
61 4.637402e-02
62 4.637402e-02
63 4.637402e-02
64 4.637402e-02
65 4.637402e-02
66 4.637402e-02
67 4.637402e-02
68 4.637402e-02
69 4.637402e-02
70 4.637402e-02
71 4.637402e-02
72 4.637402e-02
73 4.637402e-02
74 4.637402e-02
75 4.637402e-02
76 4.637402e-02
77 4.637402e-02
78 4.637402e-02
79 4.637402e-02
80 4.637402e-02
81 4.637402e-02
82 4.637402e-02
83 4.637402e-02
84 4.637402e-02
85 4.637402e-02
86 4.637402e-02
87 4.637402e-02
88 4.637402e-02
89 4.637402e-02
90 4.637402e-02
91 4.637402e-02
92 4.637402e-02
93 4.637402e-02
94 4.637402e-02
95 4.637402e-02
96 4.637402e-02
97 4.637402e-02
98 4.637402e-02
99 4.637402e-02
100 4.637402e-02
101 5.521040e-02
102 5.366384e-02
103 5.618822e-02
104 5.616683e-02
105 5.643204e-02
106 5.642596e-02
107 5.646150e-02
108 5.645874e-02
109 5.646449e-02
110 5.646359e-02
111 5.646466e-02
112 5.646440e-02
113 5.646462e-02
114 5.646455e-02
115 5.646460e-02
116 5.646458e-02
117 5.646459e-02
118 5.646458e-02
119 5.646459e-02
120 5.646459e-02
121 5.646459e-02
122 5.646459e-02
123 5.646459e-02
124 5.646459e-02
125 5.646459e-02
126 5.646459e-02
127 5.646459e-02
128 5.646459e-02
129 5.646459e-02
130 5.646459e-02
131 5.646459e-02
132 5.646459e-02
133 5.646459e-02
134 5.646459e-02
135 5.646459e-02
136 5.646459e-02
137 5.646459e-02
138 5.646459e-02
139 5.646459e-02
140 5.646459e-02
141 5.646459e-02
142 5.646459e-02
143 5.646459e-02
144 5.646459e-02
145 5.646459e-02
146 5.646459e-02
147 5.646459e-02
148 5.646459e-02
149 5.646459e-02
150 5.646459e-02
151 5.646459e-02
152 5.646459e-02
153 5.646459e-02
154 5.646459e-02
155 5.646459e-02
156 5.646459e-02
157 5.646459e-02
158 5.646459e-02
159 5.646459e-02
160 5.646459e-02
161 5.646459e-02
162 5.646459e-02
163 5.646459e-02
164 5.646459e-02
165 5.646459e-02
166 5.646459e-02
167 5.646459e-02
168 5.646459e-02
169 5.646459e-02
170 5.646459e-02
171 5.646459e-02
172 5.646459e-02
173 5.646459e-02
174 5.646459e-02
175 5.646459e-02
176 5.646459e-02
177 5.646459e-02
178 5.646459e-02
179 5.646459e-02
180 5.646459e-02
181 5.646459e-02
182 5.646459e-02
183 5.646459e-02
184 5.646459e-02
185 5.646459e-02
186 5.646459e-02
187 5.646459e-02
188 5.646459e-02
189 5.646459e-02
190 5.646459e-02
191 5.646459e-02
192 5.646459e-02
193 5.646459e-02
194 5.646459e-02
195 5.646459e-02
196 5.646459e-02
197 5.646459e-02
198 5.646459e-02
199 5.646459e-02
200 5.646459e-02
201 4.200942e-02
202 4.131298e-02
203 4.108004e-02
204 4.103062e-02
205 4.102362e-02
206 4.101740e-02
207 4.101771e-02
208 4.101683e-02
209 4.101698e-02
210 4.101684e-02
211 4.101688e-02
212 4.101685e-02
213 4.101686e-02
214 4.101686e-02
215 4.101686e-02
216 4.101686e-02
217 4.101686e-02
218 4.101686e-02
219 4.101686e-02
220 4.101686e-02
221 4.101686e-02
222 4.101686e-02
223 4.101686e-02
224 4.101686e-02
225 4.101686e-02
226 4.101686e-02
227 4.101686e-02
228 4.101686e-02
229 4.101686e-02
230 4.101686e-02
231 4.101686e-02
232 4.101686e-02
233 4.101686e-02
234 4.101686e-02
235 4.101686e-02
236 4.101686e-02
237 4.101686e-02
238 4.101686e-02
239 4.101686e-02
240 4.101686e-02
241 4.101686e-02
242 4.101686e-02
243 4.101686e-02
244 4.101686e-02
245 4.101686e-02
246 4.101686e-02
247 4.101686e-02
248 4.101686e-02
249 4.101686e-02
250 4.101686e-02
251 4.101686e-02
252 4.101686e-02
253 4.101686e-02
254 4.101686e-02
255 4.101686e-02
256 4.101686e-02
257 4.101686e-02
258 4.101686e-02
259 4.101686e-02
260 4.101686e-02
261 4.101686e-02
262 4.101686e-02
263 4.101686e-02
264 4.101686e-02
265 4.101686e-02
266 4.101686e-02
267 4.101686e-02
268 4.101686e-02
269 4.101686e-02
270 4.101686e-02
271 4.101686e-02
272 4.101686e-02
273 4.101686e-02
274 4.101686e-02
275 4.101686e-02
276 4.101686e-02
277 4.101686e-02
278 4.101686e-02
279 4.101686e-02
280 4.101686e-02
281 4.101686e-02
282 4.101686e-02
283 4.101686e-02
284 4.101686e-02
285 4.101686e-02
286 4.101686e-02
287 4.101686e-02
288 4.101686e-02
289 4.101686e-02
290 4.101686e-02
291 4.101686e-02
292 4.101686e-02
293 4.101686e-02
294 4.101686e-02
295 4.101686e-02
296 4.101686e-02
297 4.101686e-02
298 4.101686e-02
299 4.101686e-02
300 4.101686e-02
