1 7.783563e-02
2 7.761711e-02
3 7.762979e-02
4 7.772724e-02
5 7.772803e-02
6 7.773085e-02
7 7.773155e-02
8 7.773162e-02
9 7.773162e-02
10 7.773162e-02
11 7.773162e-02
12 7.773162e-02
13 7.773162e-02
14 7.773162e-02
15 7.773162e-02
16 7.773162e-02
17 7.773162e-02
18 7.773162e-02
19 7.773162e-02
20 7.773162e-02
21 7.773162e-02
22 7.773162e-02
23 7.773162e-02
24 7.773162e-02
25 7.773162e-02
26 7.773162e-02
27 7.773162e-02
28 7.773162e-02
29 7.773162e-02
30 7.773162e-02
31 7.773162e-02
32 7.773162e-02
33 7.773162e-02
34 7.773162e-02
35 7.773162e-02
36 7.773162e-02
37 7.773162e-02
38 7.773162e-02
39 7.773162e-02
40 7.773162e-02
41 7.773162e-02
42 7.773162e-02
43 7.773162e-02
44 7.773162e-02
45 7.773162e-02
46 7.773162e-02
47 7.773162e-02
48 7.773162e-02
49 7.773162e-02
50 7.773162e-02
51 7.773162e-02
52 7.773162e-02
53 7.773162e-02
54 7.773162e-02
55 7.773162e-02
56 7.773162e-02
57 7.773162e-02
58 7.773162e-02
59 7.773162e-02
60 7.773162e-02
61 7.773162e-02
62 7.773162e-02
63 7.773162e-02
64 7.773162e-02
65 7.773162e-02
66 7.773162e-02
67 7.773162e-02
68 7.773162e-02
69 7.773162e-02
70 7.773162e-02
71 7.773162e-02
72 7.773162e-02
73 7.773162e-02
74 7.773162e-02
75 7.773162e-02
76 7.773162e-02
77 7.773162e-02
78 7.773162e-02
79 7.773162e-02
80 7.773162e-02
81 7.773162e-02
82 7.773162e-02
83 7.773162e-02
84 7.773162e-02
85 7.773162e-02
86 7.773162e-02
87 7.773162e-02
88 7.773162e-02
89 7.773162e-02
90 7.773162e-02
91 7.773162e-02
92 7.773162e-02
93 7.773162e-02
94 7.773162e-02
95 7.773162e-02
96 7.773162e-02
97 7.773162e-02
98 7.773162e-02
99 7.773162e-02
100 7.773162e-02
101 1.731182e-01
102 1.678028e-01
103 1.822155e-01
104 1.820332e-01
105 1.835732e-01
106 1.836028e-01
107 1.837973e-01
108 1.838096e-01
109 1.838373e-01
110 1.838404e-01
111 1.838447e-01
112 1.838454e-01
113 1.838461e-01
114 1.838462e-01
115 1.838464e-01
116 1.838464e-01
117 1.838464e-01
118 1.838464e-01
119 1.838464e-01
120 1.838464e-01
121 1.838464e-01
122 1.838464e-01
123 1.838464e-01
124 1.838464e-01
125 1.838464e-01
126 1.838464e-01
127 1.838464e-01
128 1.838464e-01
129 1.838464e-01
130 1.838464e-01
131 1.838464e-01
132 1.838464e-01
133 1.838464e-01
134 1.838464e-01
135 1.838464e-01
136 1.838464e-01
137 1.838464e-01
138 1.838464e-01
139 1.838464e-01
140 1.838464e-01
141 1.838464e-01
142 1.838464e-01
143 1.838464e-01
144 1.838464e-01
145 1.838464e-01
146 1.838464e-01
147 1.838464e-01
148 1.838464e-01
149 1.838464e-01
150 1.838464e-01
151 1.838464e-01
152 1.838464e-01
153 1.838464e-01
154 1.838464e-01
155 1.838464e-01
156 1.838464e-01
157 1.838464e-01
158 1.838464e-01
159 1.838464e-01
160 1.838464e-01
161 1.838464e-01
162 1.838464e-01
163 1.838464e-01
164 1.838464e-01
165 1.838464e-01
166 1.838464e-01
167 1.838464e-01
168 1.838464e-01
169 1.838464e-01
170 1.838464e-01
171 1.838464e-01
172 1.838464e-01
173 1.838464e-01
174 1.838464e-01
175 1.838464e-01
176 1.838464e-01
177 1.838464e-01
178 1.838464e-01
179 1.838464e-01
180 1.838464e-01
181 1.838464e-01
182 1.838464e-01
183 1.838464e-01
184 1.838464e-01
185 1.838464e-01
186 1.838464e-01
187 1.838464e-01
188 1.838464e-01
189 1.838464e-01
190 1.838464e-01
191 1.838464e-01
192 1.838464e-01
193 1.838464e-01
194 1.838464e-01
195 1.838464e-01
196 1.838464e-01
197 1.838464e-01
198 1.838464e-01
199 1.838464e-01
200 1.838464e-01
201 1.326579e-01
202 1.310294e-01
203 1.296292e-01
204 1.295227e-01
205 1.294203e-01
206 1.294079e-01
207 1.293979e-01
208 1.293962e-01
209 1.293951e-01
210 1.293949e-01
211 1.293947e-01
212 1.293947e-01
213 1.293947e-01
214 1.293947e-01
215 1.293947e-01
216 1.293946e-01
217 1.293946e-01
218 1.293946e-01
219 1.293946e-01
220 1.293946e-01
221 1.293946e-01
222 1.293946e-01
223 1.293946e-01
224 1.293946e-01
225 1.293946e-01
226 1.293946e-01
227 1.293946e-01
228 1.293946e-01
229 1.293946e-01
230 1.293946e-01
231 1.293946e-01
232 1.293946e-01
233 1.293946e-01
234 1.293946e-01
235 1.293946e-01
236 1.293946e-01
237 1.293946e-01
238 1.293946e-01
239 1.293946e-01
240 1.293946e-01
241 1.293946e-01
242 1.293946e-01
243 1.293946e-01
244 1.293946e-01
245 1.293946e-01
246 1.293946e-01
247 1.293946e-01
248 1.293946e-01
249 1.293946e-01
250 1.293946e-01
251 1.293946e-01
252 1.293946e-01
253 1.293946e-01
254 1.293946e-01
255 1.293946e-01
256 1.293946e-01
257 1.293946e-01
258 1.293946e-01
259 1.293946e-01
260 1.293946e-01
261 1.293946e-01
262 1.293946e-01
263 1.293946e-01
264 1.293946e-01
265 1.293946e-01
266 1.293946e-01
267 1.293946e-01
268 1.293946e-01
269 1.293946e-01
270 1.293946e-01
271 1.293946e-01
272 1.293946e-01
273 1.293946e-01
274 1.293946e-01
275 1.293946e-01
276 1.293946e-01
277 1.293946e-01
278 1.293946e-01
279 1.293946e-01
280 1.293946e-01
281 1.293946e-01
282 1.293946e-01
283 1.293946e-01
284 1.293946e-01
285 1.293946e-01
286 1.293946e-01
287 1.293946e-01
288 1.293946e-01
289 1.293946e-01
290 1.293946e-01
291 1.293946e-01
292 1.293946e-01
293 1.293946e-01
294 1.293946e-01
295 1.293946e-01
296 1.293946e-01
297 1.293946e-01
298 1.293946e-01
299 1.293946e-01
300 1.293946e-01
