1 0.352116
2 0.331499
3 0.330641
4 0.330609
5 0.330606
6 0.330604
7 0.330605
8 0.330605
9 0.330605
10 0.330605
11 0.330605
12 0.330605
13 0.330605
14 0.330605
15 0.330605
16 0.330605
17 0.330605
18 0.330605
19 0.330605
20 0.330605
21 0.330605
22 0.330605
23 0.330605
24 0.330605
25 0.330605
26 0.330605
27 0.330605
28 0.330605
29 0.330605
30 0.330605
31 0.251405
32 0.248197
33 0.248780
34 0.248882
35 0.248885
36 0.248882
37 0.248882
38 0.248881
39 0.248881
40 0.248881
41 0.248881
42 0.248881
43 0.248881
44 0.248881
45 0.248881
46 0.248881
47 0.248881
48 0.248881
49 0.248881
50 0.248881
51 0.248881
52 0.248881
53 0.248881
54 0.248881
55 0.248881
56 0.248881
57 0.248881
58 0.248881
59 0.248881
60 0.248881
61 0.229755
62 0.228618
63 0.228841
64 0.228869
65 0.228874
66 0.228873
67 0.228873
68 0.228873
69 0.228873
70 0.228873
71 0.228873
72 0.228873
73 0.228873
74 0.228873
75 0.228873
76 0.228873
77 0.228873
78 0.228873
79 0.228873
80 0.228873
81 0.228873
82 0.228873
83 0.228873
84 0.228873
85 0.228873
86 0.228873
87 0.228873
88 0.228873
89 0.228873
90 0.228873
91 0.224027
92 0.223265
93 0.223325
94 0.223339
95 0.223342
96 0.223342
97 0.223342
98 0.223342
99 0.223342
100 0.223342
101 0.223342
102 0.223342
103 0.223342
104 0.223342
105 0.223342
106 0.223342
107 0.223342
108 0.223342
109 0.223342
110 0.223342
111 0.223342
112 0.223342
113 0.223342
114 0.223342
115 0.223342
116 0.223342
117 0.223342
118 0.223342
119 0.223342
120 0.223342
