1 0.054896
2 0.034219
3 0.027708
4 0.036354
5 0.029219
6 0.034323
7 0.029323
8 0.035625
9 0.030990
10 0.036146
11 0.030781
12 0.036146
13 0.031250
14 0.036562
15 0.031875
16 0.036771
17 0.031563
18 0.036823
19 0.032240
20 0.036510
21 0.032344
22 0.037760
23 0.032708
24 0.037656
25 0.032500
26 0.037500
27 0.032396
28 0.037448
29 0.033125
30 0.037604
31 0.032708
32 0.037708
33 0.032917
34 0.037344
35 0.032656
36 0.037760
37 0.033177
38 0.037969
39 0.032708
40 0.037500
41 0.032708
42 0.038073
43 0.032708
44 0.037969
45 0.033021
46 0.037760
47 0.032917
48 0.037865
49 0.032865
50 0.037708
51 0.032656
52 0.038021
53 0.032969
54 0.038021
55 0.033073
56 0.037865
57 0.032656
58 0.037760
59 0.032969
60 0.038177
61 0.033125
62 0.037917
63 0.033125
64 0.037865
65 0.032708
66 0.038177
67 0.032917
68 0.037552
69 0.033646
70 0.038177
71 0.032396
72 0.038177
73 0.033281
74 0.037604
75 0.033281
76 0.038594
77 0.032813
78 0.038177
79 0.033438
80 0.037500
81 0.033281
82 0.038333
83 0.032708
84 0.038385
85 0.034010
86 0.037708
87 0.032865
88 0.038542
89 0.033073
90 0.037865
91 0.033229
92 0.038333
93 0.033229
94 0.038125
95 0.032969
96 0.038125
97 0.033229
98 0.037865
99 0.033125
100 0.038281
101 0.008750
102 0.006302
103 0.005729
104 0.005208
105 0.004792
106 0.005156
107 0.004687
108 0.004792
109 0.004635
110 0.004792
111 0.004583
112 0.004844
113 0.004583
114 0.004844
115 0.004583
116 0.004844
117 0.004583
118 0.004844
119 0.004583
120 0.004844
121 0.004583
122 0.004844
123 0.004583
124 0.004844
125 0.004583
126 0.004844
127 0.004583
128 0.004844
129 0.004583
130 0.004844
131 0.004583
132 0.004844
133 0.004635
134 0.004844
135 0.004635
136 0.004844
137 0.004635
138 0.004844
139 0.004635
140 0.004844
141 0.004635
142 0.004844
143 0.004635
144 0.004844
145 0.004635
146 0.004844
147 0.004635
148 0.004844
149 0.004687
150 0.004844
151 0.004687
152 0.004844
153 0.004687
154 0.004792
155 0.004687
156 0.004792
157 0.004687
158 0.004844
159 0.004687
160 0.004844
161 0.004687
162 0.004844
163 0.004687
164 0.004844
165 0.004687
166 0.004844
167 0.004687
168 0.004844
169 0.004687
170 0.004844
171 0.004687
172 0.004844
173 0.004687
174 0.004844
175 0.004687
176 0.004844
177 0.004687
178 0.004844
179 0.004687
180 0.004844
181 0.004687
182 0.004844
183 0.004687
184 0.004844
185 0.004687
186 0.004844
187 0.004687
188 0.004844
189 0.004687
190 0.004844
191 0.004687
192 0.004844
193 0.004687
194 0.004844
195 0.004687
196 0.004844
197 0.004687
198 0.004844
199 0.004687
200 0.004844
201 0.002552
202 0.002448
203 0.002500
204 0.002448
205 0.002448
206 0.002396
207 0.002448
208 0.002396
209 0.002396
210 0.002396
211 0.002396
212 0.002396
213 0.002396
214 0.002396
215 0.002396
216 0.002396
217 0.002396
218 0.002396
219 0.002396
220 0.002396
221 0.002396
222 0.002396
223 0.002396
224 0.002396
225 0.002396
226 0.002396
227 0.002396
228 0.002396
229 0.002396
230 0.002396
231 0.002396
232 0.002396
233 0.002396
234 0.002396
235 0.002396
236 0.002396
237 0.002396
238 0.002396
239 0.002396
240 0.002396
241 0.002396
242 0.002396
243 0.002396
244 0.002396
245 0.002396
246 0.002396
247 0.002396
248 0.002396
249 0.002396
250 0.002396
251 0.002396
252 0.002396
253 0.002396
254 0.002396
255 0.002396
256 0.002396
257 0.002396
258 0.002396
259 0.002396
260 0.002396
261 0.002396
262 0.002396
263 0.002396
264 0.002396
265 0.002396
266 0.002396
267 0.002396
268 0.002396
269 0.002396
270 0.002396
271 0.002396
272 0.002396
273 0.002396
274 0.002396
275 0.002396
276 0.002396
277 0.002396
278 0.002396
279 0.002396
280 0.002396
281 0.002396
282 0.002396
283 0.002396
284 0.002396
285 0.002396
286 0.002396
287 0.002396
288 0.002396
289 0.002396
290 0.002396
291 0.002396
292 0.002396
293 0.002396
294 0.002396
295 0.002396
296 0.002396
297 0.002396
298 0.002396
299 0.002396
300 0.002396
