1 0.049167
2 0.026979
3 0.022187
4 0.034479
5 0.024063
6 0.029115
7 0.028854
8 0.030000
9 0.025260
10 0.032240
11 0.026198
12 0.029635
13 0.028698
14 0.029948
15 0.026979
16 0.031927
17 0.025990
18 0.030729
19 0.028594
20 0.029427
21 0.026302
22 0.032969
23 0.026198
24 0.030208
25 0.028698
26 0.029531
27 0.026510
28 0.032448
29 0.025885
30 0.030156
31 0.028958
32 0.030573
33 0.026042
34 0.032396
35 0.025990
36 0.030677
37 0.029115
38 0.029740
39 0.026406
40 0.032448
41 0.025677
42 0.030990
43 0.027604
44 0.030729
45 0.026719
46 0.032188
47 0.026354
48 0.030833
49 0.028073
50 0.030260
51 0.026302
52 0.033594
53 0.026771
54 0.029948
55 0.028958
56 0.030365
57 0.025937
58 0.032344
59 0.026198
60 0.031354
61 0.028125
62 0.030521
63 0.027083
64 0.033177
65 0.026354
66 0.031354
67 0.028177
68 0.030833
69 0.026250
70 0.031979
71 0.026562
72 0.030469
73 0.028438
74 0.029583
75 0.026406
76 0.033646
77 0.025573
78 0.030677
79 0.028333
80 0.030000
81 0.026927
82 0.032135
83 0.025990
84 0.032083
85 0.028229
86 0.029323
87 0.027656
88 0.032552
89 0.025885
90 0.030573
91 0.027865
92 0.031302
93 0.026094
94 0.031406
95 0.026146
96 0.031146
97 0.028646
98 0.029635
99 0.026510
100 0.032917
101 0.004635
102 0.002969
103 0.002396
104 0.002292
105 0.002188
106 0.002240
107 0.002188
108 0.002240
109 0.002188
110 0.002240
111 0.002188
112 0.002240
113 0.002188
114 0.002240
115 0.002188
116 0.002240
117 0.002188
118 0.002240
119 0.002188
120 0.002240
121 0.002188
122 0.002240
123 0.002188
124 0.002240
125 0.002188
126 0.002240
127 0.002188
128 0.002240
129 0.002188
130 0.002240
131 0.002188
132 0.002240
133 0.002188
134 0.002240
135 0.002188
136 0.002240
137 0.002188
138 0.002240
139 0.002188
140 0.002240
141 0.002188
142 0.002240
143 0.002188
144 0.002240
145 0.002188
146 0.002240
147 0.002188
148 0.002240
149 0.002188
150 0.002240
151 0.002188
152 0.002240
153 0.002188
154 0.002240
155 0.002188
156 0.002240
157 0.002188
158 0.002240
159 0.002188
160 0.002240
161 0.002188
162 0.002240
163 0.002188
164 0.002240
165 0.002188
166 0.002240
167 0.002188
168 0.002240
169 0.002188
170 0.002240
171 0.002188
172 0.002240
173 0.002188
174 0.002240
175 0.002188
176 0.002240
177 0.002188
178 0.002240
179 0.002188
180 0.002240
181 0.002188
182 0.002240
183 0.002188
184 0.002240
185 0.002188
186 0.002240
187 0.002188
188 0.002240
189 0.002188
190 0.002240
191 0.002188
192 0.002240
193 0.002188
194 0.002240
195 0.002188
196 0.002240
197 0.002188
198 0.002240
199 0.002188
200 0.002240
201 0.000937
202 0.000729
203 0.000781
204 0.000729
205 0.000781
206 0.000729
207 0.000729
208 0.000833
209 0.000729
210 0.000729
211 0.000729
212 0.000729
213 0.000729
214 0.000729
215 0.000729
216 0.000729
217 0.000729
218 0.000729
219 0.000729
220 0.000729
221 0.000729
222 0.000729
223 0.000729
224 0.000729
225 0.000729
226 0.000729
227 0.000729
228 0.000729
229 0.000729
230 0.000729
231 0.000729
232 0.000729
233 0.000729
234 0.000729
235 0.000729
236 0.000729
237 0.000729
238 0.000729
239 0.000729
240 0.000729
241 0.000729
242 0.000729
243 0.000729
244 0.000729
245 0.000729
246 0.000729
247 0.000729
248 0.000729
249 0.000729
250 0.000729
251 0.000729
252 0.000729
253 0.000729
254 0.000729
255 0.000729
256 0.000729
257 0.000729
258 0.000729
259 0.000729
260 0.000729
261 0.000729
262 0.000729
263 0.000729
264 0.000729
265 0.000729
266 0.000729
267 0.000729
268 0.000729
269 0.000729
270 0.000729
271 0.000729
272 0.000729
273 0.000729
274 0.000729
275 0.000729
276 0.000729
277 0.000729
278 0.000729
279 0.000729
280 0.000729
281 0.000729
282 0.000729
283 0.000729
284 0.000729
285 0.000729
286 0.000729
287 0.000729
288 0.000729
289 0.000729
290 0.000729
291 0.000729
292 0.000729
293 0.000729
294 0.000729
295 0.000729
296 0.000729
297 0.000729
298 0.000729
299 0.000729
300 0.000729
