1 0.038437
2 0.016198
3 0.013333
4 0.045156
5 0.025417
6 0.025417
7 0.038594
8 0.026927
9 0.021615
10 0.039844
11 0.029635
12 0.025573
13 0.037031
14 0.028750
15 0.025990
16 0.039115
17 0.029948
18 0.026823
19 0.037656
20 0.027292
21 0.026198
22 0.040052
23 0.027969
24 0.026302
25 0.038021
26 0.027760
27 0.026771
28 0.038437
29 0.028438
30 0.026875
31 0.037187
32 0.030208
33 0.024375
34 0.039167
35 0.030677
36 0.027292
37 0.037812
38 0.030052
39 0.026094
40 0.038750
41 0.030052
42 0.027552
43 0.039427
44 0.029219
45 0.027656
46 0.041146
47 0.029792
48 0.026875
49 0.038958
50 0.030052
51 0.026146
52 0.039688
53 0.029896
54 0.026198
55 0.039167
56 0.031042
57 0.026927
58 0.039167
59 0.030729
60 0.029427
61 0.038125
62 0.031719
63 0.026146
64 0.038594
65 0.031250
66 0.027500
67 0.039115
68 0.029896
69 0.026667
70 0.039635
71 0.030573
72 0.028542
73 0.037604
74 0.028906
75 0.028750
76 0.038854
77 0.030156
78 0.026927
79 0.037656
80 0.030469
81 0.027865
82 0.038854
83 0.029323
84 0.028281
85 0.039219
86 0.032396
87 0.026406
88 0.038958
89 0.030000
90 0.027292
91 0.039792
92 0.031615
93 0.026875
94 0.039740
95 0.031406
96 0.027656
97 0.038958
98 0.030417
99 0.026146
100 0.039635
101 0.000885
102 0.000365
103 0.000573
104 0.000365
105 0.000365
106 0.000365
107 0.000365
108 0.000365
109 0.000365
110 0.000365
111 0.000365
112 0.000365
113 0.000365
114 0.000365
115 0.000365
116 0.000365
117 0.000365
118 0.000365
119 0.000365
120 0.000365
121 0.000365
122 0.000365
123 0.000365
124 0.000365
125 0.000365
126 0.000365
127 0.000365
128 0.000365
129 0.000365
130 0.000365
131 0.000365
132 0.000365
133 0.000365
134 0.000365
135 0.000365
136 0.000365
137 0.000365
138 0.000365
139 0.000365
140 0.000365
141 0.000365
142 0.000365
143 0.000365
144 0.000365
145 0.000365
146 0.000365
147 0.000365
148 0.000365
149 0.000365
150 0.000365
151 0.000365
152 0.000365
153 0.000365
154 0.000365
155 0.000365
156 0.000365
157 0.000365
158 0.000365
159 0.000365
160 0.000365
161 0.000365
162 0.000365
163 0.000365
164 0.000365
165 0.000365
166 0.000365
167 0.000365
168 0.000365
169 0.000365
170 0.000365
171 0.000365
172 0.000365
173 0.000365
174 0.000365
175 0.000365
176 0.000365
177 0.000365
178 0.000365
179 0.000365
180 0.000365
181 0.000365
182 0.000365
183 0.000365
184 0.000365
185 0.000365
186 0.000365
187 0.000365
188 0.000365
189 0.000365
190 0.000365
191 0.000365
192 0.000365
193 0.000365
194 0.000365
195 0.000365
196 0.000365
197 0.000365
198 0.000365
199 0.000365
200 0.000365
201 0.000052
202 0.000052
203 0.000052
204 0.000052
205 0.000052
206 0.000052
207 0.000052
208 0.000052
209 0.000052
210 0.000052
211 0.000052
212 0.000052
213 0.000052
214 0.000052
215 0.000052
216 0.000052
217 0.000052
218 0.000052
219 0.000052
220 0.000052
221 0.000052
222 0.000052
223 0.000052
224 0.000052
225 0.000052
226 0.000052
227 0.000052
228 0.000052
229 0.000052
230 0.000052
231 0.000052
232 0.000052
233 0.000052
234 0.000052
235 0.000052
236 0.000052
237 0.000052
238 0.000052
239 0.000052
240 0.000052
241 0.000052
242 0.000052
243 0.000052
244 0.000052
245 0.000052
246 0.000052
247 0.000052
248 0.000052
249 0.000052
250 0.000052
251 0.000052
252 0.000052
253 0.000052
254 0.000052
255 0.000052
256 0.000052
257 0.000052
258 0.000052
259 0.000052
260 0.000052
261 0.000052
262 0.000052
263 0.000052
264 0.000052
265 0.000052
266 0.000052
267 0.000052
268 0.000052
269 0.000052
270 0.000052
271 0.000052
272 0.000052
273 0.000052
274 0.000052
275 0.000052
276 0.000052
277 0.000052
278 0.000052
279 0.000052
280 0.000052
281 0.000052
282 0.000052
283 0.000052
284 0.000052
285 0.000052
286 0.000052
287 0.000052
288 0.000052
289 0.000052
290 0.000052
291 0.000052
292 0.000052
293 0.000052
294 0.000052
295 0.000052
296 0.000052
297 0.000052
298 0.000052
299 0.000052
300 0.000052
