1 0.040625
2 0.018177
3 0.015417
4 0.041979
5 0.023542
6 0.025365
7 0.036875
8 0.025469
9 0.021979
10 0.037917
11 0.027917
12 0.024271
13 0.033802
14 0.026719
15 0.023594
16 0.037865
17 0.026667
18 0.025990
19 0.035677
20 0.028646
21 0.026667
22 0.036146
23 0.026719
24 0.026979
25 0.035833
26 0.027813
27 0.026094
28 0.035885
29 0.027187
30 0.027292
31 0.037969
32 0.029844
33 0.025260
34 0.036354
35 0.027865
36 0.027031
37 0.034635
38 0.028698
39 0.026094
40 0.037708
41 0.028698
42 0.026979
43 0.035469
44 0.029792
45 0.027187
46 0.036979
47 0.029010
48 0.028646
49 0.036510
50 0.029063
51 0.027813
52 0.035885
53 0.028281
54 0.026771
55 0.036771
56 0.029844
57 0.026510
58 0.037031
59 0.026406
60 0.029115
61 0.036823
62 0.027552
63 0.026198
64 0.037448
65 0.028438
66 0.028021
67 0.036771
68 0.028802
69 0.026146
70 0.036146
71 0.028750
72 0.027604
73 0.035833
74 0.028958
75 0.027917
76 0.037135
77 0.029583
78 0.027083
79 0.036406
80 0.030260
81 0.027292
82 0.035573
83 0.029167
84 0.028229
85 0.036979
86 0.029635
87 0.025469
88 0.037135
89 0.029427
90 0.026510
91 0.036719
92 0.030208
93 0.026927
94 0.035521
95 0.029010
96 0.028125
97 0.036719
98 0.028854
99 0.025833
100 0.037396
101 0.001563
102 0.000729
103 0.000990
104 0.000781
105 0.000729
106 0.000781
107 0.000781
108 0.000729
109 0.000729
110 0.000781
111 0.000781
112 0.000781
113 0.000781
114 0.000781
115 0.000781
116 0.000781
117 0.000781
118 0.000781
119 0.000781
120 0.000781
121 0.000781
122 0.000781
123 0.000781
124 0.000781
125 0.000781
126 0.000781
127 0.000781
128 0.000781
129 0.000781
130 0.000781
131 0.000781
132 0.000781
133 0.000781
134 0.000781
135 0.000781
136 0.000781
137 0.000781
138 0.000781
139 0.000781
140 0.000781
141 0.000781
142 0.000781
143 0.000781
144 0.000781
145 0.000781
146 0.000781
147 0.000781
148 0.000781
149 0.000781
150 0.000781
151 0.000781
152 0.000781
153 0.000781
154 0.000781
155 0.000781
156 0.000781
157 0.000781
158 0.000781
159 0.000781
160 0.000781
161 0.000781
162 0.000781
163 0.000781
164 0.000781
165 0.000781
166 0.000781
167 0.000781
168 0.000781
169 0.000781
170 0.000781
171 0.000781
172 0.000781
173 0.000781
174 0.000781
175 0.000781
176 0.000781
177 0.000781
178 0.000781
179 0.000781
180 0.000781
181 0.000781
182 0.000781
183 0.000781
184 0.000781
185 0.000781
186 0.000781
187 0.000781
188 0.000781
189 0.000781
190 0.000781
191 0.000781
192 0.000781
193 0.000781
194 0.000781
195 0.000781
196 0.000781
197 0.000781
198 0.000781
199 0.000781
200 0.000781
201 0.000052
202 0.000052
203 0.000156
204 0.000104
205 0.000104
206 0.000104
207 0.000104
208 0.000104
209 0.000104
210 0.000104
211 0.000104
212 0.000104
213 0.000104
214 0.000104
215 0.000104
216 0.000104
217 0.000104
218 0.000104
219 0.000104
220 0.000104
221 0.000104
222 0.000104
223 0.000104
224 0.000104
225 0.000104
226 0.000104
227 0.000104
228 0.000104
229 0.000104
230 0.000104
231 0.000104
232 0.000104
233 0.000104
234 0.000104
235 0.000104
236 0.000104
237 0.000104
238 0.000104
239 0.000104
240 0.000104
241 0.000104
242 0.000104
243 0.000104
244 0.000104
245 0.000104
246 0.000104
247 0.000104
248 0.000104
249 0.000104
250 0.000104
251 0.000104
252 0.000104
253 0.000104
254 0.000104
255 0.000104
256 0.000104
257 0.000104
258 0.000104
259 0.000104
260 0.000104
261 0.000104
262 0.000104
263 0.000104
264 0.000104
265 0.000104
266 0.000104
267 0.000104
268 0.000104
269 0.000104
270 0.000104
271 0.000104
272 0.000104
273 0.000104
274 0.000104
275 0.000104
276 0.000104
277 0.000104
278 0.000104
279 0.000104
280 0.000104
281 0.000104
282 0.000104
283 0.000104
284 0.000104
285 0.000104
286 0.000104
287 0.000104
288 0.000104
289 0.000104
290 0.000104
291 0.000104
292 0.000104
293 0.000104
294 0.000104
295 0.000104
296 0.000104
297 0.000104
298 0.000104
299 0.000104
300 0.000104
