1 3.794202e-02
2 2.790668e-02
3 2.687620e-02
4 2.690629e-02
5 2.691751e-02
6 2.691466e-02
7 2.691512e-02
8 2.691531e-02
9 2.691532e-02
10 2.691533e-02
11 2.691533e-02
12 2.691533e-02
13 2.691533e-02
14 2.691533e-02
15 2.691533e-02
16 2.691533e-02
17 2.691533e-02
18 2.691533e-02
19 2.691533e-02
20 2.691533e-02
21 2.691533e-02
22 2.691533e-02
23 2.691533e-02
24 2.691533e-02
25 2.691533e-02
26 2.691533e-02
27 2.691533e-02
28 2.691533e-02
29 2.691533e-02
30 2.691533e-02
31 2.691533e-02
32 2.691533e-02
33 2.691533e-02
34 2.691533e-02
35 2.691533e-02
36 2.691533e-02
37 2.691533e-02
38 2.691533e-02
39 2.691533e-02
40 2.691533e-02
41 2.691533e-02
42 2.691533e-02
43 2.691533e-02
44 2.691533e-02
45 2.691533e-02
46 2.691533e-02
47 2.691533e-02
48 2.691533e-02
49 2.691533e-02
50 2.691533e-02
51 2.691533e-02
52 2.691533e-02
53 2.691533e-02
54 2.691533e-02
55 2.691533e-02
56 2.691533e-02
57 2.691533e-02
58 2.691533e-02
59 2.691533e-02
60 2.691533e-02
61 2.691533e-02
62 2.691533e-02
63 2.691533e-02
64 2.691533e-02
65 2.691533e-02
66 2.691533e-02
67 2.691533e-02
68 2.691533e-02
69 2.691533e-02
70 2.691533e-02
71 2.691533e-02
72 2.691533e-02
73 2.691533e-02
74 2.691533e-02
75 2.691533e-02
76 2.691533e-02
77 2.691533e-02
78 2.691533e-02
79 2.691533e-02
80 2.691533e-02
81 2.691533e-02
82 2.691533e-02
83 2.691533e-02
84 2.691533e-02
85 2.691533e-02
86 2.691533e-02
87 2.691533e-02
88 2.691533e-02
89 2.691533e-02
90 2.691533e-02
91 2.691533e-02
92 2.691533e-02
93 2.691533e-02
94 2.691533e-02
95 2.691533e-02
96 2.691533e-02
97 2.691533e-02
98 2.691533e-02
99 2.691533e-02
100 2.691533e-02
101 7.260684e-03
102 7.051517e-03
103 6.824756e-03
104 6.966300e-03
105 6.941550e-03
106 6.956427e-03
107 6.952965e-03
108 6.954825e-03
109 6.954302e-03
110 6.954566e-03
111 6.954482e-03
112 6.954522e-03
113 6.954508e-03
114 6.954515e-03
115 6.954512e-03
116 6.954514e-03
117 6.954513e-03
118 6.954513e-03
119 6.954513e-03
120 6.954513e-03
121 6.954513e-03
122 6.954513e-03
123 6.954513e-03
124 6.954513e-03
125 6.954513e-03
126 6.954513e-03
127 6.954513e-03
128 6.954513e-03
129 6.954513e-03
130 6.954513e-03
131 6.954513e-03
132 6.954513e-03
133 6.954513e-03
134 6.954513e-03
135 6.954513e-03
136 6.954513e-03
137 6.954513e-03
138 6.954513e-03
139 6.954513e-03
140 6.954513e-03
141 6.954513e-03
142 6.954513e-03
143 6.954513e-03
144 6.954513e-03
145 6.954513e-03
146 6.954513e-03
147 6.954513e-03
148 6.954513e-03
149 6.954513e-03
150 6.954513e-03
151 6.954513e-03
152 6.954513e-03
153 6.954513e-03
154 6.954513e-03
155 6.954513e-03
156 6.954513e-03
157 6.954513e-03
158 6.954513e-03
159 6.954513e-03
160 6.954513e-03
161 6.954513e-03
162 6.954513e-03
163 6.954513e-03
164 6.954513e-03
165 6.954513e-03
166 6.954513e-03
167 6.954513e-03
168 6.954513e-03
169 6.954513e-03
170 6.954513e-03
171 6.954513e-03
172 6.954513e-03
173 6.954513e-03
174 6.954513e-03
175 6.954513e-03
176 6.954513e-03
177 6.954513e-03
178 6.954513e-03
179 6.954513e-03
180 6.954513e-03
181 6.954513e-03
182 6.954513e-03
183 6.954513e-03
184 6.954513e-03
185 6.954513e-03
186 6.954513e-03
187 6.954513e-03
188 6.954513e-03
189 6.954513e-03
190 6.954513e-03
191 6.954513e-03
192 6.954513e-03
193 6.954513e-03
194 6.954513e-03
195 6.954513e-03
196 6.954513e-03
197 6.954513e-03
198 6.954513e-03
199 6.954513e-03
200 6.954513e-03
201 2.957109e-03
202 2.702752e-03
203 2.682624e-03
204 2.680096e-03
205 2.680086e-03
206 2.680123e-03
207 2.680131e-03
208 2.680129e-03
209 2.680128e-03
210 2.680128e-03
211 2.680128e-03
212 2.680128e-03
213 2.680128e-03
214 2.680128e-03
215 2.680128e-03
216 2.680128e-03
217 2.680128e-03
218 2.680128e-03
219 2.680128e-03
220 2.680128e-03
221 2.680128e-03
222 2.680128e-03
223 2.680128e-03
224 2.680128e-03
225 2.680128e-03
226 2.680128e-03
227 2.680128e-03
228 2.680128e-03
229 2.680128e-03
230 2.680128e-03
231 2.680128e-03
232 2.680128e-03
233 2.680128e-03
234 2.680128e-03
235 2.680128e-03
236 2.680128e-03
237 2.680128e-03
238 2.680128e-03
239 2.680128e-03
240 2.680128e-03
241 2.680128e-03
242 2.680128e-03
243 2.680128e-03
244 2.680128e-03
245 2.680128e-03
246 2.680128e-03
247 2.680128e-03
248 2.680128e-03
249 2.680128e-03
250 2.680128e-03
251 2.680128e-03
252 2.680128e-03
253 2.680128e-03
254 2.680128e-03
255 2.680128e-03
256 2.680128e-03
257 2.680128e-03
258 2.680128e-03
259 2.680128e-03
260 2.680128e-03
261 2.680128e-03
262 2.680128e-03
263 2.680128e-03
264 2.680128e-03
265 2.680128e-03
266 2.680128e-03
267 2.680128e-03
268 2.680128e-03
269 2.680128e-03
270 2.680128e-03
271 2.680128e-03
272 2.680128e-03
273 2.680128e-03
274 2.680128e-03
275 2.680128e-03
276 2.680128e-03
277 2.680128e-03
278 2.680128e-03
279 2.680128e-03
280 2.680128e-03
281 2.680128e-03
282 2.680128e-03
283 2.680128e-03
284 2.680128e-03
285 2.680128e-03
286 2.680128e-03
287 2.680128e-03
288 2.680128e-03
289 2.680128e-03
290 2.680128e-03
291 2.680128e-03
292 2.680128e-03
293 2.680128e-03
294 2.680128e-03
295 2.680128e-03
296 2.680128e-03
297 2.680128e-03
298 2.680128e-03
299 2.680128e-03
300 2.680128e-03
