1 0.051437
2 0.014500
3 0.008844
4 0.007927
5 0.006865
6 0.006969
7 0.006927
8 0.007021
9 0.006885
10 0.006969
11 0.006958
12 0.007010
13 0.006875
14 0.006958
15 0.006865
16 0.006979
17 0.006854
18 0.006958
19 0.006875
20 0.006948
21 0.006875
22 0.006979
23 0.006875
24 0.006969
25 0.006885
26 0.006979
27 0.006875
28 0.006979
29 0.006885
30 0.006990
31 0.006885
32 0.007000
33 0.006875
34 0.007000
35 0.006885
36 0.007000
37 0.006885
38 0.007000
39 0.006875
40 0.007000
41 0.006875
42 0.007000
43 0.006875
44 0.007000
45 0.006875
46 0.007000
47 0.006875
48 0.007000
49 0.006875
50 0.007000
51 0.006865
52 0.007000
53 0.006865
54 0.007010
55 0.006865
56 0.007010
57 0.006865
58 0.007010
59 0.006854
60 0.007010
61 0.006854
62 0.007010
63 0.006854
64 0.007010
65 0.006854
66 0.007010
67 0.006854
68 0.007010
69 0.006854
70 0.007021
71 0.006854
72 0.007021
73 0.006854
74 0.007021
75 0.006854
76 0.007021
77 0.006854
78 0.007021
79 0.006854
80 0.007021
81 0.006865
82 0.007021
83 0.006865
84 0.007021
85 0.006865
86 0.007021
87 0.006865
88 0.007021
89 0.006865
90 0.007021
91 0.006865
92 0.007021
93 0.006865
94 0.007021
95 0.006865
96 0.007021
97 0.006865
98 0.007021
99 0.006865
100 0.007021
101 0.002042
102 0.001719
103 0.001698
104 0.001635
105 0.001615
106 0.001594
107 0.001604
108 0.001583
109 0.001573
110 0.001573
111 0.001573
112 0.001573
113 0.001573
114 0.001583
115 0.001573
116 0.001583
117 0.001563
118 0.001583
119 0.001573
120 0.001583
121 0.001573
122 0.001573
123 0.001573
124 0.001573
125 0.001573
126 0.001573
127 0.001573
128 0.001573
129 0.001573
130 0.001573
131 0.001573
132 0.001573
133 0.001573
134 0.001573
135 0.001573
136 0.001573
137 0.001573
138 0.001573
139 0.001573
140 0.001573
141 0.001573
142 0.001573
143 0.001573
144 0.001573
145 0.001573
146 0.001573
147 0.001573
148 0.001573
149 0.001573
150 0.001573
151 0.001573
152 0.001573
153 0.001573
154 0.001573
155 0.001573
156 0.001573
157 0.001573
158 0.001573
159 0.001573
160 0.001573
161 0.001573
162 0.001573
163 0.001573
164 0.001573
165 0.001573
166 0.001573
167 0.001573
168 0.001573
169 0.001573
170 0.001573
171 0.001573
172 0.001573
173 0.001573
174 0.001573
175 0.001573
176 0.001573
177 0.001573
178 0.001573
179 0.001573
180 0.001573
181 0.001573
182 0.001573
183 0.001573
184 0.001573
185 0.001573
186 0.001573
187 0.001573
188 0.001573
189 0.001573
190 0.001573
191 0.001573
192 0.001573
193 0.001573
194 0.001573
195 0.001573
196 0.001573
197 0.001573
198 0.001573
199 0.001573
200 0.001573
201 0.001427
202 0.001437
203 0.001458
204 0.001469
205 0.001448
206 0.001469
207 0.001469
208 0.001479
209 0.001469
210 0.001479
211 0.001469
212 0.001479
213 0.001469
214 0.001469
215 0.001469
216 0.001469
217 0.001469
218 0.001469
219 0.001469
220 0.001469
221 0.001469
222 0.001469
223 0.001469
224 0.001469
225 0.001469
226 0.001469
227 0.001469
228 0.001469
229 0.001469
230 0.001469
231 0.001469
232 0.001469
233 0.001469
234 0.001469
235 0.001469
236 0.001469
237 0.001469
238 0.001469
239 0.001469
240 0.001469
241 0.001469
242 0.001469
243 0.001469
244 0.001469
245 0.001469
246 0.001469
247 0.001469
248 0.001469
249 0.001469
250 0.001469
251 0.001469
252 0.001469
253 0.001469
254 0.001469
255 0.001469
256 0.001469
257 0.001469
258 0.001469
259 0.001469
260 0.001469
261 0.001469
262 0.001469
263 0.001469
264 0.001469
265 0.001469
266 0.001469
267 0.001469
268 0.001469
269 0.001469
270 0.001469
271 0.001469
272 0.001469
273 0.001469
274 0.001469
275 0.001469
276 0.001469
277 0.001469
278 0.001469
279 0.001469
280 0.001469
281 0.001469
282 0.001469
283 0.001469
284 0.001469
285 0.001469
286 0.001469
287 0.001469
288 0.001469
289 0.001469
290 0.001469
291 0.001469
292 0.001469
293 0.001469
294 0.001469
295 0.001469
296 0.001469
297 0.001469
298 0.001469
299 0.001469
300 0.001469
