1 0.034509
2 0.008304
3 0.006339
4 0.024107
5 0.013571
6 0.011384
7 0.020580
8 0.014598
9 0.011473
10 0.022321
11 0.014911
12 0.013795
13 0.021295
14 0.015402
15 0.013437
16 0.022768
17 0.015402
18 0.012991
19 0.022143
20 0.015491
21 0.014286
22 0.020848
23 0.015491
24 0.014687
25 0.022098
26 0.016250
27 0.014196
28 0.022187
29 0.016205
30 0.014018
31 0.022768
32 0.016563
33 0.014375
34 0.021429
35 0.015759
36 0.015670
37 0.022366
38 0.015179
39 0.014018
40 0.022634
41 0.016429
42 0.013973
43 0.022455
44 0.016339
45 0.015134
46 0.022054
47 0.016071
48 0.014643
49 0.022321
50 0.015714
51 0.015045
52 0.022589
53 0.015580
54 0.014375
55 0.022411
56 0.016607
57 0.015491
58 0.021339
59 0.016250
60 0.015402
61 0.023170
62 0.015580
63 0.014196
64 0.022634
65 0.016384
66 0.014420
67 0.022500
68 0.016250
69 0.014598
70 0.021830
71 0.016875
72 0.015536
73 0.021964
74 0.016429
75 0.015045
76 0.022902
77 0.016964
78 0.014598
79 0.022768
80 0.016384
81 0.015045
82 0.022277
83 0.016116
84 0.014687
85 0.022768
86 0.016741
87 0.014777
88 0.022411
89 0.016384
90 0.014509
91 0.023259
92 0.017188
93 0.013437
94 0.022366
95 0.017098
96 0.015045
97 0.022812
98 0.016473
99 0.014777
100 0.022321
101 0.000089
102 0.000045
103 0.000089
104 0.000045
105 0.000045
106 0.000045
107 0.000045
108 0.000045
109 0.000045
110 0.000045
111 0.000045
112 0.000045
113 0.000045
114 0.000045
115 0.000045
116 0.000045
117 0.000045
118 0.000045
119 0.000045
120 0.000045
121 0.000045
122 0.000045
123 0.000045
124 0.000045
125 0.000045
126 0.000045
127 0.000045
128 0.000045
129 0.000045
130 0.000045
131 0.000045
132 0.000045
133 0.000045
134 0.000045
135 0.000045
136 0.000045
137 0.000045
138 0.000045
139 0.000045
140 0.000045
141 0.000045
142 0.000045
143 0.000045
144 0.000045
145 0.000045
146 0.000045
147 0.000045
148 0.000045
149 0.000045
150 0.000045
151 0.000045
152 0.000045
153 0.000045
154 0.000045
155 0.000045
156 0.000045
157 0.000045
158 0.000045
159 0.000045
160 0.000045
161 0.000045
162 0.000045
163 0.000045
164 0.000045
165 0.000045
166 0.000045
167 0.000045
168 0.000045
169 0.000045
170 0.000045
171 0.000045
172 0.000045
173 0.000045
174 0.000045
175 0.000045
176 0.000045
177 0.000045
178 0.000045
179 0.000045
180 0.000045
181 0.000045
182 0.000045
183 0.000045
184 0.000045
185 0.000045
186 0.000045
187 0.000045
188 0.000045
189 0.000045
190 0.000045
191 0.000045
192 0.000045
193 0.000045
194 0.000045
195 0.000045
196 0.000045
197 0.000045
198 0.000045
199 0.000045
200 0.000045
201 0.000000
202 0.000000
203 0.000000
204 0.000000
205 0.000000
206 0.000000
207 0.000000
208 0.000000
209 0.000000
210 0.000000
211 0.000000
212 0.000000
213 0.000000
214 0.000000
215 0.000000
216 0.000000
217 0.000000
218 0.000000
219 0.000000
220 0.000000
221 0.000000
222 0.000000
223 0.000000
224 0.000000
225 0.000000
226 0.000000
227 0.000000
228 0.000000
229 0.000000
230 0.000000
231 0.000000
232 0.000000
233 0.000000
234 0.000000
235 0.000000
236 0.000000
237 0.000000
238 0.000000
239 0.000000
240 0.000000
241 0.000000
242 0.000000
243 0.000000
244 0.000000
245 0.000000
246 0.000000
247 0.000000
248 0.000000
249 0.000000
250 0.000000
251 0.000000
252 0.000000
253 0.000000
254 0.000000
255 0.000000
256 0.000000
257 0.000000
258 0.000000
259 0.000000
260 0.000000
261 0.000000
262 0.000000
263 0.000000
264 0.000000
265 0.000000
266 0.000000
267 0.000000
268 0.000000
269 0.000000
270 0.000000
271 0.000000
272 0.000000
273 0.000000
274 0.000000
275 0.000000
276 0.000000
277 0.000000
278 0.000000
279 0.000000
280 0.000000
281 0.000000
282 0.000000
283 0.000000
284 0.000000
285 0.000000
286 0.000000
287 0.000000
288 0.000000
289 0.000000
290 0.000000
291 0.000000
292 0.000000
293 0.000000
294 0.000000
295 0.000000
296 0.000000
297 0.000000
298 0.000000
299 0.000000
300 0.000000
