1 0.022266
2 0.003350
3 0.002246
4 0.002266
5 0.002217
6 0.002227
7 0.002217
8 0.002236
9 0.002217
10 0.002227
11 0.002217
12 0.002236
13 0.002217
14 0.002236
15 0.002217
16 0.002236
17 0.002227
18 0.002236
19 0.002227
20 0.002236
21 0.002227
22 0.002236
23 0.002227
24 0.002246
25 0.002227
26 0.002246
27 0.002227
28 0.002246
29 0.002227
30 0.002246
31 0.002227
32 0.002246
33 0.002227
34 0.002246
35 0.002227
36 0.002246
37 0.002227
38 0.002246
39 0.002227
40 0.002246
41 0.002227
42 0.002246
43 0.002227
44 0.002246
45 0.002227
46 0.002246
47 0.002227
48 0.002246
49 0.002227
50 0.002246
51 0.002227
52 0.002246
53 0.002227
54 0.002246
55 0.002227
56 0.002246
57 0.002227
58 0.002246
59 0.002227
60 0.002246
61 0.002227
62 0.002246
63 0.002227
64 0.002246
65 0.002227
66 0.002246
67 0.002227
68 0.002246
69 0.002217
70 0.002246
71 0.002217
72 0.002246
73 0.002217
74 0.002246
75 0.002217
76 0.002246
77 0.002217
78 0.002246
79 0.002217
80 0.002246
81 0.002217
82 0.002246
83 0.002217
84 0.002246
85 0.002217
86 0.002246
87 0.002217
88 0.002246
89 0.002217
90 0.002246
91 0.002217
92 0.002246
93 0.002217
94 0.002246
95 0.002217
96 0.002246
97 0.002217
98 0.002246
99 0.002217
100 0.002246
101 0.001123
102 0.001133
103 0.001094
104 0.001133
105 0.001094
106 0.001113
107 0.001104
108 0.001104
109 0.001104
110 0.001104
111 0.001094
112 0.001104
113 0.001094
114 0.001104
115 0.001094
116 0.001104
117 0.001094
118 0.001104
119 0.001094
120 0.001104
121 0.001094
122 0.001104
123 0.001094
124 0.001104
125 0.001094
126 0.001104
127 0.001094
128 0.001104
129 0.001094
130 0.001104
131 0.001094
132 0.001104
133 0.001094
134 0.001104
135 0.001094
136 0.001104
137 0.001094
138 0.001104
139 0.001094
140 0.001104
141 0.001094
142 0.001104
143 0.001094
144 0.001104
145 0.001094
146 0.001104
147 0.001094
148 0.001104
149 0.001094
150 0.001104
151 0.001094
152 0.001104
153 0.001094
154 0.001104
155 0.001094
156 0.001104
157 0.001094
158 0.001104
159 0.001094
160 0.001104
161 0.001094
162 0.001104
163 0.001094
164 0.001104
165 0.001094
166 0.001104
167 0.001094
168 0.001104
169 0.001094
170 0.001104
171 0.001094
172 0.001104
173 0.001094
174 0.001104
175 0.001094
176 0.001104
177 0.001094
178 0.001104
179 0.001094
180 0.001104
181 0.001094
182 0.001104
183 0.001094
184 0.001104
185 0.001094
186 0.001104
187 0.001094
188 0.001104
189 0.001094
190 0.001104
191 0.001094
192 0.001104
193 0.001094
194 0.001104
195 0.001094
196 0.001104
197 0.001094
198 0.001104
199 0.001094
200 0.001104
201 0.001074
202 0.001084
203 0.001064
204 0.001074
205 0.001064
206 0.001074
207 0.001064
208 0.001074
209 0.001064
210 0.001074
211 0.001064
212 0.001074
213 0.001064
214 0.001074
215 0.001064
216 0.001074
217 0.001064
218 0.001074
219 0.001064
220 0.001074
221 0.001064
222 0.001074
223 0.001064
224 0.001074
225 0.001064
226 0.001074
227 0.001064
228 0.001074
229 0.001064
230 0.001074
231 0.001064
232 0.001074
233 0.001064
234 0.001074
235 0.001064
236 0.001074
237 0.001064
238 0.001074
239 0.001064
240 0.001074
241 0.001064
242 0.001074
243 0.001064
244 0.001074
245 0.001064
246 0.001074
247 0.001064
248 0.001074
249 0.001064
250 0.001074
251 0.001064
252 0.001074
253 0.001064
254 0.001074
255 0.001064
256 0.001074
257 0.001064
258 0.001074
259 0.001064
260 0.001074
261 0.001064
262 0.001074
263 0.001064
264 0.001074
265 0.001064
266 0.001074
267 0.001064
268 0.001074
269 0.001064
270 0.001074
271 0.001064
272 0.001074
273 0.001064
274 0.001074
275 0.001064
276 0.001074
277 0.001064
278 0.001074
279 0.001064
280 0.001074
281 0.001064
282 0.001074
283 0.001064
284 0.001074
285 0.001064
286 0.001074
287 0.001064
288 0.001074
289 0.001064
290 0.001074
291 0.001064
292 0.001074
293 0.001064
294 0.001074
295 0.001064
296 0.001074
297 0.001064
298 0.001074
299 0.001064
300 0.001074
