1 0.250000
2 0.218750
3 0.281250
4 0.250000
5 0.281250
6 0.250000
7 0.281250
8 0.312500
9 0.281250
10 0.312500
11 0.281250
12 0.312500
13 0.281250
14 0.312500
15 0.281250
16 0.312500
17 0.281250
18 0.281250
19 0.281250
20 0.312500
21 0.281250
22 0.312500
23 0.281250
24 0.281250
25 0.281250
26 0.281250
27 0.281250
28 0.281250
29 0.281250
30 0.281250
31 0.281250
32 0.281250
33 0.281250
34 0.281250
35 0.281250
36 0.281250
37 0.281250
38 0.281250
39 0.312500
40 0.281250
41 0.312500
42 0.281250
43 0.312500
44 0.281250
45 0.312500
46 0.281250
47 0.312500
48 0.281250
49 0.312500
50 0.281250
51 0.312500
52 0.281250
53 0.312500
54 0.281250
55 0.312500
56 0.281250
57 0.312500
58 0.281250
59 0.312500
60 0.281250
61 0.312500
62 0.281250
63 0.312500
64 0.281250
65 0.312500
66 0.281250
67 0.312500
68 0.281250
69 0.312500
70 0.281250
71 0.312500
72 0.281250
73 0.312500
74 0.281250
75 0.312500
76 0.281250
77 0.312500
78 0.281250
79 0.312500
80 0.281250
81 0.312500
82 0.281250
83 0.312500
84 0.281250
85 0.312500
86 0.281250
87 0.312500
88 0.281250
89 0.312500
90 0.281250
91 0.312500
92 0.281250
93 0.312500
94 0.281250
95 0.312500
96 0.281250
97 0.312500
98 0.281250
99 0.312500
100 0.281250
101 0.312500
102 0.281250
103 0.312500
104 0.281250
105 0.312500
106 0.281250
107 0.312500
108 0.281250
109 0.312500
110 0.281250
111 0.312500
112 0.281250
113 0.312500
114 0.281250
115 0.312500
116 0.281250
117 0.312500
118 0.281250
119 0.312500
120 0.281250
121 0.312500
122 0.281250
123 0.312500
124 0.281250
125 0.312500
126 0.281250
127 0.312500
128 0.281250
129 0.343750
130 0.281250
131 0.343750
132 0.281250
133 0.343750
134 0.312500
135 0.343750
136 0.312500
137 0.343750
138 0.312500
139 0.343750
140 0.312500
141 0.343750
142 0.312500
143 0.343750
144 0.312500
145 0.343750
146 0.312500
147 0.343750
148 0.312500
149 0.343750
150 0.312500
151 0.343750
152 0.312500
153 0.343750
154 0.312500
155 0.343750
156 0.312500
157 0.343750
158 0.312500
159 0.343750
160 0.343750
161 0.343750
162 0.343750
163 0.343750
164 0.343750
165 0.343750
166 0.343750
167 0.343750
168 0.343750
169 0.343750
170 0.343750
171 0.343750
172 0.343750
173 0.343750
174 0.343750
175 0.343750
176 0.343750
177 0.343750
178 0.343750
179 0.343750
180 0.343750
181 0.343750
182 0.343750
183 0.343750
184 0.343750
185 0.343750
186 0.343750
187 0.343750
188 0.343750
189 0.343750
190 0.343750
191 0.343750
192 0.343750
193 0.343750
194 0.343750
195 0.343750
196 0.343750
197 0.343750
198 0.343750
199 0.343750
200 0.343750
201 0.343750
202 0.343750
203 0.343750
204 0.343750
205 0.343750
206 0.343750
207 0.343750
208 0.343750
209 0.343750
210 0.343750
211 0.343750
212 0.343750
213 0.343750
214 0.343750
215 0.343750
216 0.343750
217 0.343750
218 0.343750
219 0.343750
220 0.343750
221 0.343750
222 0.343750
223 0.343750
224 0.343750
225 0.343750
226 0.343750
227 0.343750
228 0.343750
229 0.343750
230 0.343750
231 0.343750
232 0.343750
233 0.343750
234 0.343750
235 0.343750
236 0.343750
237 0.343750
238 0.343750
239 0.343750
240 0.343750
241 0.343750
242 0.343750
243 0.343750
244 0.343750
245 0.343750
246 0.343750
247 0.343750
248 0.343750
249 0.343750
250 0.343750
251 0.343750
252 0.343750
253 0.343750
254 0.343750
255 0.343750
256 0.343750
257 0.343750
258 0.343750
259 0.343750
260 0.343750
261 0.343750
262 0.343750
263 0.343750
264 0.343750
265 0.343750
266 0.343750
267 0.343750
268 0.343750
269 0.343750
270 0.343750
271 0.343750
272 0.343750
273 0.343750
274 0.343750
275 0.343750
276 0.343750
277 0.343750
278 0.343750
279 0.343750
280 0.343750
281 0.343750
282 0.343750
283 0.343750
284 0.343750
285 0.343750
286 0.343750
287 0.343750
288 0.343750
289 0.343750
290 0.343750
291 0.343750
292 0.343750
293 0.343750
294 0.343750
295 0.343750
296 0.343750
297 0.343750
298 0.343750
299 0.343750
300 0.343750
