1 1.070927e-01
2 1.125427e-01
3 1.119976e-01
4 1.119912e-01
5 1.119596e-01
6 1.119547e-01
7 1.119549e-01
8 1.119549e-01
9 1.119549e-01
10 1.119549e-01
11 1.119549e-01
12 1.119549e-01
13 1.119549e-01
14 1.119549e-01
15 1.119549e-01
16 1.119549e-01
17 1.119549e-01
18 1.119549e-01
19 1.119549e-01
20 1.119549e-01
21 1.119549e-01
22 1.119549e-01
23 1.119549e-01
24 1.119549e-01
25 1.119549e-01
26 1.119549e-01
27 1.119549e-01
28 1.119549e-01
29 1.119549e-01
30 1.119549e-01
31 1.119549e-01
32 1.119549e-01
33 1.119549e-01
34 1.119549e-01
35 1.119549e-01
36 1.119549e-01
37 1.119549e-01
38 1.119549e-01
39 1.119549e-01
40 1.119549e-01
41 1.119549e-01
42 1.119549e-01
43 1.119549e-01
44 1.119549e-01
45 1.119549e-01
46 1.119549e-01
47 1.119549e-01
48 1.119549e-01
49 1.119549e-01
50 1.119549e-01
51 1.119549e-01
52 1.119549e-01
53 1.119549e-01
54 1.119549e-01
55 1.119549e-01
56 1.119549e-01
57 1.119549e-01
58 1.119549e-01
59 1.119549e-01
60 1.119549e-01
61 1.119549e-01
62 1.119549e-01
63 1.119549e-01
64 1.119549e-01
65 1.119549e-01
66 1.119549e-01
67 1.119549e-01
68 1.119549e-01
69 1.119549e-01
70 1.119549e-01
71 1.119549e-01
72 1.119549e-01
73 1.119549e-01
74 1.119549e-01
75 1.119549e-01
76 1.119549e-01
77 1.119549e-01
78 1.119549e-01
79 1.119549e-01
80 1.119549e-01
81 1.119549e-01
82 1.119549e-01
83 1.119549e-01
84 1.119549e-01
85 1.119549e-01
86 1.119549e-01
87 1.119549e-01
88 1.119549e-01
89 1.119549e-01
90 1.119549e-01
91 1.119549e-01
92 1.119549e-01
93 1.119549e-01
94 1.119549e-01
95 1.119549e-01
96 1.119549e-01
97 1.119549e-01
98 1.119549e-01
99 1.119549e-01
100 1.119549e-01
101 1.878920e-01
102 1.922602e-01
103 1.982236e-01
104 1.990306e-01
105 1.994557e-01
106 1.995482e-01
107 1.995872e-01
108 1.995979e-01
109 1.996020e-01
110 1.996033e-01
111 1.996037e-01
112 1.996039e-01
113 1.996040e-01
114 1.996040e-01
115 1.996040e-01
116 1.996040e-01
117 1.996040e-01
118 1.996040e-01
119 1.996040e-01
120 1.996040e-01
121 1.996040e-01
122 1.996040e-01
123 1.996040e-01
124 1.996040e-01
125 1.996040e-01
126 1.996040e-01
127 1.996040e-01
128 1.996040e-01
129 1.996040e-01
130 1.996040e-01
131 1.996040e-01
132 1.996040e-01
133 1.996040e-01
134 1.996040e-01
135 1.996040e-01
136 1.996040e-01
137 1.996040e-01
138 1.996040e-01
139 1.996040e-01
140 1.996040e-01
141 1.996040e-01
142 1.996040e-01
143 1.996040e-01
144 1.996040e-01
145 1.996040e-01
146 1.996040e-01
147 1.996040e-01
148 1.996040e-01
149 1.996040e-01
150 1.996040e-01
151 1.996040e-01
152 1.996040e-01
153 1.996040e-01
154 1.996040e-01
155 1.996040e-01
156 1.996040e-01
157 1.996040e-01
158 1.996040e-01
159 1.996040e-01
160 1.996040e-01
161 1.996040e-01
162 1.996040e-01
163 1.996040e-01
164 1.996040e-01
165 1.996040e-01
166 1.996040e-01
167 1.996040e-01
168 1.996040e-01
169 1.996040e-01
170 1.996040e-01
171 1.996040e-01
172 1.996040e-01
173 1.996040e-01
174 1.996040e-01
175 1.996040e-01
176 1.996040e-01
177 1.996040e-01
178 1.996040e-01
179 1.996040e-01
180 1.996040e-01
181 1.996040e-01
182 1.996040e-01
183 1.996040e-01
184 1.996040e-01
185 1.996040e-01
186 1.996040e-01
187 1.996040e-01
188 1.996040e-01
189 1.996040e-01
190 1.996040e-01
191 1.996040e-01
192 1.996040e-01
193 1.996040e-01
194 1.996040e-01
195 1.996040e-01
196 1.996040e-01
197 1.996040e-01
198 1.996040e-01
199 1.996040e-01
200 1.996040e-01
201 1.377315e-01
202 1.355487e-01
203 1.348399e-01
204 1.347386e-01
205 1.347042e-01
206 1.346982e-01
207 1.346962e-01
208 1.346958e-01
209 1.346956e-01
210 1.346956e-01
211 1.346956e-01
212 1.346956e-01
213 1.346956e-01
214 1.346956e-01
215 1.346956e-01
216 1.346956e-01
217 1.346956e-01
218 1.346956e-01
219 1.346956e-01
220 1.346956e-01
221 1.346956e-01
222 1.346956e-01
223 1.346956e-01
224 1.346956e-01
225 1.346956e-01
226 1.346956e-01
227 1.346956e-01
228 1.346956e-01
229 1.346956e-01
230 1.346956e-01
231 1.346956e-01
232 1.346956e-01
233 1.346956e-01
234 1.346956e-01
235 1.346956e-01
236 1.346956e-01
237 1.346956e-01
238 1.346956e-01
239 1.346956e-01
240 1.346956e-01
241 1.346956e-01
242 1.346956e-01
243 1.346956e-01
244 1.346956e-01
245 1.346956e-01
246 1.346956e-01
247 1.346956e-01
248 1.346956e-01
249 1.346956e-01
250 1.346956e-01
251 1.346956e-01
252 1.346956e-01
253 1.346956e-01
254 1.346956e-01
255 1.346956e-01
256 1.346956e-01
257 1.346956e-01
258 1.346956e-01
259 1.346956e-01
260 1.346956e-01
261 1.346956e-01
262 1.346956e-01
263 1.346956e-01
264 1.346956e-01
265 1.346956e-01
266 1.346956e-01
267 1.346956e-01
268 1.346956e-01
269 1.346956e-01
270 1.346956e-01
271 1.346956e-01
272 1.346956e-01
273 1.346956e-01
274 1.346956e-01
275 1.346956e-01
276 1.346956e-01
277 1.346956e-01
278 1.346956e-01
279 1.346956e-01
280 1.346956e-01
281 1.346956e-01
282 1.346956e-01
283 1.346956e-01
284 1.346956e-01
285 1.346956e-01
286 1.346956e-01
287 1.346956e-01
288 1.346956e-01
289 1.346956e-01
290 1.346956e-01
291 1.346956e-01
292 1.346956e-01
293 1.346956e-01
294 1.346956e-01
295 1.346956e-01
296 1.346956e-01
297 1.346956e-01
298 1.346956e-01
299 1.346956e-01
300 1.346956e-01
