1 1.039977e-02
2 5.538368e-03
3 5.505911e-03
4 5.506647e-03
5 5.506668e-03
6 5.506664e-03
7 5.506664e-03
8 5.506664e-03
9 5.506664e-03
10 5.506664e-03
11 5.506664e-03
12 5.506664e-03
13 5.506664e-03
14 5.506664e-03
15 5.506664e-03
16 5.506664e-03
17 5.506664e-03
18 5.506664e-03
19 5.506664e-03
20 5.506664e-03
21 5.506664e-03
22 5.506664e-03
23 5.506664e-03
24 5.506664e-03
25 5.506664e-03
26 5.506664e-03
27 5.506664e-03
28 5.506664e-03
29 5.506664e-03
30 5.506664e-03
31 5.506664e-03
32 5.506664e-03
33 5.506664e-03
34 5.506664e-03
35 5.506664e-03
36 5.506664e-03
37 5.506664e-03
38 5.506664e-03
39 5.506664e-03
40 5.506664e-03
41 5.506664e-03
42 5.506664e-03
43 5.506664e-03
44 5.506664e-03
45 5.506664e-03
46 5.506664e-03
47 5.506664e-03
48 5.506664e-03
49 5.506664e-03
50 5.506664e-03
51 5.506664e-03
52 5.506664e-03
53 5.506664e-03
54 5.506664e-03
55 5.506664e-03
56 5.506664e-03
57 5.506664e-03
58 5.506664e-03
59 5.506664e-03
60 5.506664e-03
61 5.506664e-03
62 5.506664e-03
63 5.506664e-03
64 5.506664e-03
65 5.506664e-03
66 5.506664e-03
67 5.506664e-03
68 5.506664e-03
69 5.506664e-03
70 5.506664e-03
71 5.506664e-03
72 5.506664e-03
73 5.506664e-03
74 5.506664e-03
75 5.506664e-03
76 5.506664e-03
77 5.506664e-03
78 5.506664e-03
79 5.506664e-03
80 5.506664e-03
81 5.506664e-03
82 5.506664e-03
83 5.506664e-03
84 5.506664e-03
85 5.506664e-03
86 5.506664e-03
87 5.506664e-03
88 5.506664e-03
89 5.506664e-03
90 5.506664e-03
91 5.506664e-03
92 5.506664e-03
93 5.506664e-03
94 5.506664e-03
95 5.506664e-03
96 5.506664e-03
97 5.506664e-03
98 5.506664e-03
99 5.506664e-03
100 5.506664e-03
101 2.547711e-04
102 1.627532e-04
103 1.624350e-04
104 1.624453e-04
105 1.624454e-04
106 1.624454e-04
107 1.624454e-04
108 1.624454e-04
109 1.624454e-04
110 1.624454e-04
111 1.624454e-04
112 1.624454e-04
113 1.624454e-04
114 1.624454e-04
115 1.624454e-04
116 1.624454e-04
117 1.624454e-04
118 1.624454e-04
119 1.624454e-04
120 1.624454e-04
121 1.624454e-04
122 1.624454e-04
123 1.624454e-04
124 1.624454e-04
125 1.624454e-04
126 1.624454e-04
127 1.624454e-04
128 1.624454e-04
129 1.624454e-04
130 1.624454e-04
131 1.624454e-04
132 1.624454e-04
133 1.624454e-04
134 1.624454e-04
135 1.624454e-04
136 1.624454e-04
137 1.624454e-04
138 1.624454e-04
139 1.624454e-04
140 1.624454e-04
141 1.624454e-04
142 1.624454e-04
143 1.624454e-04
144 1.624454e-04
145 1.624454e-04
146 1.624454e-04
147 1.624454e-04
148 1.624454e-04
149 1.624454e-04
150 1.624454e-04
151 1.624454e-04
152 1.624454e-04
153 1.624454e-04
154 1.624454e-04
155 1.624454e-04
156 1.624454e-04
157 1.624454e-04
158 1.624454e-04
159 1.624454e-04
160 1.624454e-04
161 1.624454e-04
162 1.624454e-04
163 1.624454e-04
164 1.624454e-04
165 1.624454e-04
166 1.624454e-04
167 1.624454e-04
168 1.624454e-04
169 1.624454e-04
170 1.624454e-04
171 1.624454e-04
172 1.624454e-04
173 1.624454e-04
174 1.624454e-04
175 1.624454e-04
176 1.624454e-04
177 1.624454e-04
178 1.624454e-04
179 1.624454e-04
180 1.624454e-04
181 1.624454e-04
182 1.624454e-04
183 1.624454e-04
184 1.624454e-04
185 1.624454e-04
186 1.624454e-04
187 1.624454e-04
188 1.624454e-04
189 1.624454e-04
190 1.624454e-04
191 1.624454e-04
192 1.624454e-04
193 1.624454e-04
194 1.624454e-04
195 1.624454e-04
196 1.624454e-04
197 1.624454e-04
198 1.624454e-04
199 1.624454e-04
200 1.624454e-04
201 1.624454e-04
202 1.624454e-04
203 1.624454e-04
204 1.624454e-04
205 1.624454e-04
206 1.624454e-04
207 1.624454e-04
208 1.624454e-04
209 1.624454e-04
210 1.624454e-04
211 1.624454e-04
212 1.624454e-04
213 1.624454e-04
214 1.624454e-04
215 1.624454e-04
216 1.624454e-04
217 1.624454e-04
218 1.624454e-04
219 1.624454e-04
220 1.624454e-04
221 1.624454e-04
222 1.624454e-04
223 1.624454e-04
224 1.624454e-04
225 1.624454e-04
226 1.624454e-04
227 1.624454e-04
228 1.624454e-04
229 1.624454e-04
230 1.624454e-04
231 1.624454e-04
232 1.624454e-04
233 1.624454e-04
234 1.624454e-04
235 1.624454e-04
236 1.624454e-04
237 1.624454e-04
238 1.624454e-04
239 1.624454e-04
240 1.624454e-04
241 1.624454e-04
242 1.624454e-04
243 1.624454e-04
244 1.624454e-04
245 1.624454e-04
246 1.624454e-04
247 1.624454e-04
248 1.624454e-04
249 1.624454e-04
250 1.624454e-04
251 1.624454e-04
252 1.624454e-04
253 1.624454e-04
254 1.624454e-04
255 1.624454e-04
256 1.624454e-04
257 1.624454e-04
258 1.624454e-04
259 1.624454e-04
260 1.624454e-04
261 1.624454e-04
262 1.624454e-04
263 1.624454e-04
264 1.624454e-04
265 1.624454e-04
266 1.624454e-04
267 1.624454e-04
268 1.624454e-04
269 1.624454e-04
270 1.624454e-04
271 1.624454e-04
272 1.624454e-04
273 1.624454e-04
274 1.624454e-04
275 1.624454e-04
276 1.624454e-04
277 1.624454e-04
278 1.624454e-04
279 1.624454e-04
280 1.624454e-04
281 1.624454e-04
282 1.624454e-04
283 1.624454e-04
284 1.624454e-04
285 1.624454e-04
286 1.624454e-04
287 1.624454e-04
288 1.624454e-04
289 1.624454e-04
290 1.624454e-04
291 1.624454e-04
292 1.624454e-04
293 1.624454e-04
294 1.624454e-04
295 1.624454e-04
296 1.624454e-04
297 1.624454e-04
298 1.624454e-04
299 1.624454e-04
300 1.624454e-04
