1 4.296910e-02
2 3.005781e-02
3 2.998694e-02
4 2.998606e-02
5 2.998402e-02
6 2.998412e-02
7 2.998414e-02
8 2.998414e-02
9 2.998414e-02
10 2.998414e-02
11 2.998414e-02
12 2.998414e-02
13 2.998414e-02
14 2.998414e-02
15 2.998414e-02
16 2.998414e-02
17 2.998414e-02
18 2.998414e-02
19 2.998414e-02
20 2.998414e-02
21 2.998414e-02
22 2.998414e-02
23 2.998414e-02
24 2.998414e-02
25 2.998414e-02
26 2.998414e-02
27 2.998414e-02
28 2.998414e-02
29 2.998414e-02
30 2.998414e-02
31 2.998414e-02
32 2.998414e-02
33 2.998414e-02
34 2.998414e-02
35 2.998414e-02
36 2.998414e-02
37 2.998414e-02
38 2.998414e-02
39 2.998414e-02
40 2.998414e-02
41 2.998414e-02
42 2.998414e-02
43 2.998414e-02
44 2.998414e-02
45 2.998414e-02
46 2.998414e-02
47 2.998414e-02
48 2.998414e-02
49 2.998414e-02
50 2.998414e-02
51 2.998414e-02
52 2.998414e-02
53 2.998414e-02
54 2.998414e-02
55 2.998414e-02
56 2.998414e-02
57 2.998414e-02
58 2.998414e-02
59 2.998414e-02
60 2.998414e-02
61 2.998414e-02
62 2.998414e-02
63 2.998414e-02
64 2.998414e-02
65 2.998414e-02
66 2.998414e-02
67 2.998414e-02
68 2.998414e-02
69 2.998414e-02
70 2.998414e-02
71 2.998414e-02
72 2.998414e-02
73 2.998414e-02
74 2.998414e-02
75 2.998414e-02
76 2.998414e-02
77 2.998414e-02
78 2.998414e-02
79 2.998414e-02
80 2.998414e-02
81 2.998414e-02
82 2.998414e-02
83 2.998414e-02
84 2.998414e-02
85 2.998414e-02
86 2.998414e-02
87 2.998414e-02
88 2.998414e-02
89 2.998414e-02
90 2.998414e-02
91 2.998414e-02
92 2.998414e-02
93 2.998414e-02
94 2.998414e-02
95 2.998414e-02
96 2.998414e-02
97 2.998414e-02
98 2.998414e-02
99 2.998414e-02
100 2.998414e-02
101 4.732946e-03
102 4.618607e-03
103 4.594542e-03
104 4.596440e-03
105 4.596121e-03
106 4.596156e-03
107 4.596150e-03
108 4.596151e-03
109 4.596151e-03
110 4.596151e-03
111 4.596151e-03
112 4.596151e-03
113 4.596151e-03
114 4.596151e-03
115 4.596151e-03
116 4.596151e-03
117 4.596151e-03
118 4.596151e-03
119 4.596151e-03
120 4.596151e-03
121 4.596151e-03
122 4.596151e-03
123 4.596151e-03
124 4.596151e-03
125 4.596151e-03
126 4.596151e-03
127 4.596151e-03
128 4.596151e-03
129 4.596151e-03
130 4.596151e-03
131 4.596151e-03
132 4.596151e-03
133 4.596151e-03
134 4.596151e-03
135 4.596151e-03
136 4.596151e-03
137 4.596151e-03
138 4.596151e-03
139 4.596151e-03
140 4.596151e-03
141 4.596151e-03
142 4.596151e-03
143 4.596151e-03
144 4.596151e-03
145 4.596151e-03
146 4.596151e-03
147 4.596151e-03
148 4.596151e-03
149 4.596151e-03
150 4.596151e-03
151 4.596151e-03
152 4.596151e-03
153 4.596151e-03
154 4.596151e-03
155 4.596151e-03
156 4.596151e-03
157 4.596151e-03
158 4.596151e-03
159 4.596151e-03
160 4.596151e-03
161 4.596151e-03
162 4.596151e-03
163 4.596151e-03
164 4.596151e-03
165 4.596151e-03
166 4.596151e-03
167 4.596151e-03
168 4.596151e-03
169 4.596151e-03
170 4.596151e-03
171 4.596151e-03
172 4.596151e-03
173 4.596151e-03
174 4.596151e-03
175 4.596151e-03
176 4.596151e-03
177 4.596151e-03
178 4.596151e-03
179 4.596151e-03
180 4.596151e-03
181 4.596151e-03
182 4.596151e-03
183 4.596151e-03
184 4.596151e-03
185 4.596151e-03
186 4.596151e-03
187 4.596151e-03
188 4.596151e-03
189 4.596151e-03
190 4.596151e-03
191 4.596151e-03
192 4.596151e-03
193 4.596151e-03
194 4.596151e-03
195 4.596151e-03
196 4.596151e-03
197 4.596151e-03
198 4.596151e-03
199 4.596151e-03
200 4.596151e-03
201 4.370449e-03
202 4.374168e-03
203 4.373633e-03
204 4.373639e-03
205 4.373637e-03
206 4.373637e-03
207 4.373637e-03
208 4.373637e-03
209 4.373637e-03
210 4.373637e-03
211 4.373637e-03
212 4.373637e-03
213 4.373637e-03
214 4.373637e-03
215 4.373637e-03
216 4.373637e-03
217 4.373637e-03
218 4.373637e-03
219 4.373637e-03
220 4.373637e-03
221 4.373637e-03
222 4.373637e-03
223 4.373637e-03
224 4.373637e-03
225 4.373637e-03
226 4.373637e-03
227 4.373637e-03
228 4.373637e-03
229 4.373637e-03
230 4.373637e-03
231 4.373637e-03
232 4.373637e-03
233 4.373637e-03
234 4.373637e-03
235 4.373637e-03
236 4.373637e-03
237 4.373637e-03
238 4.373637e-03
239 4.373637e-03
240 4.373637e-03
241 4.373637e-03
242 4.373637e-03
243 4.373637e-03
244 4.373637e-03
245 4.373637e-03
246 4.373637e-03
247 4.373637e-03
248 4.373637e-03
249 4.373637e-03
250 4.373637e-03
251 4.373637e-03
252 4.373637e-03
253 4.373637e-03
254 4.373637e-03
255 4.373637e-03
256 4.373637e-03
257 4.373637e-03
258 4.373637e-03
259 4.373637e-03
260 4.373637e-03
261 4.373637e-03
262 4.373637e-03
263 4.373637e-03
264 4.373637e-03
265 4.373637e-03
266 4.373637e-03
267 4.373637e-03
268 4.373637e-03
269 4.373637e-03
270 4.373637e-03
271 4.373637e-03
272 4.373637e-03
273 4.373637e-03
274 4.373637e-03
275 4.373637e-03
276 4.373637e-03
277 4.373637e-03
278 4.373637e-03
279 4.373637e-03
280 4.373637e-03
281 4.373637e-03
282 4.373637e-03
283 4.373637e-03
284 4.373637e-03
285 4.373637e-03
286 4.373637e-03
287 4.373637e-03
288 4.373637e-03
289 4.373637e-03
290 4.373637e-03
291 4.373637e-03
292 4.373637e-03
293 4.373637e-03
294 4.373637e-03
295 4.373637e-03
296 4.373637e-03
297 4.373637e-03
298 4.373637e-03
299 4.373637e-03
300 4.373637e-03
