1 3.137986e-02
2 2.247038e-02
3 2.225586e-02
4 2.225150e-02
5 2.223704e-02
6 2.223058e-02
7 2.222816e-02
8 2.222781e-02
9 2.222782e-02
10 2.222785e-02
11 2.222786e-02
12 2.222786e-02
13 2.222786e-02
14 2.222786e-02
15 2.222786e-02
16 2.222786e-02
17 2.222786e-02
18 2.222786e-02
19 2.222786e-02
20 2.222786e-02
21 2.222786e-02
22 2.222786e-02
23 2.222786e-02
24 2.222786e-02
25 2.222786e-02
26 2.222786e-02
27 2.222786e-02
28 2.222786e-02
29 2.222786e-02
30 2.222786e-02
31 2.222786e-02
32 2.222786e-02
33 2.222786e-02
34 2.222786e-02
35 2.222786e-02
36 2.222786e-02
37 2.222786e-02
38 2.222786e-02
39 2.222786e-02
40 2.222786e-02
41 2.222786e-02
42 2.222786e-02
43 2.222786e-02
44 2.222786e-02
45 2.222786e-02
46 2.222786e-02
47 2.222786e-02
48 2.222786e-02
49 2.222786e-02
50 2.222786e-02
51 2.222786e-02
52 2.222786e-02
53 2.222786e-02
54 2.222786e-02
55 2.222786e-02
56 2.222786e-02
57 2.222786e-02
58 2.222786e-02
59 2.222786e-02
60 2.222786e-02
61 2.222786e-02
62 2.222786e-02
63 2.222786e-02
64 2.222786e-02
65 2.222786e-02
66 2.222786e-02
67 2.222786e-02
68 2.222786e-02
69 2.222786e-02
70 2.222786e-02
71 2.222786e-02
72 2.222786e-02
73 2.222786e-02
74 2.222786e-02
75 2.222786e-02
76 2.222786e-02
77 2.222786e-02
78 2.222786e-02
79 2.222786e-02
80 2.222786e-02
81 2.222786e-02
82 2.222786e-02
83 2.222786e-02
84 2.222786e-02
85 2.222786e-02
86 2.222786e-02
87 2.222786e-02
88 2.222786e-02
89 2.222786e-02
90 2.222786e-02
91 2.222786e-02
92 2.222786e-02
93 2.222786e-02
94 2.222786e-02
95 2.222786e-02
96 2.222786e-02
97 2.222786e-02
98 2.222786e-02
99 2.222786e-02
100 2.222786e-02
101 5.185315e-03
102 4.505274e-03
103 4.389590e-03
104 4.431695e-03
105 4.426114e-03
106 4.428276e-03
107 4.427853e-03
108 4.428006e-03
109 4.427972e-03
110 4.427984e-03
111 4.427981e-03
112 4.427982e-03
113 4.427982e-03
114 4.427982e-03
115 4.427982e-03
116 4.427982e-03
117 4.427982e-03
118 4.427982e-03
119 4.427982e-03
120 4.427982e-03
121 4.427982e-03
122 4.427982e-03
123 4.427982e-03
124 4.427982e-03
125 4.427982e-03
126 4.427982e-03
127 4.427982e-03
128 4.427982e-03
129 4.427982e-03
130 4.427982e-03
131 4.427982e-03
132 4.427982e-03
133 4.427982e-03
134 4.427982e-03
135 4.427982e-03
136 4.427982e-03
137 4.427982e-03
138 4.427982e-03
139 4.427982e-03
140 4.427982e-03
141 4.427982e-03
142 4.427982e-03
143 4.427982e-03
144 4.427982e-03
145 4.427982e-03
146 4.427982e-03
147 4.427982e-03
148 4.427982e-03
149 4.427982e-03
150 4.427982e-03
151 4.427982e-03
152 4.427982e-03
153 4.427982e-03
154 4.427982e-03
155 4.427982e-03
156 4.427982e-03
157 4.427982e-03
158 4.427982e-03
159 4.427982e-03
160 4.427982e-03
161 4.427982e-03
162 4.427982e-03
163 4.427982e-03
164 4.427982e-03
165 4.427982e-03
166 4.427982e-03
167 4.427982e-03
168 4.427982e-03
169 4.427982e-03
170 4.427982e-03
171 4.427982e-03
172 4.427982e-03
173 4.427982e-03
174 4.427982e-03
175 4.427982e-03
176 4.427982e-03
177 4.427982e-03
178 4.427982e-03
179 4.427982e-03
180 4.427982e-03
181 4.427982e-03
182 4.427982e-03
183 4.427982e-03
184 4.427982e-03
185 4.427982e-03
186 4.427982e-03
187 4.427982e-03
188 4.427982e-03
189 4.427982e-03
190 4.427982e-03
191 4.427982e-03
192 4.427982e-03
193 4.427982e-03
194 4.427982e-03
195 4.427982e-03
196 4.427982e-03
197 4.427982e-03
198 4.427982e-03
199 4.427982e-03
200 4.427982e-03
201 2.934125e-03
202 2.875180e-03
203 2.872445e-03
204 2.872201e-03
205 2.872068e-03
206 2.872036e-03
207 2.872036e-03
208 2.872034e-03
209 2.872034e-03
210 2.872034e-03
211 2.872034e-03
212 2.872034e-03
213 2.872034e-03
214 2.872034e-03
215 2.872034e-03
216 2.872034e-03
217 2.872034e-03
218 2.872034e-03
219 2.872034e-03
220 2.872034e-03
221 2.872034e-03
222 2.872034e-03
223 2.872034e-03
224 2.872034e-03
225 2.872034e-03
226 2.872034e-03
227 2.872034e-03
228 2.872034e-03
229 2.872034e-03
230 2.872034e-03
231 2.872034e-03
232 2.872034e-03
233 2.872034e-03
234 2.872034e-03
235 2.872034e-03
236 2.872034e-03
237 2.872034e-03
238 2.872034e-03
239 2.872034e-03
240 2.872034e-03
241 2.872034e-03
242 2.872034e-03
243 2.872034e-03
244 2.872034e-03
245 2.872034e-03
246 2.872034e-03
247 2.872034e-03
248 2.872034e-03
249 2.872034e-03
250 2.872034e-03
251 2.872034e-03
252 2.872034e-03
253 2.872034e-03
254 2.872034e-03
255 2.872034e-03
256 2.872034e-03
257 2.872034e-03
258 2.872034e-03
259 2.872034e-03
260 2.872034e-03
261 2.872034e-03
262 2.872034e-03
263 2.872034e-03
264 2.872034e-03
265 2.872034e-03
266 2.872034e-03
267 2.872034e-03
268 2.872034e-03
269 2.872034e-03
270 2.872034e-03
271 2.872034e-03
272 2.872034e-03
273 2.872034e-03
274 2.872034e-03
275 2.872034e-03
276 2.872034e-03
277 2.872034e-03
278 2.872034e-03
279 2.872034e-03
280 2.872034e-03
281 2.872034e-03
282 2.872034e-03
283 2.872034e-03
284 2.872034e-03
285 2.872034e-03
286 2.872034e-03
287 2.872034e-03
288 2.872034e-03
289 2.872034e-03
290 2.872034e-03
291 2.872034e-03
292 2.872034e-03
293 2.872034e-03
294 2.872034e-03
295 2.872034e-03
296 2.872034e-03
297 2.872034e-03
298 2.872034e-03
299 2.872034e-03
300 2.872034e-03
