1 0.190521
2 0.190417
3 0.635729
4 0.631771
5 0.192604
6 0.192396
7 0.637188
8 0.630833
9 0.193229
10 0.192396
11 0.638437
12 0.629583
13 0.193438
14 0.193125
15 0.638542
16 0.629583
17 0.193854
18 0.193229
19 0.638437
20 0.629583
21 0.194479
22 0.193750
23 0.638437
24 0.629583
25 0.195208
26 0.194167
27 0.638437
28 0.629687
29 0.195521
30 0.194896
31 0.638437
32 0.629792
33 0.195833
34 0.195833
35 0.638229
36 0.629896
37 0.196250
38 0.195937
39 0.638125
40 0.630000
41 0.196875
42 0.196042
43 0.638229
44 0.630000
45 0.197396
46 0.195937
47 0.638125
48 0.630000
49 0.198021
50 0.196146
51 0.638125
52 0.629896
53 0.198229
54 0.196250
55 0.638229
56 0.629896
57 0.198229
58 0.196354
59 0.638333
60 0.630000
61 0.198229
62 0.196563
63 0.638437
64 0.630000
65 0.198646
66 0.196771
67 0.638437
68 0.630000
69 0.198646
70 0.196979
71 0.638437
72 0.630000
73 0.198646
74 0.197083
75 0.638437
76 0.630000
77 0.198750
78 0.197187
79 0.638437
80 0.630000
81 0.198750
82 0.197187
83 0.638437
84 0.630000
85 0.198750
86 0.197292
87 0.638437
88 0.630000
89 0.198854
90 0.197292
91 0.638437
92 0.630000
93 0.198854
94 0.197396
95 0.638437
96 0.630000
97 0.198854
98 0.197396
99 0.638437
100 0.630000
101 0.326458
102 0.318854
103 0.622812
104 0.627917
105 0.323750
106 0.312500
107 0.623854
108 0.628125
109 0.321979
110 0.309896
111 0.622500
112 0.627604
113 0.323125
114 0.310104
115 0.621250
116 0.626458
117 0.323437
118 0.310937
119 0.619792
120 0.625104
121 0.324167
122 0.311458
123 0.619062
124 0.623646
125 0.325208
126 0.313021
127 0.617500
128 0.622708
129 0.326667
130 0.314063
131 0.616146
132 0.621979
133 0.327188
134 0.314583
135 0.615313
136 0.620625
137 0.327708
138 0.315312
139 0.615208
140 0.619375
141 0.327708
142 0.315625
143 0.614167
144 0.618646
145 0.327604
146 0.316146
147 0.613854
148 0.618125
149 0.327604
150 0.317292
151 0.613854
152 0.617500
153 0.328021
154 0.318437
155 0.613542
156 0.616979
157 0.328021
158 0.318646
159 0.612604
160 0.616354
161 0.328125
162 0.319063
163 0.612604
164 0.615417
165 0.328437
166 0.319375
167 0.612396
168 0.615521
169 0.328333
170 0.320521
171 0.611979
172 0.614583
173 0.328125
174 0.320833
175 0.611458
176 0.613542
177 0.328229
178 0.321354
179 0.611146
180 0.613021
181 0.328125
182 0.321562
183 0.611146
184 0.613021
185 0.328229
186 0.321979
187 0.611042
188 0.612500
189 0.328125
190 0.321875
191 0.610833
192 0.612396
193 0.328437
194 0.321875
195 0.610625
196 0.612292
197 0.328333
198 0.321979
199 0.610729
200 0.612083
201 0.336250
202 0.322292
203 0.611354
204 0.613958
205 0.339271
206 0.318646
207 0.611250
208 0.615000
209 0.338021
210 0.317500
211 0.610625
212 0.612187
213 0.336979
214 0.318437
215 0.606771
216 0.609375
217 0.338750
218 0.320000
219 0.600313
220 0.604688
221 0.340938
222 0.321354
223 0.597292
224 0.602083
225 0.341771
226 0.324583
227 0.595104
228 0.599896
229 0.342604
230 0.326354
231 0.592604
232 0.597292
233 0.342292
234 0.327292
235 0.590313
236 0.594271
237 0.343333
238 0.329062
239 0.588229
240 0.593125
241 0.343750
242 0.330833
243 0.587917
244 0.591458
245 0.343958
246 0.330833
247 0.587500
248 0.588750
249 0.344062
250 0.332500
251 0.586771
252 0.587396
253 0.344062
254 0.333958
255 0.585938
256 0.586354
257 0.344167
258 0.334479
259 0.585625
260 0.585000
261 0.343958
262 0.335104
263 0.585000
264 0.584063
265 0.344583
266 0.335833
267 0.584583
268 0.583646
269 0.344792
270 0.335833
271 0.584375
272 0.582708
273 0.345208
274 0.336875
275 0.584479
276 0.582292
277 0.344896
278 0.337083
279 0.584583
280 0.581875
281 0.345208
282 0.337292
283 0.583750
284 0.581875
285 0.345104
286 0.337500
287 0.583333
288 0.581562
289 0.344896
290 0.338125
291 0.583125
292 0.580937
293 0.345000
294 0.338333
295 0.583125
296 0.580000
297 0.345104
298 0.338333
299 0.583229
300 0.579583
