1 0.285729
2 0.285833
3 0.633750
4 0.285833
5 0.285417
6 0.543438
7 0.453333
8 0.284167
9 0.311250
10 0.600521
11 0.292917
12 0.285521
13 0.531146
14 0.450208
15 0.285313
16 0.318333
17 0.579896
18 0.324375
19 0.286979
20 0.491458
21 0.453542
22 0.293229
23 0.337500
24 0.547917
25 0.351771
26 0.296667
27 0.466562
28 0.456146
29 0.312604
30 0.348125
31 0.508021
32 0.376667
33 0.313750
34 0.444063
35 0.451146
36 0.334688
37 0.362604
38 0.469271
39 0.393750
40 0.335104
41 0.427604
42 0.434375
43 0.353125
44 0.370729
45 0.441563
46 0.400729
47 0.360312
48 0.413542
49 0.418021
50 0.370625
51 0.381354
52 0.422917
53 0.398125
54 0.372604
55 0.408333
56 0.411250
57 0.384167
58 0.387292
59 0.414375
60 0.390417
61 0.380937
62 0.406354
63 0.404167
64 0.391250
65 0.392604
66 0.405521
67 0.390729
68 0.389688
69 0.409062
70 0.397813
71 0.393958
72 0.392292
73 0.401667
74 0.395208
75 0.395521
76 0.407292
77 0.390521
78 0.393542
79 0.398646
80 0.403125
81 0.395208
82 0.392500
83 0.401771
84 0.391771
85 0.393333
86 0.397083
87 0.400938
88 0.390104
89 0.393229
90 0.401875
91 0.395313
92 0.394896
93 0.396458
94 0.400000
95 0.388646
96 0.395833
97 0.398646
98 0.394062
99 0.398854
100 0.400000
101 0.289687
102 0.291458
103 0.388333
104 0.409792
105 0.293229
106 0.291042
107 0.380937
108 0.409167
109 0.301875
110 0.291667
111 0.376771
112 0.407917
113 0.309583
114 0.296979
115 0.377292
116 0.405000
117 0.318229
118 0.300104
119 0.378854
120 0.401146
121 0.322708
122 0.303854
123 0.379167
124 0.396146
125 0.324792
126 0.306563
127 0.377604
128 0.391979
129 0.325625
130 0.308542
131 0.378333
132 0.388542
133 0.324896
134 0.311979
135 0.377500
136 0.388437
137 0.323333
138 0.315000
139 0.377604
140 0.388958
141 0.321979
142 0.316979
143 0.378542
144 0.388437
145 0.321771
146 0.315729
147 0.377917
148 0.388021
149 0.320312
150 0.315104
151 0.381771
152 0.386875
153 0.319583
154 0.314063
155 0.382604
156 0.386250
157 0.319583
158 0.313854
159 0.383750
160 0.386875
161 0.319271
162 0.313958
163 0.384375
164 0.387604
165 0.319063
166 0.314583
167 0.383958
168 0.387604
169 0.318437
170 0.316042
171 0.384167
172 0.389583
173 0.317500
174 0.316458
175 0.383125
176 0.389167
177 0.316979
178 0.314583
179 0.382917
180 0.389375
181 0.318646
182 0.314688
183 0.382812
184 0.388958
185 0.319271
186 0.314479
187 0.384271
188 0.387500
189 0.319688
190 0.315937
191 0.384688
192 0.386667
193 0.318958
194 0.315104
195 0.384271
196 0.385625
197 0.319063
198 0.317292
199 0.383542
200 0.385729
201 0.295729
202 0.298125
203 0.384167
204 0.388958
205 0.300833
206 0.304167
207 0.385313
208 0.393646
209 0.306771
210 0.304896
211 0.385000
212 0.395208
213 0.312917
214 0.305729
215 0.383958
216 0.394896
217 0.316250
218 0.308646
219 0.382292
220 0.392083
221 0.321250
222 0.308646
223 0.378750
224 0.390625
225 0.323021
226 0.311042
227 0.376979
228 0.386562
229 0.324062
230 0.313021
231 0.375937
232 0.386667
233 0.325104
234 0.315937
235 0.375833
236 0.384375
237 0.324792
238 0.317917
239 0.374792
240 0.383333
241 0.324792
242 0.317500
243 0.373021
244 0.385104
245 0.324167
246 0.318958
247 0.372292
248 0.385313
249 0.324583
250 0.319271
251 0.373646
252 0.384375
253 0.326458
254 0.320104
255 0.373333
256 0.382396
257 0.325625
258 0.320208
259 0.372604
260 0.381563
261 0.326458
262 0.319583
263 0.372708
264 0.379375
265 0.327917
266 0.320312
267 0.371563
268 0.380000
269 0.329271
270 0.319792
271 0.372500
272 0.378750
273 0.328021
274 0.321562
275 0.371250
276 0.379792
277 0.328646
278 0.323646
279 0.371875
280 0.378437
281 0.327500
282 0.323750
283 0.372083
284 0.377500
285 0.326354
286 0.323229
287 0.372708
288 0.377396
289 0.326562
290 0.323646
291 0.374688
292 0.375937
293 0.326562
294 0.324271
295 0.375104
296 0.375937
297 0.327292
298 0.324375
299 0.374896
300 0.374896
