1 0.088021
2 0.088125
3 0.524792
4 0.633125
5 0.093021
6 0.088750
7 0.509375
8 0.596250
9 0.128958
10 0.092500
11 0.507812
12 0.562083
13 0.165521
14 0.112292
15 0.505417
16 0.546875
17 0.163438
18 0.135208
19 0.505208
20 0.536875
21 0.153542
22 0.145729
23 0.509687
24 0.531771
25 0.150521
26 0.143333
27 0.520938
28 0.528750
29 0.147187
30 0.139167
31 0.528229
32 0.527604
33 0.145625
34 0.135833
35 0.529687
36 0.532917
37 0.144583
38 0.134479
39 0.526979
40 0.537396
41 0.146250
42 0.133542
43 0.526458
44 0.540000
45 0.149167
46 0.131875
47 0.524583
48 0.535000
49 0.153646
50 0.135208
51 0.523542
52 0.533854
53 0.156562
54 0.136875
55 0.523229
56 0.531458
57 0.154271
58 0.140000
59 0.522500
60 0.530208
61 0.152917
62 0.141771
63 0.524062
64 0.529167
65 0.151771
66 0.141667
67 0.525521
68 0.528646
69 0.151146
70 0.141563
71 0.525937
72 0.528854
73 0.151354
74 0.141458
75 0.525833
76 0.530625
77 0.150833
78 0.140937
79 0.526458
80 0.531979
81 0.150417
82 0.140521
83 0.524896
84 0.532083
85 0.152812
86 0.139687
87 0.524583
88 0.531458
89 0.154792
90 0.139375
91 0.524375
92 0.530312
93 0.154375
94 0.140521
95 0.524375
96 0.529062
97 0.153854
98 0.143333
99 0.524271
100 0.529479
101 0.300312
102 0.267396
103 0.474271
104 0.506563
105 0.345000
106 0.295938
107 0.426146
108 0.477500
109 0.367708
110 0.321354
111 0.417604
112 0.457396
113 0.374375
114 0.338438
115 0.413333
116 0.443437
117 0.373229
118 0.347604
119 0.414167
120 0.436667
121 0.370625
122 0.353750
123 0.417083
124 0.432708
125 0.367812
126 0.358229
127 0.414792
128 0.430104
129 0.369063
130 0.361146
131 0.416250
132 0.428542
133 0.369271
134 0.359167
135 0.416146
136 0.426875
137 0.368854
138 0.360000
139 0.415833
140 0.426979
141 0.371354
142 0.361042
143 0.412813
144 0.426771
145 0.372604
146 0.359479
147 0.411875
148 0.424687
149 0.370833
150 0.361354
151 0.409687
152 0.425312
153 0.373333
154 0.362812
155 0.408021
156 0.425833
157 0.372500
158 0.362708
159 0.408854
160 0.424063
161 0.374583
162 0.363750
163 0.410208
164 0.420312
165 0.376354
166 0.363750
167 0.406458
168 0.421875
169 0.376042
170 0.364687
171 0.405000
172 0.422292
173 0.374688
174 0.366771
175 0.408333
176 0.420625
177 0.376979
178 0.366667
179 0.405521
180 0.421042
181 0.375417
182 0.365104
183 0.404896
184 0.419792
185 0.377188
186 0.369167
187 0.407292
188 0.417708
189 0.375937
190 0.367812
191 0.406562
192 0.420625
193 0.376563
194 0.368125
195 0.405417
196 0.418021
197 0.377396
198 0.367812
199 0.407708
200 0.416771
201 0.000000
202 0.000000
203 0.000000
204 0.000000
205 0.000000
206 0.000000
207 0.000000
208 0.000000
209 0.000000
210 0.000000
211 0.000000
212 0.000000
213 0.000000
214 0.000000
215 0.000000
216 0.000000
217 0.000000
218 0.000000
219 0.000000
220 0.000000
221 0.000000
222 0.000000
223 0.000000
224 0.000000
225 0.000000
226 0.000000
227 0.000000
228 0.000000
229 0.000000
230 0.000000
231 0.000000
232 0.000000
233 0.000000
234 0.000000
235 0.000000
236 0.000000
237 0.000000
238 0.000000
239 0.000000
240 0.000000
241 0.000000
242 0.000000
243 0.000000
244 0.000000
245 0.000000
246 0.000000
247 0.000000
248 0.000000
249 0.000000
250 0.000000
251 0.000000
252 0.000000
253 0.000000
254 0.000000
255 0.000000
256 0.000000
257 0.000000
258 0.000000
259 0.000000
260 0.000000
261 0.000000
262 0.000000
263 0.000000
264 0.000000
265 0.000000
266 0.000000
267 0.000000
268 0.000000
269 0.000000
270 0.000000
271 0.000000
272 0.000000
273 0.000000
274 0.000000
275 0.000000
276 0.000000
277 0.000000
278 0.000000
279 0.000000
280 0.000000
281 0.000000
282 0.000000
283 0.000000
284 0.000000
285 0.000000
286 0.000000
287 0.000000
288 0.000000
289 0.000000
290 0.000000
291 0.000000
292 0.000000
293 0.000000
294 0.000000
295 0.000000
296 0.000000
297 0.000000
298 0.000000
299 0.000000
300 0.000000
