1 0.058542
2 0.058646
3 0.456771
4 0.586979
5 0.083854
6 0.059479
7 0.431458
8 0.494375
9 0.194375
10 0.096146
11 0.421042
12 0.465625
13 0.150417
14 0.149062
15 0.425312
16 0.455000
17 0.140937
18 0.126979
19 0.474479
20 0.453125
21 0.133437
22 0.118854
23 0.454167
24 0.478750
25 0.133125
26 0.116875
27 0.444167
28 0.471354
29 0.157083
30 0.118750
31 0.436146
32 0.461354
33 0.153021
34 0.141146
35 0.438437
36 0.454792
37 0.148125
38 0.135104
39 0.455521
40 0.455104
41 0.141146
42 0.129896
43 0.450104
44 0.465417
45 0.141979
46 0.128125
47 0.448958
48 0.458229
49 0.153854
50 0.128646
51 0.444167
52 0.460313
53 0.144375
54 0.138542
55 0.445104
56 0.455729
57 0.149896
58 0.132500
59 0.453958
60 0.458125
61 0.143542
62 0.134063
63 0.445208
64 0.468229
65 0.146667
66 0.128646
67 0.447083
68 0.455000
69 0.157708
70 0.132604
71 0.443750
72 0.457604
73 0.145521
74 0.142292
75 0.442396
76 0.456562
77 0.145521
78 0.130729
79 0.455208
80 0.453437
81 0.149896
82 0.133333
83 0.443542
84 0.465729
85 0.144896
86 0.134896
87 0.443854
88 0.455729
89 0.155833
90 0.133437
91 0.448542
92 0.451979
93 0.145208
94 0.145313
95 0.445417
96 0.455729
97 0.144167
98 0.134687
99 0.455833
100 0.458437
101 0.490625
102 0.491667
103 0.478750
104 0.484583
105 0.499375
106 0.495104
107 0.481354
108 0.489583
109 0.504167
110 0.496563
111 0.481563
112 0.489583
113 0.504583
114 0.496875
115 0.480625
116 0.489271
117 0.506250
118 0.497292
119 0.480312
120 0.488750
121 0.505521
122 0.498125
123 0.481146
124 0.489271
125 0.504896
126 0.497917
127 0.481354
128 0.488854
129 0.504792
130 0.496771
131 0.481458
132 0.489479
133 0.504792
134 0.497083
135 0.480625
136 0.489687
137 0.506042
138 0.496875
139 0.480000
140 0.488854
141 0.505729
142 0.497917
143 0.480625
144 0.488854
145 0.505104
146 0.497708
147 0.481042
148 0.488958
149 0.505208
150 0.496979
151 0.480833
152 0.489375
153 0.505417
154 0.497083
155 0.480417
156 0.489479
157 0.505938
158 0.497396
159 0.480104
160 0.488333
161 0.505833
162 0.498021
163 0.480521
164 0.488854
165 0.505417
166 0.497604
167 0.481250
168 0.488854
169 0.504687
170 0.496875
171 0.480938
172 0.489792
173 0.505625
174 0.497292
175 0.480000
176 0.489167
177 0.505833
178 0.497604
179 0.480417
180 0.488542
181 0.505625
182 0.498021
183 0.480625
184 0.488542
185 0.505208
186 0.497604
187 0.481146
188 0.489063
189 0.505000
190 0.496771
191 0.481250
192 0.489687
193 0.505104
194 0.496875
195 0.480312
196 0.489687
197 0.506250
198 0.497292
199 0.479896
200 0.488542
201 0.000000
202 0.000000
203 0.000000
204 0.000000
205 0.000000
206 0.000000
207 0.000000
208 0.000000
209 0.000000
210 0.000000
211 0.000000
212 0.000000
213 0.000000
214 0.000000
215 0.000000
216 0.000000
217 0.000000
218 0.000000
219 0.000000
220 0.000000
221 0.000000
222 0.000000
223 0.000000
224 0.000000
225 0.000000
226 0.000000
227 0.000000
228 0.000000
229 0.000000
230 0.000000
231 0.000000
232 0.000000
233 0.000000
234 0.000000
235 0.000000
236 0.000000
237 0.000000
238 0.000000
239 0.000000
240 0.000000
241 0.000000
242 0.000000
243 0.000000
244 0.000000
245 0.000000
246 0.000000
247 0.000000
248 0.000000
249 0.000000
250 0.000000
251 0.000000
252 0.000000
253 0.000000
254 0.000000
255 0.000000
256 0.000000
257 0.000000
258 0.000000
259 0.000000
260 0.000000
261 0.000000
262 0.000000
263 0.000000
264 0.000000
265 0.000000
266 0.000000
267 0.000000
268 0.000000
269 0.000000
270 0.000000
271 0.000000
272 0.000000
273 0.000000
274 0.000000
275 0.000000
276 0.000000
277 0.000000
278 0.000000
279 0.000000
280 0.000000
281 0.000000
282 0.000000
283 0.000000
284 0.000000
285 0.000000
286 0.000000
287 0.000000
288 0.000000
289 0.000000
290 0.000000
291 0.000000
292 0.000000
293 0.000000
294 0.000000
295 0.000000
296 0.000000
297 0.000000
298 0.000000
299 0.000000
300 0.000000
