1 0.220104
2 0.220000
3 0.648125
4 0.484896
5 0.220417
6 0.245938
7 0.648229
8 0.469896
9 0.220625
10 0.272083
11 0.639792
12 0.468229
13 0.221458
14 0.292396
15 0.621042
16 0.466875
17 0.224583
18 0.317292
19 0.601458
20 0.465521
21 0.230313
22 0.333437
23 0.588229
24 0.466042
25 0.238958
26 0.340313
27 0.575104
28 0.466146
29 0.248854
30 0.338542
31 0.567187
32 0.467292
33 0.257812
34 0.334896
35 0.561771
36 0.469375
37 0.262604
38 0.330625
39 0.559792
40 0.472500
41 0.265104
42 0.328750
43 0.556979
44 0.477917
45 0.267292
46 0.325625
47 0.556458
48 0.479792
49 0.267396
50 0.323542
51 0.555937
52 0.480729
53 0.267500
54 0.322396
55 0.554896
56 0.482917
57 0.268333
58 0.323542
59 0.555208
60 0.482187
61 0.267083
62 0.324062
63 0.555625
64 0.483958
65 0.267396
66 0.324375
67 0.555937
68 0.483750
69 0.268437
70 0.323333
71 0.558125
72 0.483750
73 0.267083
74 0.323125
75 0.557500
76 0.483750
77 0.267813
78 0.321250
79 0.559063
80 0.483646
81 0.268229
82 0.321875
83 0.559792
84 0.483958
85 0.267396
86 0.321354
87 0.560104
88 0.484583
89 0.266146
90 0.321979
91 0.560312
92 0.482812
93 0.267396
94 0.323229
95 0.560104
96 0.482083
97 0.266458
98 0.324167
99 0.560833
100 0.482292
101 0.257396
102 0.251458
103 0.451354
104 0.470417
105 0.262708
106 0.251042
107 0.439063
108 0.468229
109 0.273438
110 0.254063
111 0.430208
112 0.462917
113 0.284375
114 0.260208
115 0.425208
116 0.456667
117 0.290417
118 0.267188
119 0.424063
120 0.448229
121 0.292187
122 0.273646
123 0.422917
124 0.446875
125 0.293750
126 0.279583
127 0.422708
128 0.444479
129 0.293854
130 0.282396
131 0.423438
132 0.441146
133 0.293125
134 0.283333
135 0.421250
136 0.437188
137 0.294375
138 0.285833
139 0.422604
140 0.435937
141 0.295729
142 0.287813
143 0.422292
144 0.435104
145 0.296667
146 0.288646
147 0.421667
148 0.432708
149 0.296875
150 0.289583
151 0.420833
152 0.432396
153 0.296979
154 0.290938
155 0.421250
156 0.432083
157 0.297708
158 0.291771
159 0.420312
160 0.430833
161 0.297708
162 0.291771
163 0.421354
164 0.428333
165 0.298750
166 0.290729
167 0.422396
168 0.428333
169 0.298229
170 0.291875
171 0.422083
172 0.427396
173 0.297812
174 0.292917
175 0.422604
176 0.426979
177 0.297604
178 0.292292
179 0.421771
180 0.426771
181 0.296771
182 0.293438
183 0.422083
184 0.426563
185 0.298438
186 0.293021
187 0.421354
188 0.427708
189 0.297604
190 0.293333
191 0.421563
192 0.428958
193 0.298333
194 0.293125
195 0.419583
196 0.429167
197 0.298438
198 0.293750
199 0.420000
200 0.429063
201 0.253854
202 0.054167
203 0.000000
204 0.000000
205 0.000000
206 0.000000
207 0.000000
208 0.000000
209 0.000000
210 0.000000
211 0.000000
212 0.000000
213 0.000000
214 0.000000
215 0.000000
216 0.000000
217 0.000000
218 0.000000
219 0.000000
220 0.000000
221 0.000000
222 0.000000
223 0.000000
224 0.000000
225 0.000000
226 0.000000
227 0.000000
228 0.000000
229 0.000000
230 0.000000
231 0.000000
232 0.000000
233 0.000000
234 0.000000
235 0.000000
236 0.000000
237 0.000000
238 0.000000
239 0.000000
240 0.000000
241 0.000000
242 0.000000
243 0.000000
244 0.000000
245 0.000000
246 0.000000
247 0.000000
248 0.000000
249 0.000000
250 0.000000
251 0.000000
252 0.000000
253 0.000000
254 0.000000
255 0.000000
256 0.000000
257 0.000000
258 0.000000
259 0.000000
260 0.000000
261 0.000000
262 0.000000
263 0.000000
264 0.000000
265 0.000000
266 0.000000
267 0.000000
268 0.000000
269 0.000000
270 0.000000
271 0.000000
272 0.000000
273 0.000000
274 0.000000
275 0.000000
276 0.000000
277 0.000000
278 0.000000
279 0.000000
280 0.000000
281 0.000000
282 0.000000
283 0.000000
284 0.000000
285 0.000000
286 0.000000
287 0.000000
288 0.000000
289 0.000000
290 0.000000
291 0.000000
292 0.000000
293 0.000000
294 0.000000
295 0.000000
296 0.000000
297 0.000000
298 0.000000
299 0.000000
300 0.000000
