1 0.202917
2 0.202917
3 0.649271
4 0.587292
5 0.203333
6 0.204687
7 0.650625
8 0.582292
9 0.203125
10 0.208542
11 0.650625
12 0.580521
13 0.203333
14 0.209167
15 0.648021
16 0.580104
17 0.203333
18 0.211875
19 0.645729
20 0.579896
21 0.203958
22 0.215833
23 0.641250
24 0.579896
25 0.205104
26 0.220729
27 0.637708
28 0.580521
29 0.206979
30 0.223646
31 0.635312
32 0.579583
33 0.208646
34 0.226250
35 0.632396
36 0.579688
37 0.211667
38 0.226146
39 0.630313
40 0.579688
41 0.215000
42 0.225729
43 0.629271
44 0.580104
45 0.218542
46 0.224688
47 0.628125
48 0.580313
49 0.220521
50 0.225521
51 0.627083
52 0.580208
53 0.222188
54 0.224479
55 0.626354
56 0.580417
57 0.222812
58 0.223750
59 0.626042
60 0.580833
61 0.223438
62 0.222917
63 0.625938
64 0.581667
65 0.223854
66 0.222604
67 0.625729
68 0.581771
69 0.224167
70 0.222604
71 0.625208
72 0.581667
73 0.225000
74 0.222292
75 0.624583
76 0.581354
77 0.225000
78 0.221979
79 0.625000
80 0.581562
81 0.225000
82 0.221979
83 0.625104
84 0.581667
85 0.225208
86 0.221667
87 0.625208
88 0.582083
89 0.225729
90 0.221354
91 0.624896
92 0.582500
93 0.225417
94 0.221562
95 0.624271
96 0.582812
97 0.225312
98 0.222188
99 0.624167
100 0.583229
101 0.296563
102 0.283021
103 0.566354
104 0.581667
105 0.290000
106 0.272500
107 0.562500
108 0.579896
109 0.293125
110 0.273438
111 0.555833
112 0.574896
113 0.298021
114 0.278125
115 0.548438
116 0.569583
117 0.303438
118 0.283438
119 0.545833
120 0.564583
121 0.305833
122 0.286562
123 0.543646
124 0.560000
125 0.307812
126 0.291458
127 0.543021
128 0.558333
129 0.309688
130 0.295000
131 0.541667
132 0.553854
133 0.310104
134 0.296875
135 0.541042
136 0.551250
137 0.310625
138 0.298542
139 0.540833
140 0.550104
141 0.311146
142 0.300312
143 0.539375
144 0.547292
145 0.310937
146 0.302083
147 0.538438
148 0.546875
149 0.311667
150 0.303229
151 0.538542
152 0.545312
153 0.311979
154 0.303646
155 0.538542
156 0.545208
157 0.312708
158 0.303646
159 0.538438
160 0.543750
161 0.313854
162 0.304792
163 0.538229
164 0.543854
165 0.314167
166 0.304792
167 0.537500
168 0.542813
169 0.314271
170 0.306458
171 0.536771
172 0.542708
173 0.314375
174 0.307292
175 0.536354
176 0.542188
177 0.314271
178 0.308125
179 0.536250
180 0.541667
181 0.314479
182 0.308854
183 0.536146
184 0.541562
185 0.314792
186 0.309271
187 0.536563
188 0.541354
189 0.314688
190 0.309479
191 0.536354
192 0.541042
193 0.315000
194 0.309792
195 0.536250
196 0.541042
197 0.315000
198 0.310208
199 0.536354
200 0.541250
201 0.437083
202 0.315729
203 0.325625
204 0.328437
205 0.268854
206 0.257812
207 0.247396
208 0.255521
209 0.248542
210 0.240625
211 0.245625
212 0.253333
213 0.247917
214 0.240937
215 0.245938
216 0.253542
217 0.248125
218 0.241042
219 0.245729
220 0.253646
221 0.248125
222 0.241042
223 0.245938
224 0.253542
225 0.248125
226 0.240937
227 0.245729
228 0.253542
229 0.248021
230 0.241146
231 0.245938
232 0.253646
233 0.248125
234 0.240937
235 0.245833
236 0.253646
237 0.247917
238 0.241042
239 0.245938
240 0.253750
241 0.248229
242 0.240833
243 0.245625
244 0.253542
245 0.248125
246 0.241250
247 0.245938
248 0.253646
249 0.248021
250 0.240937
251 0.245833
252 0.253542
253 0.248021
254 0.241042
255 0.245938
256 0.253750
257 0.248125
258 0.240937
259 0.245729
260 0.253646
261 0.248021
262 0.240937
263 0.245938
264 0.253646
265 0.248229
266 0.240937
267 0.245625
268 0.253542
269 0.248021
270 0.241146
271 0.246042
272 0.253646
273 0.248021
274 0.240833
275 0.245833
276 0.253646
277 0.248021
278 0.240937
279 0.245833
280 0.253750
281 0.248229
282 0.240937
283 0.245729
284 0.253542
285 0.248021
286 0.241042
287 0.245938
288 0.253646
289 0.248125
290 0.240937
291 0.245729
292 0.253542
293 0.248021
294 0.241042
295 0.246042
296 0.253750
297 0.248021
298 0.240833
299 0.245729
300 0.253646
