1 0.075417
2 0.075417
3 0.499063
4 0.614271
5 0.084271
6 0.076458
7 0.476354
8 0.556562
9 0.160208
10 0.087917
11 0.468958
12 0.522708
13 0.169896
14 0.121458
15 0.466458
16 0.508021
17 0.160000
18 0.139167
19 0.476979
20 0.499375
21 0.151146
22 0.136771
23 0.490833
24 0.495937
25 0.145937
26 0.133021
27 0.496563
28 0.498958
29 0.142500
30 0.128542
31 0.493958
32 0.502812
33 0.147500
34 0.128750
35 0.490521
36 0.508646
37 0.150000
38 0.130312
39 0.485625
40 0.506563
41 0.154062
42 0.133125
43 0.485208
44 0.504271
45 0.155000
46 0.135729
47 0.487187
48 0.498854
49 0.156771
50 0.138333
51 0.491042
52 0.498958
53 0.154062
54 0.136667
55 0.491250
56 0.496354
57 0.154062
58 0.137083
59 0.490729
60 0.498854
61 0.152083
62 0.135729
63 0.491771
64 0.499896
65 0.154375
66 0.134167
67 0.491563
68 0.498646
69 0.155104
70 0.136250
71 0.490521
72 0.500208
73 0.153333
74 0.138750
75 0.487292
76 0.502083
77 0.152708
78 0.139063
79 0.487812
80 0.498958
81 0.156458
82 0.136250
83 0.490000
84 0.497500
85 0.156875
86 0.136250
87 0.490104
88 0.498125
89 0.156354
90 0.137708
91 0.489896
92 0.497917
93 0.155208
94 0.136667
95 0.489479
96 0.498021
97 0.153646
98 0.136458
99 0.490521
100 0.500417
101 0.433542
102 0.434167
103 0.413854
104 0.438958
105 0.470104
106 0.469896
107 0.436667
108 0.450937
109 0.481667
110 0.475521
111 0.443229
112 0.451458
113 0.484583
114 0.477812
115 0.443646
116 0.452813
117 0.485208
118 0.478021
119 0.445729
120 0.454792
121 0.485625
122 0.478229
123 0.446667
124 0.453750
125 0.484792
126 0.480104
127 0.445208
128 0.454583
129 0.487187
130 0.478854
131 0.443646
132 0.455521
133 0.487292
134 0.480208
135 0.445000
136 0.453437
137 0.487292
138 0.481667
139 0.445625
140 0.453229
141 0.485521
142 0.482396
143 0.446771
144 0.452708
145 0.485312
146 0.480104
147 0.446979
148 0.454167
149 0.484375
150 0.479479
151 0.446771
152 0.455208
153 0.484896
154 0.479063
155 0.446979
156 0.455417
157 0.485104
158 0.479792
159 0.448125
160 0.455208
161 0.485000
162 0.479063
163 0.444792
164 0.456146
165 0.486250
166 0.479583
167 0.446458
168 0.455833
169 0.486563
170 0.478854
171 0.445417
172 0.454688
173 0.487292
174 0.481250
175 0.446354
176 0.453333
177 0.486979
178 0.481354
179 0.445417
180 0.452813
181 0.485729
182 0.482396
183 0.447188
184 0.453333
185 0.485000
186 0.481458
187 0.448021
188 0.454583
189 0.484687
190 0.479271
191 0.447396
192 0.456250
193 0.484479
194 0.479687
195 0.448229
196 0.455313
197 0.485625
198 0.478646
199 0.446250
200 0.456146
201 0.000000
202 0.000000
203 0.000000
204 0.000000
205 0.000000
206 0.000000
207 0.000000
208 0.000000
209 0.000000
210 0.000000
211 0.000000
212 0.000000
213 0.000000
214 0.000000
215 0.000000
216 0.000000
217 0.000000
218 0.000000
219 0.000000
220 0.000000
221 0.000000
222 0.000000
223 0.000000
224 0.000000
225 0.000000
226 0.000000
227 0.000000
228 0.000000
229 0.000000
230 0.000000
231 0.000000
232 0.000000
233 0.000000
234 0.000000
235 0.000000
236 0.000000
237 0.000000
238 0.000000
239 0.000000
240 0.000000
241 0.000000
242 0.000000
243 0.000000
244 0.000000
245 0.000000
246 0.000000
247 0.000000
248 0.000000
249 0.000000
250 0.000000
251 0.000000
252 0.000000
253 0.000000
254 0.000000
255 0.000000
256 0.000000
257 0.000000
258 0.000000
259 0.000000
260 0.000000
261 0.000000
262 0.000000
263 0.000000
264 0.000000
265 0.000000
266 0.000000
267 0.000000
268 0.000000
269 0.000000
270 0.000000
271 0.000000
272 0.000000
273 0.000000
274 0.000000
275 0.000000
276 0.000000
277 0.000000
278 0.000000
279 0.000000
280 0.000000
281 0.000000
282 0.000000
283 0.000000
284 0.000000
285 0.000000
286 0.000000
287 0.000000
288 0.000000
289 0.000000
290 0.000000
291 0.000000
292 0.000000
293 0.000000
294 0.000000
295 0.000000
296 0.000000
297 0.000000
298 0.000000
299 0.000000
300 0.000000
