1 0.253750
2 0.254063
3 0.648958
4 0.255625
5 0.254375
6 0.404479
7 0.621875
8 0.255729
9 0.255833
10 0.574271
11 0.490938
12 0.255937
13 0.264271
14 0.618229
15 0.407708
16 0.255104
17 0.338125
18 0.571667
19 0.377083
20 0.258958
21 0.430208
22 0.494375
23 0.355208
24 0.293333
25 0.462187
26 0.443229
27 0.345938
28 0.352812
29 0.442917
30 0.410417
31 0.355417
32 0.393125
33 0.412604
34 0.395417
35 0.385937
36 0.398438
37 0.386979
38 0.393646
39 0.414792
40 0.387604
41 0.370729
42 0.402500
43 0.431563
44 0.375937
45 0.360625
46 0.418438
47 0.429792
48 0.363958
49 0.365625
50 0.431146
51 0.419479
52 0.359583
53 0.370000
54 0.432604
55 0.410208
56 0.360833
57 0.378437
58 0.428542
59 0.408333
60 0.365312
61 0.387604
62 0.423125
63 0.404479
64 0.369375
65 0.386875
66 0.417083
67 0.404896
68 0.371354
69 0.380104
70 0.422396
71 0.406250
72 0.374271
73 0.375625
74 0.421771
75 0.412708
76 0.369271
77 0.377917
78 0.420417
79 0.413750
80 0.363750
81 0.378333
82 0.422604
83 0.413542
84 0.362187
85 0.382396
86 0.423229
87 0.408438
88 0.365417
89 0.383542
90 0.424583
91 0.406979
92 0.370729
93 0.384479
94 0.421979
95 0.407604
96 0.370729
97 0.384271
98 0.420000
99 0.408125
100 0.369896
101 0.455417
102 0.505417
103 0.451146
104 0.441771
105 0.500729
106 0.519687
107 0.467396
108 0.450313
109 0.503958
110 0.518958
111 0.469062
112 0.451979
113 0.501667
114 0.518333
115 0.469479
116 0.454583
117 0.502188
118 0.516875
119 0.470104
120 0.455625
121 0.501563
122 0.517292
123 0.470417
124 0.455208
125 0.501146
126 0.517813
127 0.471250
128 0.455729
129 0.500729
130 0.517396
131 0.471354
132 0.455625
133 0.501563
134 0.516563
135 0.470938
136 0.455729
137 0.501146
138 0.516771
139 0.470521
140 0.456250
141 0.501667
142 0.516250
143 0.470313
144 0.456146
145 0.501667
146 0.516563
147 0.470521
148 0.455417
149 0.502292
150 0.517083
151 0.470625
152 0.455208
153 0.501354
154 0.517188
155 0.470417
156 0.455313
157 0.501875
158 0.516979
159 0.470625
160 0.455104
161 0.501250
162 0.516771
163 0.470938
164 0.455417
165 0.501458
166 0.516875
167 0.470521
168 0.455729
169 0.501563
170 0.516771
171 0.470313
172 0.455208
173 0.502188
174 0.516875
175 0.470729
176 0.455937
177 0.501250
178 0.516563
179 0.470729
180 0.455521
181 0.502292
182 0.516146
183 0.470000
184 0.455937
185 0.502292
186 0.516875
187 0.470000
188 0.455313
189 0.502083
190 0.517188
191 0.470000
192 0.455104
193 0.502396
194 0.517604
195 0.470104
196 0.454479
197 0.501667
198 0.517813
199 0.470521
200 0.455313
201 0.000000
202 0.000000
203 0.000000
204 0.000000
205 0.000000
206 0.000000
207 0.000000
208 0.000000
209 0.000000
210 0.000000
211 0.000000
212 0.000000
213 0.000000
214 0.000000
215 0.000000
216 0.000000
217 0.000000
218 0.000000
219 0.000000
220 0.000000
221 0.000000
222 0.000000
223 0.000000
224 0.000000
225 0.000000
226 0.000000
227 0.000000
228 0.000000
229 0.000000
230 0.000000
231 0.000000
232 0.000000
233 0.000000
234 0.000000
235 0.000000
236 0.000000
237 0.000000
238 0.000000
239 0.000000
240 0.000000
241 0.000000
242 0.000000
243 0.000000
244 0.000000
245 0.000000
246 0.000000
247 0.000000
248 0.000000
249 0.000000
250 0.000000
251 0.000000
252 0.000000
253 0.000000
254 0.000000
255 0.000000
256 0.000000
257 0.000000
258 0.000000
259 0.000000
260 0.000000
261 0.000000
262 0.000000
263 0.000000
264 0.000000
265 0.000000
266 0.000000
267 0.000000
268 0.000000
269 0.000000
270 0.000000
271 0.000000
272 0.000000
273 0.000000
274 0.000000
275 0.000000
276 0.000000
277 0.000000
278 0.000000
279 0.000000
280 0.000000
281 0.000000
282 0.000000
283 0.000000
284 0.000000
285 0.000000
286 0.000000
287 0.000000
288 0.000000
289 0.000000
290 0.000000
291 0.000000
292 0.000000
293 0.000000
294 0.000000
295 0.000000
296 0.000000
297 0.000000
298 0.000000
299 0.000000
300 0.000000
