1 0.386979
2 0.405521
3 0.389792
4 0.388333
5 0.389062
6 0.389792
7 0.387813
8 0.388542
9 0.389271
10 0.388125
11 0.388437
12 0.388437
13 0.387708
14 0.389688
15 0.388646
16 0.387292
17 0.389062
18 0.388437
19 0.387813
20 0.388958
21 0.388229
22 0.388125
23 0.388333
24 0.388854
25 0.387813
26 0.388333
27 0.388333
28 0.387917
29 0.387604
30 0.387813
31 0.387500
32 0.387500
33 0.387188
34 0.387292
35 0.387708
36 0.387604
37 0.387396
38 0.387917
39 0.387292
40 0.387604
41 0.387708
42 0.387188
43 0.387917
44 0.387500
45 0.387292
46 0.387917
47 0.387604
48 0.387500
49 0.387917
50 0.387604
51 0.388021
52 0.387917
53 0.387604
54 0.388021
55 0.388021
56 0.387813
57 0.387917
58 0.388021
59 0.387813
60 0.388125
61 0.388021
62 0.387813
63 0.388021
64 0.387917
65 0.387917
66 0.388021
67 0.387813
68 0.388021
69 0.388021
70 0.387917
71 0.388021
72 0.388021
73 0.388021
74 0.388021
75 0.388021
76 0.388021
77 0.388021
78 0.388021
79 0.388021
80 0.388021
81 0.388021
82 0.388021
83 0.388021
84 0.388021
85 0.388021
86 0.388021
87 0.388021
88 0.388021
89 0.388021
90 0.388021
91 0.388021
92 0.388021
93 0.388021
94 0.388021
95 0.388021
96 0.388021
97 0.388021
98 0.388021
99 0.388021
100 0.388021
101 0.378021
102 0.378854
103 0.423854
104 0.393750
105 0.377396
106 0.378958
107 0.444167
108 0.399583
109 0.377083
110 0.380625
111 0.448229
112 0.393958
113 0.376146
114 0.385000
115 0.448021
116 0.391667
117 0.376146
118 0.393125
119 0.446042
120 0.392188
121 0.376458
122 0.406979
123 0.441354
124 0.393437
125 0.377292
126 0.416146
127 0.438750
128 0.394375
129 0.378229
130 0.421354
131 0.435312
132 0.394896
133 0.380000
134 0.424896
135 0.431771
136 0.394271
137 0.381042
138 0.424896
139 0.427812
140 0.394583
141 0.382396
142 0.426667
143 0.426458
144 0.395729
145 0.384167
146 0.424271
147 0.425104
148 0.396875
149 0.386875
150 0.422187
151 0.423854
152 0.398333
153 0.389375
154 0.422708
155 0.422604
156 0.399792
157 0.390521
158 0.421250
159 0.421250
160 0.399687
161 0.391250
162 0.420000
163 0.420312
164 0.400208
165 0.392188
166 0.418542
167 0.420417
168 0.402083
169 0.392813
170 0.418958
171 0.421042
172 0.402604
173 0.393542
174 0.418333
175 0.420208
176 0.403438
177 0.393750
178 0.417396
179 0.421458
180 0.404375
181 0.393750
182 0.415104
183 0.421875
184 0.403750
185 0.394583
186 0.413438
187 0.421250
188 0.406042
189 0.394688
190 0.412604
191 0.419792
192 0.405208
193 0.394896
194 0.412500
195 0.421875
196 0.406667
197 0.395208
198 0.412187
199 0.422083
200 0.405625
201 0.386979
202 0.386042
203 0.404792
204 0.405521
205 0.384271
206 0.383854
207 0.406562
208 0.406146
209 0.384479
210 0.383333
211 0.406667
212 0.407500
213 0.384583
214 0.383958
215 0.406667
216 0.407708
217 0.384583
218 0.384167
219 0.406458
220 0.407917
221 0.384583
222 0.384271
223 0.407083
224 0.407604
225 0.384583
226 0.384479
227 0.406979
228 0.407187
229 0.384792
230 0.384896
231 0.407083
232 0.407292
233 0.384792
234 0.384792
235 0.407083
236 0.407187
237 0.384792
238 0.385000
239 0.407187
240 0.407396
241 0.384896
242 0.385417
243 0.407083
244 0.407604
245 0.384896
246 0.385521
247 0.406979
248 0.407396
249 0.384792
250 0.385521
251 0.406771
252 0.407604
253 0.384792
254 0.385729
255 0.406458
256 0.407500
257 0.384896
258 0.385833
259 0.406354
260 0.407292
261 0.384479
262 0.386250
263 0.406458
264 0.407292
265 0.384479
266 0.386146
267 0.406250
268 0.406979
269 0.384583
270 0.386354
271 0.406146
272 0.406771
273 0.384688
274 0.386146
275 0.406042
276 0.406771
277 0.385000
278 0.385937
279 0.405833
280 0.406771
281 0.385208
282 0.385937
283 0.405938
284 0.406771
285 0.385417
286 0.385937
287 0.405729
288 0.406146
289 0.385417
290 0.385729
291 0.405833
292 0.406250
293 0.385313
294 0.385729
295 0.406042
296 0.406458
297 0.385313
298 0.385625
299 0.406042
300 0.406667
