1 0.346146
2 0.357812
3 0.561458
4 0.347187
5 0.356875
6 0.541458
7 0.348021
8 0.356250
9 0.523229
10 0.348333
11 0.355521
12 0.507396
13 0.347917
14 0.355521
15 0.491979
16 0.349792
17 0.355000
18 0.476042
19 0.358229
20 0.354167
21 0.461146
22 0.372708
23 0.354271
24 0.442604
25 0.390000
26 0.352812
27 0.427083
28 0.408646
29 0.352708
30 0.415521
31 0.418854
32 0.355938
33 0.402813
34 0.428542
35 0.358229
36 0.390625
37 0.431771
38 0.364792
39 0.384271
40 0.423333
41 0.374271
42 0.378958
43 0.422708
44 0.384479
45 0.378229
46 0.412708
47 0.394792
48 0.374063
49 0.405104
50 0.403854
51 0.371875
52 0.404375
53 0.415625
54 0.373958
55 0.396250
56 0.413646
57 0.380521
58 0.391042
59 0.412396
60 0.386250
61 0.385729
62 0.410313
63 0.389062
64 0.381250
65 0.408646
66 0.399583
67 0.381354
68 0.400625
69 0.404062
70 0.381146
71 0.397604
72 0.406667
73 0.381979
74 0.394896
75 0.407708
76 0.382917
77 0.390208
78 0.409062
79 0.390000
80 0.393542
81 0.411667
82 0.393646
83 0.391771
84 0.411042
85 0.397813
86 0.389062
87 0.406667
88 0.402396
89 0.387708
90 0.402917
91 0.400000
92 0.387083
93 0.401354
94 0.398021
95 0.387292
96 0.400417
97 0.400000
98 0.394479
99 0.398333
100 0.400625
101 0.351771
102 0.352812
103 0.405521
104 0.414167
105 0.351042
106 0.348854
107 0.407917
108 0.420208
109 0.350833
110 0.349271
111 0.406562
112 0.421146
113 0.350833
114 0.350313
115 0.407917
116 0.422396
117 0.352500
118 0.351354
119 0.408333
120 0.423438
121 0.354479
122 0.352187
123 0.410729
124 0.421771
125 0.355729
126 0.351250
127 0.410417
128 0.421146
129 0.357917
130 0.352500
131 0.410938
132 0.419271
133 0.359479
134 0.353542
135 0.410208
136 0.416771
137 0.359687
138 0.354583
139 0.410313
140 0.415833
141 0.359583
142 0.354583
143 0.410521
144 0.415104
145 0.360208
146 0.356250
147 0.411146
148 0.415000
149 0.359271
150 0.357604
151 0.411146
152 0.414375
153 0.359375
154 0.357708
155 0.411354
156 0.413854
157 0.358750
158 0.358438
159 0.411354
160 0.413646
161 0.359792
162 0.358854
163 0.410938
164 0.413542
165 0.359792
166 0.359479
167 0.410938
168 0.413333
169 0.359583
170 0.359479
171 0.411042
172 0.413333
173 0.360104
174 0.359375
175 0.410833
176 0.413750
177 0.359479
178 0.359271
179 0.411146
180 0.413646
181 0.359167
182 0.360208
183 0.411354
184 0.413958
185 0.359375
186 0.359583
187 0.411146
188 0.413021
189 0.358646
190 0.360417
191 0.411042
192 0.412708
193 0.358750
194 0.360938
195 0.411042
196 0.412813
197 0.358750
198 0.361875
199 0.410729
200 0.412292
201 0.357083
202 0.358021
203 0.413750
204 0.414062
205 0.359271
206 0.360938
207 0.414375
208 0.414375
209 0.360104
210 0.361042
211 0.414792
212 0.415625
213 0.360417
214 0.361250
215 0.415000
216 0.416979
217 0.361563
218 0.362292
219 0.415625
220 0.417396
221 0.362083
222 0.362708
223 0.415521
224 0.416875
225 0.362083
226 0.362187
227 0.415521
228 0.417396
229 0.361563
230 0.362500
231 0.415729
232 0.417292
233 0.361563
234 0.362083
235 0.416458
236 0.417292
237 0.361563
238 0.362500
239 0.417187
240 0.417187
241 0.362292
242 0.363021
243 0.418021
244 0.416875
245 0.361875
246 0.363021
247 0.417396
248 0.416875
249 0.361979
250 0.362917
251 0.417604
252 0.417187
253 0.362083
254 0.363333
255 0.417812
256 0.416875
257 0.362292
258 0.362708
259 0.418021
260 0.417396
261 0.362396
262 0.363125
263 0.417917
264 0.417812
265 0.362292
266 0.363646
267 0.417500
268 0.416979
269 0.362396
270 0.363438
271 0.416979
272 0.417187
273 0.362500
274 0.363854
275 0.416354
276 0.417187
277 0.362604
278 0.363958
279 0.416250
280 0.417812
281 0.362708
282 0.363958
283 0.416563
284 0.417604
285 0.362396
286 0.363854
287 0.416458
288 0.417292
289 0.363021
290 0.363854
291 0.416458
292 0.416875
293 0.362917
294 0.363750
295 0.416875
296 0.416875
297 0.363021
298 0.363542
299 0.417187
300 0.416979
