1 0.303542
2 0.302917
3 0.617708
4 0.304063
5 0.305625
6 0.574896
7 0.305729
8 0.306042
9 0.500417
10 0.423542
11 0.305208
12 0.373542
13 0.530937
14 0.308021
15 0.326146
16 0.540625
17 0.342813
18 0.314375
19 0.468542
20 0.431667
21 0.308750
22 0.386979
23 0.499688
24 0.322708
25 0.346667
26 0.488958
27 0.374792
28 0.329062
29 0.437708
30 0.438646
31 0.329792
32 0.392188
33 0.468854
34 0.356042
35 0.360521
36 0.449688
37 0.394896
38 0.346458
39 0.422396
40 0.431354
41 0.355312
42 0.385000
43 0.437396
44 0.379479
45 0.368333
46 0.423854
47 0.406979
48 0.363542
49 0.410000
50 0.419479
51 0.379063
52 0.387083
53 0.422708
54 0.395000
55 0.376458
56 0.406458
57 0.405938
58 0.376250
59 0.398333
60 0.414167
61 0.391354
62 0.390313
63 0.409896
64 0.397083
65 0.379167
66 0.397500
67 0.406771
68 0.385729
69 0.393229
70 0.410000
71 0.392917
72 0.389479
73 0.405000
74 0.401562
75 0.383750
76 0.395313
77 0.400521
78 0.389479
79 0.395000
80 0.404583
81 0.396875
82 0.389271
83 0.403542
84 0.398750
85 0.388542
86 0.394167
87 0.401979
88 0.390625
89 0.395729
90 0.396771
91 0.397396
92 0.390937
93 0.396875
94 0.402396
95 0.389792
96 0.396146
97 0.401562
98 0.395417
99 0.392604
100 0.397083
101 0.303438
102 0.303438
103 0.392604
104 0.410104
105 0.300833
106 0.304063
107 0.391250
108 0.416146
109 0.305833
110 0.305521
111 0.391875
112 0.414896
113 0.311458
114 0.305312
115 0.394375
116 0.412187
117 0.318542
118 0.305104
119 0.397396
120 0.409687
121 0.322813
122 0.307188
123 0.396771
124 0.408542
125 0.322708
126 0.308958
127 0.396562
128 0.407083
129 0.321771
130 0.310208
131 0.396354
132 0.406146
133 0.323646
134 0.310625
135 0.394062
136 0.407813
137 0.323542
138 0.312708
139 0.393437
140 0.407813
141 0.324271
142 0.313229
143 0.392813
144 0.404792
145 0.322917
146 0.315417
147 0.393750
148 0.403333
149 0.323229
150 0.316875
151 0.394062
152 0.402292
153 0.323125
154 0.317083
155 0.393750
156 0.401146
157 0.322917
158 0.316042
159 0.395208
160 0.401146
161 0.322292
162 0.317396
163 0.395417
164 0.401979
165 0.322604
166 0.318854
167 0.395729
168 0.402396
169 0.322917
170 0.318437
171 0.395833
172 0.400729
173 0.321979
174 0.317500
175 0.395625
176 0.401042
177 0.322917
178 0.317812
179 0.395937
180 0.401667
181 0.322604
182 0.318542
183 0.396146
184 0.401146
185 0.321354
186 0.317500
187 0.397396
188 0.400625
189 0.322292
190 0.315833
191 0.397292
192 0.401250
193 0.322500
194 0.316250
195 0.396667
196 0.400938
197 0.323021
198 0.315729
199 0.397500
200 0.402604
201 0.318646
202 0.318750
203 0.398438
204 0.399896
205 0.325521
206 0.322500
207 0.399062
208 0.401146
209 0.330313
210 0.323125
211 0.399062
212 0.402083
213 0.331562
214 0.324688
215 0.398229
216 0.403438
217 0.333646
218 0.325833
219 0.399375
220 0.403229
221 0.333437
222 0.325833
223 0.397188
224 0.401562
225 0.334167
226 0.327917
227 0.396875
228 0.400313
229 0.334896
230 0.329479
231 0.394271
232 0.401146
233 0.335729
234 0.330937
235 0.394792
236 0.400313
237 0.336042
238 0.332813
239 0.393437
240 0.399375
241 0.336562
242 0.335313
243 0.390937
244 0.398542
245 0.336458
246 0.334375
247 0.390208
248 0.398229
249 0.336771
250 0.334479
251 0.389479
252 0.397813
253 0.335833
254 0.334271
255 0.390521
256 0.399167
257 0.336771
258 0.334062
259 0.390833
260 0.397500
261 0.337604
262 0.334167
263 0.390417
264 0.396771
265 0.339271
266 0.334271
267 0.389583
268 0.396354
269 0.338229
270 0.334896
271 0.389896
272 0.396354
273 0.338542
274 0.334792
275 0.390313
276 0.395937
277 0.338333
278 0.335313
279 0.391042
280 0.396042
281 0.339375
282 0.335521
283 0.391146
284 0.395729
285 0.339687
286 0.335729
287 0.390625
288 0.395833
289 0.338542
290 0.335938
291 0.390625
292 0.396042
293 0.337813
294 0.335729
295 0.389271
296 0.395313
297 0.339062
298 0.335833
299 0.389792
300 0.395104
