1 2.770452e-01
2 6.334339e-01
3 4.526174e-01
4 2.283366e-01
5 1.973084e-01
6 2.425174e-01
7 3.394795e-01
8 3.359926e-01
9 2.707370e-01
10 2.425185e-01
11 2.549682e-01
12 2.868266e-01
13 2.950084e-01
14 2.767626e-01
15 2.628226e-01
16 2.646434e-01
17 2.756781e-01
18 2.809816e-01
19 2.759610e-01
20 2.698655e-01
21 2.694023e-01
22 2.733144e-01
23 2.760421e-01
24 2.747783e-01
25 2.722095e-01
26 2.715432e-01
27 2.729204e-01
28 2.742406e-01
29 2.740230e-01
30 2.729667e-01
31 2.724928e-01
32 2.729500e-01
33 2.735690e-01
34 2.736095e-01
35 2.731903e-01
36 2.729110e-01
37 2.730408e-01
38 2.733211e-01
39 2.733968e-01
40 2.732402e-01
41 2.730912e-01
42 2.731134e-01
43 2.732345e-01
44 2.732922e-01
45 2.732395e-01
46 2.731658e-01
47 2.731590e-01
48 2.732081e-01
49 2.732432e-01
50 2.732289e-01
51 2.731948e-01
52 2.731843e-01
53 2.732026e-01
54 2.732214e-01
55 2.732197e-01
56 2.732049e-01
57 2.731971e-01
58 2.732031e-01
59 2.732124e-01
60 2.732138e-01
61 2.732079e-01
62 2.732032e-01
63 2.732047e-01
64 2.732089e-01
65 2.732105e-01
66 2.732084e-01
67 2.732059e-01
68 2.732060e-01
69 2.732078e-01
70 2.732088e-01
71 2.732082e-01
72 2.732070e-01
73 2.732068e-01
74 2.732075e-01
75 2.732081e-01
76 2.732079e-01
77 2.732074e-01
78 2.732072e-01
79 2.732074e-01
80 2.732077e-01
81 2.732078e-01
82 2.732075e-01
83 2.732074e-01
84 2.732075e-01
85 2.732076e-01
86 2.732077e-01
87 2.732076e-01
88 2.732075e-01
89 2.732075e-01
90 2.732076e-01
91 2.732076e-01
92 2.732076e-01
93 2.732075e-01
94 2.732075e-01
95 2.732076e-01
96 2.732076e-01
97 2.732076e-01
98 2.732075e-01
99 2.732075e-01
100 2.732075e-01
101 3.603938e-01
102 5.109234e-01
103 4.503117e-01
104 2.737388e-01
105 2.387652e-01
106 2.751425e-01
107 3.548892e-01
108 4.106652e-01
109 3.379329e-01
110 2.671122e-01
111 2.677047e-01
112 2.999954e-01
113 3.585993e-01
114 3.573654e-01
115 2.960203e-01
116 2.730714e-01
117 2.839808e-01
118 3.196331e-01
119 3.509165e-01
120 3.204137e-01
121 2.828889e-01
122 2.808133e-01
123 2.975694e-01
124 3.310473e-01
125 3.334687e-01
126 2.979897e-01
127 2.822350e-01
128 2.883336e-01
129 3.104534e-01
130 3.316896e-01
131 3.138461e-01
132 2.882074e-01
133 2.856694e-01
134 2.967823e-01
135 3.196624e-01
136 3.230423e-01
137 2.988678e-01
138 2.864450e-01
139 2.904016e-01
140 3.059566e-01
141 3.218886e-01
142 3.103947e-01
143 2.910243e-01
144 2.882901e-01
145 2.964190e-01
146 3.132662e-01
147 3.169851e-01
148 2.993483e-01
149 2.889015e-01
150 2.916644e-01
151 3.033301e-01
152 3.158319e-01
153 3.081780e-01
154 2.927895e-01
155 2.899197e-01
156 2.962517e-01
157 3.091978e-01
158 3.129544e-01
159 2.996530e-01
160 2.905382e-01
161 2.924862e-01
162 3.016485e-01
163 3.117265e-01
164 3.066057e-01
165 2.940552e-01
166 2.910381e-01
167 2.961425e-01
168 3.064204e-01
169 3.100694e-01
170 2.998800e-01
171 2.917752e-01
172 2.930496e-01
173 3.004798e-01
174 3.087817e-01
175 3.054199e-01
176 2.950602e-01
177 2.919035e-01
178 2.960476e-01
179 3.044181e-01
180 3.078999e-01
181 3.000576e-01
182 2.928092e-01
183 2.934824e-01
184 2.996148e-01
185 3.065771e-01
186 3.044763e-01
187 2.958994e-01
188 2.926512e-01
189 2.959734e-01
190 3.029130e-01
191 3.062039e-01
192 3.001843e-01
193 2.937208e-01
194 2.938647e-01
195 2.989541e-01
196 3.048720e-01
197 3.036887e-01
198 2.966054e-01
199 2.933406e-01
200 2.959362e-01
201 3.082645e-01
202 4.203805e-01
203 3.746639e-01
204 2.839769e-01
205 3.163350e-01
206 2.910269e-01
207 4.032590e-01
208 4.389785e-01
209 2.949962e-01
210 3.978139e-01
211 3.376167e-01
212 4.141310e-01
213 6.519803e-01
214 3.309184e-01
215 5.252633e-01
216 5.844506e-01
217 3.812956e-01
218 1.140653e+00
219 6.135726e-01
220 6.228441e-01
221 1.426304e+00
222 3.803945e-01
223 1.937307e+00
224 1.901556e+00
225 5.083157e-01
226 3.480877e+00
227 1.251695e+00
228 2.588117e+00
229 5.981235e+00
230 5.289687e-01
231 6.853189e+00
232 6.029044e+00
233 2.033545e+00
234 1.513382e+01
235 4.022118e+00
236 9.196498e+00
237 2.073396e+01
238 1.326226e+00
239 2.770708e+01
240 2.063702e+01
241 6.201013e+00
242 4.858696e+01
243 1.076508e+01
244 3.136750e+01
245 6.076421e+01
246 2.990059e+00
247 7.378966e+01
248 4.890499e+01
249 1.731269e+01
250 1.144281e+02
251 2.296317e+01
252 6.390697e+01
253 1.158783e+02
254 7.288560e+00
255 1.362026e+02
256 8.346176e+01
257 2.744911e+01
258 1.758988e+02
259 3.565594e+01
260 9.386804e+01
261 1.615556e+02
262 1.105354e+01
263 1.738201e+02
264 1.068383e+02
265 3.552753e+01
266 2.135816e+02
267 4.521837e+01
268 1.039056e+02
269 1.839261e+02
270 1.490508e+01
271 1.917065e+02
272 1.200823e+02
273 3.582023e+01
274 2.253749e+02
275 5.091836e+01
276 1.078913e+02
277 1.947949e+02
278 1.584391e+01
279 1.915801e+02
280 1.263352e+02
281 3.630381e+01
282 2.319818e+02
283 5.506066e+01
284 1.031681e+02
285 1.990220e+02
286 1.734179e+01
287 1.924216e+02
288 1.316406e+02
289 3.303458e+01
290 2.310392e+02
291 5.819902e+01
292 1.016827e+02
293 2.035170e+02
294 1.751528e+01
295 1.863762e+02
296 1.351809e+02
297 3.236073e+01
298 2.337111e+02
299 6.188019e+01
300 9.540179e+01
