1 1.935080e-01
2 6.131338e-01
3 4.568936e-01
4 1.599466e-01
5 1.636083e-01
6 1.381268e-01
7 2.765053e-01
8 3.682651e-01
9 2.269280e-01
10 1.572216e-01
11 1.480377e-01
12 1.835484e-01
13 2.709169e-01
14 2.470343e-01
15 1.787275e-01
16 1.599417e-01
17 1.661492e-01
18 2.128784e-01
19 2.348349e-01
20 1.979811e-01
21 1.710386e-01
22 1.677865e-01
23 1.872827e-01
24 2.139661e-01
25 2.058309e-01
26 1.821477e-01
27 1.729115e-01
28 1.791065e-01
29 1.973617e-01
30 2.038115e-01
31 1.905070e-01
32 1.788418e-01
33 1.782505e-01
34 1.879195e-01
35 1.976173e-01
36 1.941593e-01
37 1.844079e-01
38 1.801975e-01
39 1.839301e-01
40 1.916881e-01
41 1.938591e-01
42 1.883181e-01
43 1.830621e-01
44 1.831102e-01
45 1.877632e-01
46 1.916619e-01
47 1.900585e-01
48 1.857498e-01
49 1.838667e-01
50 1.858431e-01
51 1.892831e-01
52 1.900741e-01
53 1.875975e-01
54 1.851987e-01
55 1.853388e-01
56 1.875544e-01
57 1.892141e-01
58 1.884380e-01
59 1.864708e-01
60 1.856347e-01
61 1.866334e-01
62 1.881957e-01
63 1.884953e-01
64 1.873471e-01
65 1.862450e-01
66 1.863566e-01
67 1.874095e-01
68 1.881395e-01
69 1.877562e-01
70 1.868426e-01
71 1.864720e-01
72 1.869673e-01
73 1.876871e-01
74 1.878020e-01
75 1.872594e-01
76 1.867505e-01
77 1.868220e-01
78 1.873229e-01
79 1.876501e-01
80 1.874593e-01
81 1.870308e-01
82 1.868665e-01
83 1.871101e-01
84 1.874449e-01
85 1.874886e-01
86 1.872295e-01
87 1.869936e-01
88 1.870355e-01
89 1.872743e-01
90 1.874227e-01
91 1.873273e-01
92 1.871252e-01
93 1.870523e-01
94 1.871717e-01
95 1.873284e-01
96 1.873445e-01
97 1.872201e-01
98 1.871104e-01
99 1.871339e-01
100 1.872479e-01
101 2.141901e-01
102 4.167324e-01
103 4.198918e-01
104 2.086632e-01
105 1.608250e-01
106 1.727838e-01
107 2.329585e-01
108 3.796224e-01
109 3.352491e-01
110 1.925675e-01
111 1.706214e-01
112 1.765727e-01
113 2.548086e-01
114 3.535947e-01
115 2.797517e-01
116 1.865238e-01
117 1.782879e-01
118 1.875160e-01
119 2.752636e-01
120 3.280654e-01
121 2.418698e-01
122 1.866482e-01
123 1.830667e-01
124 2.029585e-01
125 2.907848e-01
126 3.007461e-01
127 2.172585e-01
128 1.894939e-01
129 1.865806e-01
130 2.217080e-01
131 2.987465e-01
132 2.728551e-01
133 2.033553e-01
134 1.924567e-01
135 1.911157e-01
136 2.419367e-01
137 2.978399e-01
138 2.470019e-01
139 1.975519e-01
140 1.941902e-01
141 1.987089e-01
142 2.609312e-01
143 2.884067e-01
144 2.258293e-01
145 1.968792e-01
146 1.947708e-01
147 2.104372e-01
148 2.756203e-01
149 2.724295e-01
150 2.110580e-01
151 1.983953e-01
152 1.954789e-01
153 2.259623e-01
154 2.833947e-01
155 2.530949e-01
156 2.029706e-01
157 1.998211e-01
158 1.982125e-01
159 2.434730e-01
160 2.828832e-01
161 2.340180e-01
162 2.003980e-01
163 2.000779e-01
164 2.046896e-01
165 2.600795e-01
166 2.744147e-01
167 2.183398e-01
168 2.011767e-01
169 1.994844e-01
170 2.156812e-01
171 2.725751e-01
172 2.600058e-01
173 2.079665e-01
174 2.029154e-01
175 1.995050e-01
176 2.305285e-01
177 2.783513e-01
178 2.428560e-01
179 2.031846e-01
180 2.038163e-01
181 2.021035e-01
182 2.471179e-01
183 2.761886e-01
184 2.264944e-01
185 2.027739e-01
186 2.032745e-01
187 2.088978e-01
188 2.623512e-01
189 2.666685e-01
190 2.138317e-01
191 2.045834e-01
192 2.020460e-01
193 2.203926e-01
194 2.729847e-01
195 2.520609e-01
196 2.064149e-01
197 2.063834e-01
198 2.019173e-01
199 2.355554e-01
200 2.765857e-01
201 2.152461e-01
202 3.152398e-01
203 2.856816e-01
204 2.476622e-01
205 5.313348e-01
206 2.946156e-01
207 6.165698e-01
208 1.001955e+00
209 3.229343e-01
210 2.454970e+00
211 1.787126e+00
212 1.782321e+00
213 7.823077e+00
214 1.665551e+00
215 1.184204e+01
216 1.924736e+01
217 3.702797e+00
218 4.925351e+01
219 2.866830e+01
220 2.949914e+01
221 1.270424e+02
222 2.729477e+01
223 1.324563e+02
224 1.972789e+02
225 3.404295e+01
226 3.129334e+02
227 2.136437e+02
228 9.699831e+01
229 4.270320e+02
230 1.719234e+02
231 1.985859e+02
232 4.510326e+02
233 1.445817e+02
234 2.642529e+02
235 4.060475e+02
236 2.936299e+02
237 2.044207e+06
238 1.621708e+08
239 2.887637e+22
240 4.899104e+27
241 4.434365e+60
242 1.049162e+73
243 1.984689e+72
244 4.293089e+86
245 3.727939e+91
246 1.614353e+99
247 2.392614e+96
248 5.370502e+108
249 3.709303e+104
250 9.663707e+113
251 3.066833e+115
252 1.226764e+129
253 4.453259e+124
254 1.377980e+129
255 5.061148e+124
256 5.337669e+136
257 4.608292e+141
258 2.881431e+141
259 3.660739e+141
260 3.295007e+141
261 3.591887e+147
262 4.712239e+146
263 8.900337e+147
264 5.910920e+154
265 1.365221e+161
266 5.409865e+156
267 1.076533e+161
268 2.154773e+159
269 1.644651e+174
270 1.292880e+162
271 2.017042e+174
272 5.812606e+168
273 2.303922e+178
274 1.040184e+169
275 2.305822e+184
276 8.096545e+181
277 7.901078e+183
278 1.143952e+182
279 1.026178e+197
280 2.568651e+187
281 1.073786e+197
282 3.488020e+191
283 4.584891e+201
284 2.085954e+198
285 3.394896e+202
286 2.221320e+198
287 2.388445e+217
288 4.177246e+203
289 2.181044e+217
290 1.863362e+210
291 4.033512e+222
292 3.383042e+216
293 1.478409e+222
294 4.013062e+218
295 2.919851e+231
296 2.654038e+222
297 1.545330e+231
298 2.306556e+229
299 1.567034e+237
300 2.677326e+231
