1 3.340904e-01
2 5.049798e-01
3 3.879429e-01
4 3.039187e-01
5 3.049533e-01
6 3.339913e-01
7 3.453754e-01
8 3.374571e-01
9 3.304077e-01
10 3.306937e-01
11 3.334659e-01
12 3.343889e-01
13 3.336598e-01
14 3.330389e-01
15 3.330887e-01
16 3.333459e-01
17 3.334215e-01
18 3.333498e-01
19 3.332942e-01
20 3.333016e-01
21 3.333259e-01
22 3.333320e-01
23 3.333247e-01
24 3.333196e-01
25 3.333206e-01
26 3.333230e-01
27 3.333235e-01
28 3.333227e-01
29 3.333222e-01
30 3.333224e-01
31 3.333226e-01
32 3.333226e-01
33 3.333226e-01
34 3.333225e-01
35 3.333225e-01
36 3.333226e-01
37 3.333226e-01
38 3.333225e-01
39 3.333225e-01
40 3.333225e-01
41 3.333225e-01
42 3.333225e-01
43 3.333225e-01
44 3.333225e-01
45 3.333225e-01
46 3.333225e-01
47 3.333225e-01
48 3.333225e-01
49 3.333225e-01
50 3.333225e-01
51 3.333225e-01
52 3.333225e-01
53 3.333225e-01
54 3.333225e-01
55 3.333225e-01
56 3.333225e-01
57 3.333225e-01
58 3.333225e-01
59 3.333225e-01
60 3.333225e-01
61 3.333225e-01
62 3.333225e-01
63 3.333225e-01
64 3.333225e-01
65 3.333225e-01
66 3.333225e-01
67 3.333225e-01
68 3.333225e-01
69 3.333225e-01
70 3.333225e-01
71 3.333225e-01
72 3.333225e-01
73 3.333225e-01
74 3.333225e-01
75 3.333225e-01
76 3.333225e-01
77 3.333225e-01
78 3.333225e-01
79 3.333225e-01
80 3.333225e-01
81 3.333225e-01
82 3.333225e-01
83 3.333225e-01
84 3.333225e-01
85 3.333225e-01
86 3.333225e-01
87 3.333225e-01
88 3.333225e-01
89 3.333225e-01
90 3.333225e-01
91 3.333225e-01
92 3.333225e-01
93 3.333225e-01
94 3.333225e-01
95 3.333225e-01
96 3.333225e-01
97 3.333225e-01
98 3.333225e-01
99 3.333225e-01
100 3.333225e-01
101 4.749898e-01
102 6.020415e-01
103 5.773375e-01
104 5.115930e-01
105 4.869752e-01
106 4.975891e-01
107 5.140152e-01
108 5.186758e-01
109 5.142705e-01
110 5.099513e-01
111 5.093843e-01
112 5.108633e-01
113 5.119172e-01
114 5.118750e-01
115 5.114097e-01
116 5.111725e-01
117 5.112382e-01
118 5.113743e-01
119 5.114210e-01
120 5.113889e-01
121 5.113515e-01
122 5.113447e-01
123 5.113570e-01
124 5.113665e-01
125 5.113665e-01
126 5.113624e-01
127 5.113602e-01
128 5.113607e-01
129 5.113620e-01
130 5.113624e-01
131 5.113621e-01
132 5.113618e-01
133 5.113617e-01
134 5.113618e-01
135 5.113619e-01
136 5.113619e-01
137 5.113619e-01
138 5.113619e-01
139 5.113619e-01
140 5.113619e-01
141 5.113619e-01
142 5.113619e-01
143 5.113619e-01
144 5.113619e-01
145 5.113619e-01
146 5.113619e-01
147 5.113619e-01
148 5.113619e-01
149 5.113619e-01
150 5.113619e-01
151 5.113619e-01
152 5.113619e-01
153 5.113619e-01
154 5.113619e-01
155 5.113619e-01
156 5.113619e-01
157 5.113619e-01
158 5.113619e-01
159 5.113619e-01
160 5.113619e-01
161 5.113619e-01
162 5.113619e-01
163 5.113619e-01
164 5.113619e-01
165 5.113619e-01
166 5.113619e-01
167 5.113619e-01
168 5.113619e-01
169 5.113619e-01
170 5.113619e-01
171 5.113619e-01
172 5.113619e-01
173 5.113619e-01
174 5.113619e-01
175 5.113619e-01
176 5.113619e-01
177 5.113619e-01
178 5.113619e-01
179 5.113619e-01
180 5.113619e-01
181 5.113619e-01
182 5.113619e-01
183 5.113619e-01
184 5.113619e-01
185 5.113619e-01
186 5.113619e-01
187 5.113619e-01
188 5.113619e-01
189 5.113619e-01
190 5.113619e-01
191 5.113619e-01
192 5.113619e-01
193 5.113619e-01
194 5.113619e-01
195 5.113619e-01
196 5.113619e-01
197 5.113619e-01
198 5.113619e-01
199 5.113619e-01
200 5.113619e-01
201 6.048619e-01
202 6.038058e-01
203 4.973625e-01
204 4.294471e-01
205 4.534713e-01
206 4.961167e-01
207 5.091850e-01
208 4.901154e-01
209 4.693955e-01
210 4.694134e-01
211 4.811157e-01
212 4.878582e-01
213 4.845855e-01
214 4.782442e-01
215 4.766685e-01
216 4.796722e-01
217 4.823785e-01
218 4.820591e-01
219 4.801076e-01
220 4.791775e-01
221 4.798915e-01
222 4.809038e-01
223 4.810347e-01
224 4.804460e-01
225 4.800136e-01
226 4.801470e-01
227 4.805094e-01
228 4.806350e-01
229 4.804685e-01
230 4.802863e-01
231 4.802896e-01
232 4.804130e-01
233 4.804839e-01
234 4.804434e-01
235 4.803716e-01
236 4.803562e-01
237 4.803953e-01
238 4.804290e-01
239 4.804227e-01
240 4.803961e-01
241 4.803845e-01
242 4.803956e-01
243 4.804101e-01
244 4.804112e-01
245 4.804021e-01
246 4.803958e-01
247 4.803983e-01
248 4.804040e-01
249 4.804058e-01
250 4.804029e-01
251 4.804000e-01
252 4.804002e-01
253 4.804023e-01
254 4.804035e-01
255 4.804027e-01
256 4.804015e-01
257 4.804012e-01
258 4.804019e-01
259 4.804025e-01
260 4.804024e-01
261 4.804019e-01
262 4.804017e-01
263 4.804019e-01
264 4.804022e-01
265 4.804022e-01
266 4.804020e-01
267 4.804019e-01
268 4.804020e-01
269 4.804021e-01
270 4.804021e-01
271 4.804021e-01
272 4.804020e-01
273 4.804020e-01
274 4.804020e-01
275 4.804021e-01
276 4.804021e-01
277 4.804020e-01
278 4.804020e-01
279 4.804020e-01
280 4.804020e-01
281 4.804020e-01
282 4.804020e-01
283 4.804020e-01
284 4.804020e-01
285 4.804020e-01
286 4.804020e-01
287 4.804020e-01
288 4.804020e-01
289 4.804020e-01
290 4.804020e-01
291 4.804020e-01
292 4.804020e-01
293 4.804020e-01
294 4.804020e-01
295 4.804020e-01
296 4.804020e-01
297 4.804020e-01
298 4.804020e-01
299 4.804020e-01
300 4.804020e-01
