1 2.176639e-01
2 6.296166e-01
3 4.677203e-01
4 1.763719e-01
5 1.569372e-01
6 1.596899e-01
7 2.887542e-01
8 3.524967e-01
9 2.429397e-01
10 1.745199e-01
11 1.690026e-01
12 2.105756e-01
13 2.656986e-01
14 2.500555e-01
15 2.049625e-01
16 1.871403e-01
17 1.979547e-01
18 2.265920e-01
19 2.360757e-01
20 2.181430e-01
21 2.017955e-01
22 2.007188e-01
23 2.127915e-01
24 2.234523e-01
25 2.199099e-01
26 2.100405e-01
27 2.056433e-01
28 2.094235e-01
29 2.162356e-01
30 2.177752e-01
31 2.134290e-01
32 2.094108e-01
33 2.096141e-01
34 2.130128e-01
35 2.153550e-01
36 2.141873e-01
37 2.116122e-01
38 2.106479e-01
39 2.119391e-01
40 2.137013e-01
41 2.138918e-01
42 2.126282e-01
43 2.115913e-01
44 2.118161e-01
45 2.128218e-01
46 2.133689e-01
47 2.129434e-01
48 2.122116e-01
49 2.120170e-01
50 2.124597e-01
51 2.129431e-01
52 2.129305e-01
53 2.125340e-01
54 2.122589e-01
55 2.123751e-01
56 2.126834e-01
57 2.128128e-01
58 2.126564e-01
59 2.124398e-01
60 2.124080e-01
61 2.125599e-01
62 2.126967e-01
63 2.126724e-01
64 2.125441e-01
65 2.124707e-01
66 2.125208e-01
67 2.126172e-01
68 2.126466e-01
69 2.125896e-01
70 2.125244e-01
71 2.125230e-01
72 2.125750e-01
73 2.126141e-01
74 2.126003e-01
75 2.125583e-01
76 2.125390e-01
77 2.125590e-01
78 2.125894e-01
79 2.125953e-01
80 2.125748e-01
81 2.125551e-01
82 2.125573e-01
83 2.125751e-01
84 2.125862e-01
85 2.125799e-01
86 2.125661e-01
87 2.125612e-01
88 2.125689e-01
89 2.125785e-01
90 2.125793e-01
91 2.125720e-01
92 2.125660e-01
93 2.125676e-01
94 2.125737e-01
95 2.125768e-01
96 2.125741e-01
97 2.125696e-01
98 2.125685e-01
99 2.125713e-01
100 2.125744e-01
101 2.599127e-01
102 5.353978e-01
103 5.168049e-01
104 2.515356e-01
105 2.003366e-01
106 2.008676e-01
107 3.041774e-01
108 4.908051e-01
109 3.905095e-01
110 2.334893e-01
111 2.200065e-01
112 2.167383e-01
113 3.599366e-01
114 4.564033e-01
115 3.097970e-01
116 2.370914e-01
117 2.282508e-01
118 2.492720e-01
119 4.135743e-01
120 4.074037e-01
121 2.628324e-01
122 2.509000e-01
123 2.286470e-01
124 3.028025e-01
125 4.474035e-01
126 3.456260e-01
127 2.496038e-01
128 2.604580e-01
129 2.348202e-01
130 3.742770e-01
131 4.455580e-01
132 2.881624e-01
133 2.636433e-01
134 2.565557e-01
135 2.649819e-01
136 4.465505e-01
137 4.039010e-01
138 2.568613e-01
139 2.873058e-01
140 2.438016e-01
141 3.314857e-01
142 4.921343e-01
143 3.374035e-01
144 2.646483e-01
145 2.981811e-01
146 2.432087e-01
147 4.287077e-01
148 4.864751e-01
149 2.781811e-01
150 3.041342e-01
151 2.835850e-01
152 2.837069e-01
153 5.274245e-01
154 4.254146e-01
155 2.613137e-01
156 3.468158e-01
157 2.548281e-01
158 3.833446e-01
159 5.833250e-01
160 3.362960e-01
161 3.031999e-01
162 3.578242e-01
163 2.498316e-01
164 5.291230e-01
165 5.605249e-01
166 2.719416e-01
167 3.848518e-01
168 3.219903e-01
169 3.163057e-01
170 6.699482e-01
171 4.600155e-01
172 2.843964e-01
173 4.546573e-01
174 2.663332e-01
175 4.788442e-01
176 7.346216e-01
177 3.343467e-01
178 3.888263e-01
179 4.573303e-01
180 2.598054e-01
181 7.071390e-01
182 6.736434e-01
183 2.715736e-01
184 5.399944e-01
185 3.787156e-01
186 3.797053e-01
187 9.102213e-01
188 5.045039e-01
189 3.469014e-01
190 6.448608e-01
191 2.786358e-01
192 6.546992e-01
193 9.743236e-01
194 3.277483e-01
195 5.638458e-01
196 6.183971e-01
197 2.803763e-01
198 1.016919e+00
199 8.366422e-01
200 2.887673e-01
201 3.084370e-01
202 4.737117e-01
203 7.720764e-01
204 4.384927e-01
205 8.285800e-01
206 1.319018e+00
207 1.368543e+00
208 5.579693e+00
209 3.515926e+00
210 7.759396e+00
211 1.911012e+01
212 9.815490e+00
213 5.706505e+01
214 5.130698e+01
215 5.860846e+01
216 1.978457e+02
217 9.233414e+01
218 2.731866e+02
219 3.596356e+02
220 1.919150e+02
221 4.017848e+02
222 4.005216e+02
223 1.758635e+04
224 6.693334e+07
225 5.430088e+17
226 3.860677e+26
227 3.610925e+51
228 2.292331e+49
229 2.770364e+79
230 7.193764e+98
231 1.326938e+101
232 4.228211e+116
233 2.084941e+144
234 7.238523e+212
235 3.044147e+149
236 5.190628e+227
237 2.243693e+179
238 7.184901e+227
239 2.029002e+179
240 1.063828e+234
241 5.487956e+193
242 8.674245e+233
243 8.200204e+193
244 7.304909e+244
245 1.255380e+201
246 9.844470e+244
247 1.250884e+201
248 1.132858e+250
249 2.176640e+211
250 1.921111e+250
251 2.014053e+211
252 9.730463e+252
253 2.239057e+246
254 2.015103e+256
255 2.109056e+246
256 9.557311e+263
257 6.255001e+251
258 7.170178e+265
259 6.503339e+251
260 5.409479e+275
261 2.515694e+261
262 7.677200e+275
263 2.846058e+261
264 1.674298e+288
265 2.121572e+266
266 2.799253e+288
267 1.218932e+266
268 7.229991e+290
269 2.017387e+275
270 5.456880e+292
271 2.540142e+275
272 1.743480e+298
273 1.107974e+279
274 1.656592e+298
275 2.483932e+279
276 5.030458e+303
277 1.672663e+294
278 inf
279 -nan
280 -nan
281 -nan
282 -nan
283 -nan
284 -nan
285 -nan
286 -nan
287 -nan
288 -nan
289 -nan
290 -nan
291 -nan
292 -nan
293 -nan
294 -nan
295 -nan
296 -nan
297 -nan
298 -nan
299 -nan
300 -nan
