1 3.253498e-01
2 5.495835e-01
3 4.073444e-01
4 2.862964e-01
5 2.791552e-01
6 3.207821e-01
7 3.466386e-01
8 3.351023e-01
9 3.190475e-01
10 3.170090e-01
11 3.232196e-01
12 3.269612e-01
13 3.256422e-01
14 3.233589e-01
15 3.229722e-01
16 3.238578e-01
17 3.244243e-01
18 3.242542e-01
19 3.239158e-01
20 3.238490e-01
21 3.239790e-01
22 3.240669e-01
23 3.240434e-01
24 3.239917e-01
25 3.239804e-01
26 3.240001e-01
27 3.240141e-01
28 3.240107e-01
29 3.240025e-01
30 3.240006e-01
31 3.240037e-01
32 3.240060e-01
33 3.240054e-01
34 3.240041e-01
35 3.240038e-01
36 3.240043e-01
37 3.240047e-01
38 3.240046e-01
39 3.240044e-01
40 3.240043e-01
41 3.240044e-01
42 3.240045e-01
43 3.240045e-01
44 3.240044e-01
45 3.240044e-01
46 3.240044e-01
47 3.240044e-01
48 3.240044e-01
49 3.240044e-01
50 3.240044e-01
51 3.240044e-01
52 3.240044e-01
53 3.240044e-01
54 3.240044e-01
55 3.240044e-01
56 3.240044e-01
57 3.240044e-01
58 3.240044e-01
59 3.240044e-01
60 3.240044e-01
61 3.240044e-01
62 3.240044e-01
63 3.240044e-01
64 3.240044e-01
65 3.240044e-01
66 3.240044e-01
67 3.240044e-01
68 3.240044e-01
69 3.240044e-01
70 3.240044e-01
71 3.240044e-01
72 3.240044e-01
73 3.240044e-01
74 3.240044e-01
75 3.240044e-01
76 3.240044e-01
77 3.240044e-01
78 3.240044e-01
79 3.240044e-01
80 3.240044e-01
81 3.240044e-01
82 3.240044e-01
83 3.240044e-01
84 3.240044e-01
85 3.240044e-01
86 3.240044e-01
87 3.240044e-01
88 3.240044e-01
89 3.240044e-01
90 3.240044e-01
91 3.240044e-01
92 3.240044e-01
93 3.240044e-01
94 3.240044e-01
95 3.240044e-01
96 3.240044e-01
97 3.240044e-01
98 3.240044e-01
99 3.240044e-01
100 3.240044e-01
101 5.149133e-01
102 6.682297e-01
103 5.758692e-01
104 4.465205e-01
105 4.169638e-01
106 4.574053e-01
107 5.056398e-01
108 5.074618e-01
109 4.781155e-01
110 4.605393e-01
111 4.660729e-01
112 4.808197e-01
113 4.863889e-01
114 4.797823e-01
115 4.723161e-01
116 4.718278e-01
117 4.763887e-01
118 4.796791e-01
119 4.786015e-01
120 4.757007e-01
121 4.745832e-01
122 4.758113e-01
123 4.773837e-01
124 4.775494e-01
125 4.765667e-01
126 4.758190e-01
127 4.760062e-01
128 4.766471e-01
129 4.769370e-01
130 4.766790e-01
131 4.763087e-01
132 4.762451e-01
133 4.764613e-01
134 4.766484e-01
135 4.766200e-01
136 4.764704e-01
137 4.763916e-01
138 4.764444e-01
139 4.765346e-01
140 4.765571e-01
141 4.765086e-01
142 4.764606e-01
143 4.764631e-01
144 4.764984e-01
145 4.765201e-01
146 4.765096e-01
147 4.764873e-01
148 4.764800e-01
149 4.764908e-01
150 4.765032e-01
151 4.765037e-01
152 4.764954e-01
153 4.764894e-01
154 4.764914e-01
155 4.764969e-01
156 4.764992e-01
157 4.764968e-01
158 4.764936e-01
159 4.764931e-01
160 4.764951e-01
161 4.764967e-01
162 4.764964e-01
163 4.764951e-01
164 4.764944e-01
165 4.764949e-01
166 4.764957e-01
167 4.764959e-01
168 4.764954e-01
169 4.764950e-01
170 4.764950e-01
171 4.764954e-01
172 4.764956e-01
173 4.764955e-01
174 4.764952e-01
175 4.764952e-01
176 4.764953e-01
177 4.764954e-01
178 4.764954e-01
179 4.764953e-01
180 4.764953e-01
181 4.764953e-01
182 4.764953e-01
183 4.764954e-01
184 4.764953e-01
185 4.764953e-01
186 4.764953e-01
187 4.764953e-01
188 4.764953e-01
189 4.764953e-01
190 4.764953e-01
191 4.764953e-01
192 4.764953e-01
193 4.764953e-01
194 4.764953e-01
195 4.764953e-01
196 4.764953e-01
197 4.764953e-01
198 4.764953e-01
199 4.764953e-01
200 4.764953e-01
201 4.230836e-01
202 4.560755e-01
203 4.244570e-01
204 3.898712e-01
205 4.008822e-01
206 4.048148e-01
207 4.097300e-01
208 4.087812e-01
209 3.995669e-01
210 3.981820e-01
211 4.007412e-01
212 4.028411e-01
213 4.035128e-01
214 4.013704e-01
215 3.999276e-01
216 4.004595e-01
217 4.013919e-01
218 4.018705e-01
219 4.014164e-01
220 4.007454e-01
221 4.007095e-01
222 4.010661e-01
223 4.013374e-01
224 4.012745e-01
225 4.010135e-01
226 4.009064e-01
227 4.010139e-01
228 4.011526e-01
229 4.011740e-01
230 4.010835e-01
231 4.010093e-01
232 4.010271e-01
233 4.010891e-01
234 4.011184e-01
235 4.010930e-01
236 4.010542e-01
237 4.010476e-01
238 4.010707e-01
239 4.010909e-01
240 4.010877e-01
241 4.010708e-01
242 4.010618e-01
243 4.010682e-01
244 4.010788e-01
245 4.010814e-01
246 4.010754e-01
247 4.010694e-01
248 4.010698e-01
249 4.010744e-01
250 4.010773e-01
251 4.010758e-01
252 4.010727e-01
253 4.010717e-01
254 4.010733e-01
255 4.010751e-01
256 4.010751e-01
257 4.010739e-01
258 4.010730e-01
259 4.010733e-01
260 4.010742e-01
261 4.010745e-01
262 4.010741e-01
263 4.010736e-01
264 4.010735e-01
265 4.010739e-01
266 4.010742e-01
267 4.010741e-01
268 4.010739e-01
269 4.010737e-01
270 4.010738e-01
271 4.010740e-01
272 4.010740e-01
273 4.010739e-01
274 4.010738e-01
275 4.010738e-01
276 4.010739e-01
277 4.010740e-01
278 4.010739e-01
279 4.010739e-01
280 4.010739e-01
281 4.010739e-01
282 4.010739e-01
283 4.010739e-01
284 4.010739e-01
285 4.010739e-01
286 4.010739e-01
287 4.010739e-01
288 4.010739e-01
289 4.010739e-01
290 4.010739e-01
291 4.010739e-01
292 4.010739e-01
293 4.010739e-01
294 4.010739e-01
295 4.010739e-01
296 4.010739e-01
297 4.010739e-01
298 4.010739e-01
299 4.010739e-01
300 4.010739e-01
