1 2.423343e-01
2 6.337695e-01
3 4.626742e-01
4 1.963988e-01
5 1.653717e-01
6 1.904773e-01
7 3.111363e-01
8 3.410795e-01
9 2.516424e-01
10 2.005491e-01
11 2.030627e-01
12 2.446941e-01
13 2.760510e-01
14 2.567676e-01
15 2.274123e-01
16 2.195301e-01
17 2.327635e-01
18 2.499890e-01
19 2.497198e-01
20 2.373643e-01
21 2.299192e-01
22 2.328433e-01
23 2.407882e-01
24 2.437660e-01
25 2.396431e-01
26 2.350248e-01
27 2.347448e-01
28 2.379802e-01
29 2.404190e-01
30 2.395171e-01
31 2.371702e-01
32 2.362619e-01
33 2.373679e-01
34 2.388235e-01
35 2.389404e-01
36 2.379260e-01
37 2.371705e-01
38 2.374119e-01
39 2.381510e-01
40 2.384638e-01
41 2.381094e-01
42 2.376391e-01
43 2.375884e-01
44 2.379108e-01
45 2.381684e-01
46 2.380946e-01
47 2.378495e-01
48 2.377402e-01
49 2.378525e-01
50 2.380127e-01
51 2.380349e-01
52 2.379273e-01
53 2.378376e-01
54 2.378589e-01
55 2.379422e-01
56 2.379824e-01
57 2.379458e-01
58 2.378901e-01
59 2.378803e-01
60 2.379164e-01
61 2.379485e-01
62 2.379426e-01
63 2.379139e-01
64 2.378988e-01
65 2.379107e-01
66 2.379304e-01
67 2.379347e-01
68 2.379224e-01
69 2.379108e-01
70 2.379122e-01
71 2.379222e-01
72 2.379279e-01
73 2.379241e-01
74 2.379171e-01
75 2.379153e-01
76 2.379194e-01
77 2.379237e-01
78 2.379234e-01
79 2.379199e-01
80 2.379177e-01
81 2.379189e-01
82 2.379214e-01
83 2.379222e-01
84 2.379208e-01
85 2.379193e-01
86 2.379193e-01
87 2.379205e-01
88 2.379213e-01
89 2.379209e-01
90 2.379200e-01
91 2.379197e-01
92 2.379202e-01
93 2.379208e-01
94 2.379208e-01
95 2.379204e-01
96 2.379201e-01
97 2.379202e-01
98 2.379205e-01
99 2.379206e-01
100 2.379205e-01
101 2.932233e-01
102 5.914337e-01
103 5.569054e-01
104 2.936635e-01
105 2.318009e-01
106 2.288465e-01
107 3.320092e-01
108 4.867145e-01
109 4.089638e-01
110 2.775755e-01
111 2.473514e-01
112 2.550713e-01
113 3.593170e-01
114 4.239787e-01
115 3.393600e-01
116 2.737952e-01
117 2.579518e-01
118 2.842980e-01
119 3.709600e-01
120 3.766295e-01
121 3.059198e-01
122 2.741336e-01
123 2.677294e-01
124 3.100814e-01
125 3.682339e-01
126 3.407343e-01
127 2.912465e-01
128 2.753506e-01
129 2.797694e-01
130 3.289626e-01
131 3.554564e-01
132 3.158908e-01
133 2.857496e-01
134 2.774657e-01
135 2.940722e-01
136 3.387927e-01
137 3.381282e-01
138 3.008203e-01
139 2.840483e-01
140 2.816814e-01
141 3.083890e-01
142 3.395238e-01
143 3.211771e-01
144 2.929706e-01
145 2.838736e-01
146 2.886753e-01
147 3.197549e-01
148 3.332322e-01
149 3.077255e-01
150 2.894664e-01
151 2.850037e-01
152 2.977858e-01
153 3.259710e-01
154 3.232084e-01
155 2.987678e-01
156 2.881441e-01
157 2.879866e-01
158 3.071874e-01
159 3.264645e-01
160 3.126996e-01
161 2.936962e-01
162 2.880164e-01
163 2.930475e-01
164 3.147152e-01
165 3.222971e-01
166 3.039423e-01
167 2.912423e-01
168 2.890520e-01
169 2.995641e-01
170 3.187860e-01
171 3.155086e-01
172 2.978312e-01
173 2.903172e-01
174 2.915499e-01
175 3.061921e-01
176 3.189501e-01
177 3.082309e-01
178 2.941936e-01
179 2.904098e-01
180 2.955287e-01
181 3.114146e-01
182 3.158875e-01
183 3.020011e-01
184 2.923702e-01
185 2.915069e-01
186 3.004421e-01
187 3.141485e-01
188 3.109636e-01
189 2.975053e-01
190 2.917489e-01
191 2.937327e-01
192 3.052964e-01
193 3.140996e-01
194 3.056338e-01
195 2.947284e-01
196 2.920255e-01
197 2.969914e-01
198 3.090276e-01
199 3.117486e-01
200 3.009790e-01
201 3.035214e-01
202 3.357069e-01
203 3.307997e-01
204 3.004717e-01
205 2.962662e-01
206 2.967045e-01
207 3.063802e-01
208 3.236728e-01
209 3.142957e-01
210 3.000894e-01
211 2.985020e-01
212 2.981467e-01
213 3.100225e-01
214 3.175648e-01
215 3.062881e-01
216 3.009753e-01
217 2.996630e-01
218 3.010286e-01
219 3.131971e-01
220 3.123316e-01
221 3.025766e-01
222 3.022299e-01
223 2.999481e-01
224 3.050053e-01
225 3.147055e-01
226 3.073381e-01
227 3.018301e-01
228 3.028717e-01
229 3.004916e-01
230 3.096511e-01
231 3.137764e-01
232 3.033983e-01
233 3.029075e-01
234 3.024807e-01
235 3.024512e-01
236 3.138019e-01
237 3.105395e-01
238 3.015148e-01
239 3.043797e-01
240 3.015474e-01
241 3.063392e-01
242 3.159555e-01
243 3.061697e-01
244 3.020124e-01
245 3.049345e-01
246 3.013300e-01
247 3.115572e-01
248 3.150762e-01
249 3.024810e-01
250 3.041414e-01
251 3.040532e-01
252 3.031955e-01
253 3.164450e-01
254 3.113152e-01
255 3.010791e-01
256 3.063333e-01
257 3.024290e-01
258 3.077269e-01
259 3.189574e-01
260 3.061963e-01
261 3.024825e-01
262 3.070297e-01
263 3.017513e-01
264 3.140869e-01
265 3.177240e-01
266 3.020526e-01
267 3.057249e-01
268 3.056720e-01
269 3.038223e-01
270 3.200863e-01
271 3.129586e-01
272 3.009020e-01
273 3.087660e-01
274 3.032669e-01
275 3.093890e-01
276 3.230800e-01
277 3.066546e-01
278 3.033101e-01
279 3.096161e-01
280 3.020884e-01
281 3.173355e-01
282 3.213460e-01
283 3.018093e-01
284 3.079122e-01
285 3.076316e-01
286 3.045070e-01
287 3.248085e-01
288 3.152396e-01
289 3.009419e-01
290 3.119944e-01
291 3.042239e-01
292 3.114720e-01
293 3.284141e-01
294 3.073976e-01
295 3.046367e-01
296 3.129882e-01
297 3.024246e-01
298 3.214936e-01
299 3.260121e-01
300 3.016827e-01
