1 3.300278e-01
2 4.352997e-01
3 3.552094e-01
4 3.118844e-01
5 3.173658e-01
6 3.310963e-01
7 3.333723e-01
8 3.298355e-01
9 3.281963e-01
10 3.287623e-01
11 3.294072e-01
12 3.294187e-01
13 3.292292e-01
14 3.291730e-01
15 3.292143e-01
16 3.292427e-01
17 3.292381e-01
18 3.292282e-01
19 3.292268e-01
20 3.292295e-01
21 3.292307e-01
22 3.292302e-01
23 3.292297e-01
24 3.292297e-01
25 3.292298e-01
26 3.292299e-01
27 3.292298e-01
28 3.292298e-01
29 3.292298e-01
30 3.292298e-01
31 3.292298e-01
32 3.292298e-01
33 3.292298e-01
34 3.292298e-01
35 3.292298e-01
36 3.292298e-01
37 3.292298e-01
38 3.292298e-01
39 3.292298e-01
40 3.292298e-01
41 3.292298e-01
42 3.292298e-01
43 3.292298e-01
44 3.292298e-01
45 3.292298e-01
46 3.292298e-01
47 3.292298e-01
48 3.292298e-01
49 3.292298e-01
50 3.292298e-01
51 3.292298e-01
52 3.292298e-01
53 3.292298e-01
54 3.292298e-01
55 3.292298e-01
56 3.292298e-01
57 3.292298e-01
58 3.292298e-01
59 3.292298e-01
60 3.292298e-01
61 3.292298e-01
62 3.292298e-01
63 3.292298e-01
64 3.292298e-01
65 3.292298e-01
66 3.292298e-01
67 3.292298e-01
68 3.292298e-01
69 3.292298e-01
70 3.292298e-01
71 3.292298e-01
72 3.292298e-01
73 3.292298e-01
74 3.292298e-01
75 3.292298e-01
76 3.292298e-01
77 3.292298e-01
78 3.292298e-01
79 3.292298e-01
80 3.292298e-01
81 3.292298e-01
82 3.292298e-01
83 3.292298e-01
84 3.292298e-01
85 3.292298e-01
86 3.292298e-01
87 3.292298e-01
88 3.292298e-01
89 3.292298e-01
90 3.292298e-01
91 3.292298e-01
92 3.292298e-01
93 3.292298e-01
94 3.292298e-01
95 3.292298e-01
96 3.292298e-01
97 3.292298e-01
98 3.292298e-01
99 3.292298e-01
100 3.292298e-01
101 4.378170e-01
102 5.090825e-01
103 4.883610e-01
104 4.577455e-01
105 4.508481e-01
106 4.568976e-01
107 4.617610e-01
108 4.619210e-01
109 4.604452e-01
110 4.597631e-01
111 4.599383e-01
112 4.602311e-01
113 4.602998e-01
114 4.602349e-01
115 4.601851e-01
116 4.601850e-01
117 4.602012e-01
118 4.602080e-01
119 4.602056e-01
120 4.602024e-01
121 4.602018e-01
122 4.602026e-01
123 4.602032e-01
124 4.602031e-01
125 4.602029e-01
126 4.602028e-01
127 4.602029e-01
128 4.602029e-01
129 4.602029e-01
130 4.602029e-01
131 4.602029e-01
132 4.602029e-01
133 4.602029e-01
134 4.602029e-01
135 4.602029e-01
136 4.602029e-01
137 4.602029e-01
138 4.602029e-01
139 4.602029e-01
140 4.602029e-01
141 4.602029e-01
142 4.602029e-01
143 4.602029e-01
144 4.602029e-01
145 4.602029e-01
146 4.602029e-01
147 4.602029e-01
148 4.602029e-01
149 4.602029e-01
150 4.602029e-01
151 4.602029e-01
152 4.602029e-01
153 4.602029e-01
154 4.602029e-01
155 4.602029e-01
156 4.602029e-01
157 4.602029e-01
158 4.602029e-01
159 4.602029e-01
160 4.602029e-01
161 4.602029e-01
162 4.602029e-01
163 4.602029e-01
164 4.602029e-01
165 4.602029e-01
166 4.602029e-01
167 4.602029e-01
168 4.602029e-01
169 4.602029e-01
170 4.602029e-01
171 4.602029e-01
172 4.602029e-01
173 4.602029e-01
174 4.602029e-01
175 4.602029e-01
176 4.602029e-01
177 4.602029e-01
178 4.602029e-01
179 4.602029e-01
180 4.602029e-01
181 4.602029e-01
182 4.602029e-01
183 4.602029e-01
184 4.602029e-01
185 4.602029e-01
186 4.602029e-01
187 4.602029e-01
188 4.602029e-01
189 4.602029e-01
190 4.602029e-01
191 4.602029e-01
192 4.602029e-01
193 4.602029e-01
194 4.602029e-01
195 4.602029e-01
196 4.602029e-01
197 4.602029e-01
198 4.602029e-01
199 4.602029e-01
200 4.602029e-01
201 5.102579e-01
202 5.434636e-01
203 5.323363e-01
204 5.160810e-01
205 5.125549e-01
206 5.163642e-01
207 5.194126e-01
208 5.194042e-01
209 5.183071e-01
210 5.178178e-01
211 5.179882e-01
212 5.182407e-01
213 5.182927e-01
214 5.182247e-01
215 5.181755e-01
216 5.181782e-01
217 5.181972e-01
218 5.182048e-01
219 5.182012e-01
220 5.181968e-01
221 5.181962e-01
222 5.181975e-01
223 5.181983e-01
224 5.181982e-01
225 5.181978e-01
226 5.181977e-01
227 5.181978e-01
228 5.181979e-01
229 5.181979e-01
230 5.181979e-01
231 5.181978e-01
232 5.181979e-01
233 5.181979e-01
234 5.181979e-01
235 5.181979e-01
236 5.181979e-01
237 5.181979e-01
238 5.181979e-01
239 5.181979e-01
240 5.181979e-01
241 5.181979e-01
242 5.181979e-01
243 5.181979e-01
244 5.181979e-01
245 5.181979e-01
246 5.181979e-01
247 5.181979e-01
248 5.181979e-01
249 5.181979e-01
250 5.181979e-01
251 5.181979e-01
252 5.181979e-01
253 5.181979e-01
254 5.181979e-01
255 5.181979e-01
256 5.181979e-01
257 5.181979e-01
258 5.181979e-01
259 5.181979e-01
260 5.181979e-01
261 5.181979e-01
262 5.181979e-01
263 5.181979e-01
264 5.181979e-01
265 5.181979e-01
266 5.181979e-01
267 5.181979e-01
268 5.181979e-01
269 5.181979e-01
270 5.181979e-01
271 5.181979e-01
272 5.181979e-01
273 5.181979e-01
274 5.181979e-01
275 5.181979e-01
276 5.181979e-01
277 5.181979e-01
278 5.181979e-01
279 5.181979e-01
280 5.181979e-01
281 5.181979e-01
282 5.181979e-01
283 5.181979e-01
284 5.181979e-01
285 5.181979e-01
286 5.181979e-01
287 5.181979e-01
288 5.181979e-01
289 5.181979e-01
290 5.181979e-01
291 5.181979e-01
292 5.181979e-01
293 5.181979e-01
294 5.181979e-01
295 5.181979e-01
296 5.181979e-01
297 5.181979e-01
298 5.181979e-01
299 5.181979e-01
300 5.181979e-01
