1 0.234375
2 0.187642
3 0.170597
4 0.163920
5 0.163210
6 0.162358
7 0.163494
8 0.161080
9 0.163494
10 0.161648
11 0.163068
12 0.161932
13 0.164063
14 0.162216
15 0.163920
16 0.158807
17 0.146875
18 0.144034
19 0.138352
20 0.140199
21 0.139063
22 0.138636
23 0.140341
24 0.139205
25 0.139062
26 0.139489
27 0.139347
28 0.139489
29 0.139773
30 0.139205
31 0.135369
32 0.132244
33 0.130256
34 0.131534
35 0.131250
36 0.130824
37 0.131676
38 0.132244
39 0.130398
40 0.130682
41 0.131534
42 0.131676
43 0.131960
44 0.131676
45 0.131534
46 0.127983
47 0.126989
48 0.126705
49 0.126847
50 0.124858
51 0.125142
52 0.123580
53 0.125426
54 0.125994
55 0.124716
56 0.124574
57 0.124148
58 0.124006
59 0.123864
60 0.124432
61 0.125426
62 0.124858
63 0.123437
64 0.124148
65 0.124290
66 0.126847
67 0.124858
68 0.125284
69 0.125284
70 0.125426
71 0.125568
72 0.125426
73 0.124858
74 0.124858
75 0.124716
76 0.121875
77 0.122869
78 0.122727
79 0.121875
80 0.121307
81 0.122443
82 0.122443
83 0.122159
84 0.121875
85 0.121733
86 0.121449
87 0.121591
88 0.121733
89 0.121733
90 0.121733
91 0.124574
92 0.123295
93 0.120739
94 0.121733
95 0.121165
96 0.122017
97 0.122585
98 0.121591
99 0.122017
100 0.121591
101 0.121449
102 0.121165
103 0.121733
104 0.121875
105 0.121591
106 0.123153
107 0.121023
108 0.118892
109 0.120597
110 0.119886
111 0.119886
112 0.119744
113 0.119318
114 0.119318
115 0.118892
116 0.118608
117 0.118892
118 0.119886
119 0.120170
120 0.119602
121 0.122301
122 0.122585
123 0.121875
124 0.122727
125 0.122301
126 0.121023
127 0.121307
128 0.120881
129 0.121591
130 0.122159
131 0.121875
132 0.122301
133 0.121875
134 0.121023
135 0.121023
136 0.123011
137 0.120028
138 0.118182
139 0.118608
140 0.118608
141 0.118324
142 0.118608
143 0.118608
144 0.118892
145 0.118750
146 0.118608
147 0.118750
148 0.119602
149 0.118324
150 0.118750
151 0.123722
152 0.123295
153 0.120597
154 0.122301
155 0.121165
156 0.121875
157 0.119318
158 0.121023
159 0.120455
160 0.120881
161 0.120739
162 0.120312
163 0.120881
164 0.120881
165 0.120881
166 0.122869
167 0.119744
168 0.121023
169 0.119176
170 0.118608
171 0.117472
172 0.116761
173 0.117187
174 0.118466
175 0.117614
176 0.116761
177 0.116619
178 0.117045
179 0.117187
180 0.117187
181 0.121733
182 0.123295
183 0.121449
184 0.119744
185 0.120028
186 0.120455
187 0.120881
188 0.119602
189 0.120170
190 0.120028
191 0.120312
192 0.120455
193 0.120312
194 0.119602
195 0.120597
196 0.119886
197 0.119034
198 0.119176
199 0.118324
200 0.118182
201 0.117614
202 0.117187
203 0.118040
204 0.118750
205 0.117045
206 0.117045
207 0.117472
208 0.117472
209 0.118040
210 0.117614
211 0.122301
212 0.123153
213 0.119744
214 0.120455
215 0.119602
216 0.119176
217 0.119602
218 0.120455
219 0.120739
220 0.119744
221 0.119176
222 0.119034
223 0.119460
224 0.119318
225 0.119034
226 0.120739
227 0.120455
228 0.118892
229 0.119176
230 0.117898
231 0.118324
232 0.118324
233 0.118040
234 0.118892
235 0.118182
236 0.117898
237 0.116761
238 0.117045
239 0.117756
240 0.117187
241 0.122017
242 0.123864
243 0.120312
244 0.120739
245 0.120739
246 0.121165
247 0.121023
248 0.119460
249 0.121307
250 0.120739
251 0.121307
252 0.120028
253 0.120028
254 0.119886
255 0.119886
256 0.121875
257 0.120455
258 0.118182
259 0.120597
260 0.119318
261 0.118750
262 0.118466
263 0.117756
264 0.117756
265 0.118892
266 0.118182
267 0.117045
268 0.117045
269 0.117330
270 0.117898
271 0.124432
272 0.123011
273 0.120739
274 0.120312
275 0.120597
276 0.120455
277 0.123011
278 0.120739
279 0.120028
280 0.121307
281 0.121307
282 0.121165
283 0.120739
284 0.120312
285 0.120881
286 0.123580
287 0.122159
288 0.118466
289 0.121875
290 0.120313
291 0.118608
292 0.119318
293 0.118750
294 0.119318
295 0.119034
296 0.118608
297 0.118892
298 0.119176
299 0.118324
300 0.118750
