1 0.230398
2 0.199290
3 0.186506
4 0.183381
5 0.181250
6 0.181250
7 0.180824
8 0.181676
9 0.181108
10 0.181108
11 0.180682
12 0.180966
13 0.180540
14 0.181250
15 0.180540
16 0.179403
17 0.163494
18 0.160653
19 0.160511
20 0.160085
21 0.157955
22 0.159091
23 0.159517
24 0.158949
25 0.158949
26 0.158807
27 0.159233
28 0.158807
29 0.158807
30 0.159091
31 0.152557
32 0.149574
33 0.147159
34 0.148011
35 0.148438
36 0.148864
37 0.149148
38 0.148438
39 0.148295
40 0.148580
41 0.148580
42 0.148295
43 0.148153
44 0.148295
45 0.148295
46 0.147869
47 0.150284
48 0.148153
49 0.146165
50 0.146733
51 0.148295
52 0.148011
53 0.147869
54 0.148011
55 0.148011
56 0.147727
57 0.147585
58 0.147869
59 0.147727
60 0.147869
61 0.146733
62 0.146023
63 0.145739
64 0.145739
65 0.145739
66 0.146307
67 0.146591
68 0.146307
69 0.146165
70 0.146591
71 0.146449
72 0.146449
73 0.146591
74 0.146591
75 0.146591
76 0.147159
77 0.146591
78 0.148153
79 0.148438
80 0.149148
81 0.149148
82 0.149574
83 0.148722
84 0.149148
85 0.149290
86 0.148864
87 0.148864
88 0.148864
89 0.148864
90 0.148864
91 0.148722
92 0.148153
93 0.149290
94 0.147301
95 0.147585
96 0.148438
97 0.147443
98 0.147159
99 0.147301
100 0.147585
101 0.147443
102 0.147869
103 0.147585
104 0.147727
105 0.147727
106 0.147301
107 0.147585
108 0.148580
109 0.150426
110 0.150426
111 0.150284
112 0.149858
113 0.150142
114 0.150710
115 0.150568
116 0.150568
117 0.150426
118 0.150426
119 0.150426
120 0.150710
121 0.149006
122 0.149006
123 0.148295
124 0.146875
125 0.147585
126 0.147301
127 0.147301
128 0.147301
129 0.147869
130 0.147585
131 0.147727
132 0.147443
133 0.147443
134 0.147727
135 0.147585
136 0.147443
137 0.148153
138 0.148011
139 0.148580
140 0.148722
141 0.148438
142 0.148580
143 0.148864
144 0.148580
145 0.148011
146 0.148438
147 0.148580
148 0.148722
149 0.148580
150 0.148580
151 0.150000
152 0.149148
153 0.149290
154 0.149148
155 0.149006
156 0.148722
157 0.148580
158 0.148864
159 0.148722
160 0.148722
161 0.148864
162 0.148864
163 0.148864
164 0.148864
165 0.148722
166 0.147443
167 0.147443
168 0.146591
169 0.147017
170 0.146733
171 0.147727
172 0.147727
173 0.147585
174 0.147727
175 0.147443
176 0.147727
177 0.147585
178 0.147869
179 0.147585
180 0.147443
181 0.147727
182 0.148438
183 0.147727
184 0.146875
185 0.146733
186 0.147443
187 0.147159
188 0.146875
189 0.147017
190 0.147159
191 0.147017
192 0.146733
193 0.146733
194 0.146875
195 0.146591
196 0.147301
197 0.146875
198 0.146733
199 0.147017
200 0.147443
201 0.147159
202 0.147159
203 0.147159
204 0.147301
205 0.147017
206 0.147017
207 0.147301
208 0.147301
209 0.147301
210 0.147301
211 0.147443
212 0.147727
213 0.147443
214 0.147727
215 0.147301
216 0.147301
217 0.147159
218 0.147301
219 0.147443
220 0.147301
221 0.147301
222 0.147443
223 0.147301
224 0.147301
225 0.147443
226 0.147159
227 0.147869
228 0.147727
229 0.148153
230 0.148580
231 0.148438
232 0.147869
233 0.148153
234 0.148011
235 0.148011
236 0.148011
237 0.148153
238 0.148153
239 0.148153
240 0.148153
241 0.146875
242 0.147585
243 0.147585
244 0.147585
245 0.147017
246 0.147159
247 0.147017
248 0.147159
249 0.147159
250 0.147301
251 0.147301
252 0.147301
253 0.147301
254 0.147301
255 0.147301
256 0.148295
257 0.147869
258 0.147301
259 0.147869
260 0.148295
261 0.148011
262 0.147869
263 0.148011
264 0.148011
265 0.148011
266 0.148153
267 0.148153
268 0.148153
269 0.148153
270 0.148153
271 0.148011
272 0.148011
273 0.147443
274 0.147585
275 0.147159
276 0.147443
277 0.147869
278 0.147869
279 0.147585
280 0.147869
281 0.147443
282 0.147585
283 0.147585
284 0.147585
285 0.147585
286 0.147017
287 0.147869
288 0.148011
289 0.147869
290 0.147869
291 0.147869
292 0.147869
293 0.147869
294 0.147869
295 0.148011
296 0.148153
297 0.148153
298 0.148011
299 0.148153
300 0.148153
