1 0.219318
2 0.173722
3 0.160511
4 0.150994
5 0.148722
6 0.149290
7 0.148864
8 0.151563
9 0.151278
10 0.152415
11 0.153409
12 0.154830
13 0.155966
14 0.156534
15 0.157528
16 0.150852
17 0.138210
18 0.132244
19 0.127415
20 0.124574
21 0.125142
22 0.124716
23 0.124290
24 0.122727
25 0.122869
26 0.121875
27 0.120739
28 0.122301
29 0.122585
30 0.121307
31 0.111364
32 0.107244
33 0.102273
34 0.103267
35 0.104972
36 0.104403
37 0.103267
38 0.102415
39 0.104119
40 0.103267
41 0.102273
42 0.103551
43 0.104972
44 0.104261
45 0.104830
46 0.091193
47 0.091477
48 0.087074
49 0.081534
50 0.079830
51 0.079830
52 0.079972
53 0.079261
54 0.079545
55 0.077415
56 0.077699
57 0.075568
58 0.077699
59 0.078977
60 0.078409
61 0.071165
62 0.070312
63 0.069318
64 0.069176
65 0.070312
66 0.069460
67 0.069886
68 0.068608
69 0.069744
70 0.069602
71 0.068466
72 0.067898
73 0.068466
74 0.069602
75 0.069034
76 0.061648
77 0.058381
78 0.054972
79 0.056676
80 0.055540
81 0.057102
82 0.056676
83 0.057244
84 0.055824
85 0.057528
86 0.057102
87 0.055256
88 0.055114
89 0.054403
90 0.056676
91 0.053267
92 0.049006
93 0.047443
94 0.043324
95 0.041477
96 0.043892
97 0.044602
98 0.045881
99 0.047727
100 0.047443
101 0.044744
102 0.046307
103 0.045312
104 0.044460
105 0.043750
106 0.039631
107 0.037784
108 0.036222
109 0.034091
110 0.032955
111 0.032102
112 0.033523
113 0.031818
114 0.033097
115 0.033239
116 0.033097
117 0.033665
118 0.034375
119 0.032528
120 0.034375
121 0.030398
122 0.028693
123 0.028693
124 0.026420
125 0.024574
126 0.026136
127 0.024574
128 0.024006
129 0.023864
130 0.024148
131 0.023722
132 0.024290
133 0.024432
134 0.023580
135 0.023153
136 0.021733
137 0.020170
138 0.019460
139 0.019176
140 0.017045
141 0.018040
142 0.016903
143 0.019602
144 0.017614
145 0.016761
146 0.018040
147 0.017472
148 0.017756
149 0.018750
150 0.017756
151 0.015625
152 0.016903
153 0.017614
154 0.016761
155 0.015909
156 0.013494
157 0.014062
158 0.015483
159 0.014773
160 0.014063
161 0.014915
162 0.016051
163 0.016477
164 0.014773
165 0.014347
166 0.016619
167 0.016903
168 0.013920
169 0.014205
170 0.015625
171 0.015341
172 0.014489
173 0.014489
174 0.014489
175 0.015483
176 0.014631
177 0.014773
178 0.015625
179 0.016051
180 0.013920
181 0.014489
182 0.013210
183 0.013352
184 0.014062
185 0.014773
186 0.014915
187 0.014631
188 0.014205
189 0.013352
190 0.013778
191 0.014205
192 0.014489
193 0.014915
194 0.016477
195 0.016051
196 0.017045
197 0.015625
198 0.016193
199 0.016903
200 0.016335
201 0.015341
202 0.015909
203 0.015483
204 0.015625
205 0.015625
206 0.016051
207 0.015767
208 0.015199
209 0.014773
210 0.016477
211 0.015909
212 0.016477
213 0.015625
214 0.015483
215 0.014205
216 0.015483
217 0.014773
218 0.014347
219 0.014205
220 0.014062
221 0.014062
222 0.014063
223 0.015625
224 0.015483
225 0.015341
226 0.016051
227 0.016193
228 0.017187
229 0.017756
230 0.016193
231 0.017898
232 0.017898
233 0.017187
234 0.015057
235 0.016335
236 0.016193
237 0.013778
238 0.014205
239 0.013494
240 0.014915
241 0.014205
242 0.015625
243 0.013636
244 0.015625
245 0.015341
246 0.014915
247 0.014205
248 0.015341
249 0.015341
250 0.014915
251 0.015341
252 0.015909
253 0.016477
254 0.017330
255 0.014631
256 0.014773
257 0.014915
258 0.015341
259 0.015483
260 0.014915
261 0.014205
262 0.014773
263 0.015625
264 0.014773
265 0.015483
266 0.014631
267 0.015341
268 0.015199
269 0.014205
270 0.014631
271 0.014773
272 0.014631
273 0.014489
274 0.013068
275 0.014489
276 0.014347
277 0.015057
278 0.011506
279 0.013778
280 0.013920
281 0.012926
282 0.013210
283 0.014205
284 0.013210
285 0.013352
286 0.012784
287 0.014773
288 0.013778
289 0.015057
290 0.015909
291 0.016335
292 0.017472
293 0.016193
294 0.015199
295 0.014631
296 0.014489
297 0.015483
298 0.012784
299 0.013494
300 0.014205
