1 0.215199
2 0.178835
3 0.161506
4 0.155398
5 0.149716
6 0.148438
7 0.149858
8 0.149574
9 0.150284
10 0.150000
11 0.150142
12 0.150142
13 0.150568
14 0.150568
15 0.151705
16 0.143608
17 0.124858
18 0.122159
19 0.119602
20 0.113920
21 0.113352
22 0.114915
23 0.111790
24 0.109375
25 0.113352
26 0.114205
27 0.112784
28 0.112074
29 0.112642
30 0.113210
31 0.095739
32 0.087784
33 0.084233
34 0.083523
35 0.080966
36 0.081392
37 0.081392
38 0.081392
39 0.082670
40 0.082528
41 0.081818
42 0.081818
43 0.081676
44 0.079972
45 0.080682
46 0.069886
47 0.061080
48 0.055824
49 0.055114
50 0.055256
51 0.056392
52 0.057670
53 0.059091
54 0.059943
55 0.062926
56 0.061932
57 0.063210
58 0.061222
59 0.061222
60 0.060085
61 0.052983
62 0.045455
63 0.043466
64 0.038920
65 0.037500
66 0.037074
67 0.038210
68 0.039773
69 0.038494
70 0.039205
71 0.038352
72 0.041761
73 0.043182
74 0.044886
75 0.041477
76 0.036932
77 0.033239
78 0.026562
79 0.024858
80 0.023011
81 0.025142
82 0.020881
83 0.021591
84 0.022443
85 0.024148
86 0.023153
87 0.024574
88 0.022869
89 0.023722
90 0.024858
91 0.019744
92 0.015483
93 0.017045
94 0.016903
95 0.013778
96 0.013778
97 0.014062
98 0.011648
99 0.011080
100 0.010085
101 0.010369
102 0.009943
103 0.009091
104 0.009375
105 0.008807
106 0.007813
107 0.006818
108 0.005540
109 0.004545
110 0.004545
111 0.004972
112 0.003977
113 0.004972
114 0.004119
115 0.003693
116 0.003977
117 0.003551
118 0.004261
119 0.004403
120 0.003835
121 0.002983
122 0.003267
123 0.003835
124 0.002983
125 0.002273
126 0.002557
127 0.002273
128 0.002983
129 0.001563
130 0.001847
131 0.001989
132 0.002273
133 0.001989
134 0.002415
135 0.001989
136 0.001563
137 0.001136
138 0.000994
139 0.001420
140 0.001136
141 0.001136
142 0.000710
143 0.000852
144 0.000710
145 0.001420
146 0.001278
147 0.000994
148 0.000284
149 0.001136
150 0.001420
151 0.000994
152 0.000568
153 0.001136
154 0.001278
155 0.000852
156 0.000710
157 0.001278
158 0.001563
159 0.000852
160 0.000568
161 0.001420
162 0.001563
163 0.000994
164 0.000852
165 0.000710
166 0.001136
167 0.001563
168 0.000994
169 0.000710
170 0.001420
171 0.000994
172 0.000994
173 0.000852
174 0.001278
175 0.001136
176 0.001278
177 0.000852
178 0.000710
179 0.001420
180 0.001136
181 0.001136
182 0.000994
183 0.001278
184 0.000994
185 0.001278
186 0.001705
187 0.000994
188 0.000568
189 0.001136
190 0.001563
191 0.001278
192 0.001278
193 0.000568
194 0.001136
195 0.001705
196 0.001278
197 0.000710
198 0.001278
199 0.001705
200 0.000852
201 0.000568
202 0.001278
203 0.001563
204 0.000994
205 0.001136
206 0.000852
207 0.000852
208 0.001278
209 0.001136
210 0.001278
211 0.001420
212 0.001136
213 0.001136
214 0.001278
215 0.001136
216 0.001278
217 0.001278
218 0.000994
219 0.000852
220 0.000852
221 0.001705
222 0.001278
223 0.000994
224 0.000568
225 0.000994
226 0.001278
227 0.001420
228 0.000994
229 0.001136
230 0.001705
231 0.001278
232 0.000710
233 0.001136
234 0.001563
235 0.001278
236 0.000852
237 0.000852
238 0.001278
239 0.001563
240 0.000994
241 0.000994
242 0.001420
243 0.001136
244 0.000710
245 0.001563
246 0.000994
247 0.001136
248 0.000710
249 0.000994
250 0.001136
251 0.001420
252 0.000426
253 0.000994
254 0.001278
255 0.001278
256 0.000568
257 0.001136
258 0.000994
259 0.001563
260 0.000568
261 0.000994
262 0.000852
263 0.001420
264 0.000710
265 0.001136
266 0.000852
267 0.001563
268 0.000568
269 0.000994
270 0.000994
271 0.001420
272 0.001136
273 0.000568
274 0.001136
275 0.001420
276 0.001136
277 0.001136
278 0.000852
279 0.000994
280 0.001420
281 0.001420
282 0.000710
283 0.000852
284 0.001278
285 0.000994
286 0.001278
287 0.001278
288 0.001136
289 0.000994
290 0.001278
291 0.000710
292 0.000852
293 0.001278
294 0.000994
295 0.001136
296 0.000994
297 0.000852
298 0.001136
299 0.001136
300 0.000852
