1 0.217756
2 0.173153
3 0.154545
4 0.145597
5 0.144460
6 0.142330
7 0.142614
8 0.139773
9 0.139347
10 0.139915
11 0.140057
12 0.139631
13 0.139773
14 0.140341
15 0.140341
16 0.126989
17 0.111080
18 0.100852
19 0.100142
20 0.102415
21 0.102557
22 0.099148
23 0.099290
24 0.099290
25 0.099716
26 0.095739
27 0.094886
28 0.093892
29 0.092614
30 0.094460
31 0.080824
32 0.066477
33 0.059517
34 0.054972
35 0.053409
36 0.054119
37 0.059091
38 0.058097
39 0.055540
40 0.056392
41 0.053977
42 0.054545
43 0.059091
44 0.059801
45 0.056534
46 0.049858
47 0.040341
48 0.038636
49 0.033665
50 0.035653
51 0.034375
52 0.034091
53 0.033523
54 0.032955
55 0.033665
56 0.033097
57 0.034517
58 0.031534
59 0.033097
60 0.032812
61 0.026278
62 0.021449
63 0.018892
64 0.016193
65 0.015199
66 0.016761
67 0.014347
68 0.013494
69 0.011790
70 0.011222
71 0.012358
72 0.013068
73 0.011648
74 0.011790
75 0.008949
76 0.007528
77 0.006960
78 0.006392
79 0.006534
80 0.005966
81 0.004972
82 0.004545
83 0.004688
84 0.004830
85 0.004830
86 0.005398
87 0.005114
88 0.004261
89 0.004545
90 0.005114
91 0.004403
92 0.004688
93 0.004261
94 0.003977
95 0.004261
96 0.003835
97 0.003125
98 0.003125
99 0.002699
100 0.003267
101 0.002273
102 0.001847
103 0.001847
104 0.002273
105 0.001847
106 0.001278
107 0.001278
108 0.001278
109 0.001989
110 0.001563
111 0.001562
112 0.001562
113 0.002415
114 0.001989
115 0.001705
116 0.001420
117 0.001136
118 0.001136
119 0.001989
120 0.001278
121 0.001278
122 0.000568
123 0.000426
124 0.001847
125 0.000852
126 0.000426
127 0.000142
128 0.000994
129 0.001136
130 0.000568
131 0.000568
132 0.000994
133 0.000710
134 0.000710
135 0.000568
136 0.001136
137 0.000852
138 0.000852
139 0.000426
140 0.000568
141 0.001420
142 0.000568
143 0.000284
144 0.000284
145 0.001278
146 0.001136
147 0.000284
148 0.000568
149 0.001136
150 0.000994
151 0.000568
152 0.000710
153 0.001136
154 0.000994
155 0.000994
156 0.000710
157 0.000852
158 0.000994
159 0.000568
160 0.000710
161 0.001420
162 0.000994
163 0.000568
164 0.000284
165 0.001136
166 0.001136
167 0.000426
168 0.000284
169 0.000710
170 0.000994
171 0.000426
172 0.000426
173 0.000426
174 0.000994
175 0.000852
176 0.000284
177 0.000710
178 0.000994
179 0.000284
180 0.000710
181 0.000852
182 0.000852
183 0.000426
184 0.000852
185 0.000852
186 0.000852
187 0.000710
188 0.000284
189 0.000994
190 0.001278
191 0.000426
192 0.000426
193 0.000852
194 0.000852
195 0.000852
196 0.000426
197 0.000568
198 0.000852
199 0.000710
200 0.000852
201 0.000568
202 0.000852
203 0.000426
204 0.001136
205 0.000568
206 0.000852
207 0.000710
208 0.000568
209 0.001136
210 0.000710
211 0.000426
212 0.000994
213 0.001278
214 0.000852
215 0.000568
216 0.000710
217 0.000994
218 0.000994
219 0.000994
220 0.000568
221 0.000994
222 0.000994
223 0.000994
224 0.001136
225 0.000710
226 0.000568
227 0.000994
228 0.000852
229 0.000710
230 0.000852
231 0.000568
232 0.000994
233 0.000994
234 0.000568
235 0.000568
236 0.001136
237 0.000852
238 0.000568
239 0.000710
240 0.000710
241 0.000852
242 0.001136
243 0.000284
244 0.000994
245 0.000994
246 0.000852
247 0.000568
248 0.000710
249 0.001136
250 0.000568
251 0.000426
252 0.000710
253 0.000994
254 0.001136
255 0.000568
256 0.000710
257 0.001136
258 0.000568
259 0.000284
260 0.000426
261 0.001278
262 0.000852
263 0.000568
264 0.000426
265 0.001136
266 0.000852
267 0.000568
268 0.001136
269 0.000994
270 0.000710
271 0.000142
272 0.000710
273 0.001420
274 0.000994
275 0.000426
276 0.000710
277 0.000994
278 0.000994
279 0.000568
280 0.000568
281 0.001420
282 0.000426
283 0.000852
284 0.000710
285 0.001136
286 0.000568
287 0.000994
288 0.000852
289 0.000852
290 0.000710
291 0.000426
292 0.000994
293 0.000994
294 0.000426
295 0.000568
296 0.000710
297 0.001136
298 0.000426
299 0.000568
300 0.000710
