1 0.470845
2 0.360992
3 0.301475
4 0.275470
5 0.261761
6 0.253862
7 0.250367
8 0.248498
9 0.247383
10 0.246743
11 0.246487
12 0.246303
13 0.246054
14 0.245914
15 0.245909
16 0.275330
17 0.212860
18 0.203227
19 0.199405
20 0.195494
21 0.194414
22 0.194026
23 0.193572
24 0.193229
25 0.193060
26 0.192964
27 0.192879
28 0.192818
29 0.192783
30 0.192759
31 0.185810
32 0.179964
33 0.178814
34 0.178559
35 0.178412
36 0.178302
37 0.178229
38 0.178218
39 0.178217
40 0.178190
41 0.178171
42 0.178177
43 0.178188
44 0.178194
45 0.178198
46 0.172951
47 0.170624
48 0.169632
49 0.169120
50 0.168818
51 0.168662
52 0.168588
53 0.168569
54 0.168572
55 0.168573
56 0.168569
57 0.168566
58 0.168567
59 0.168569
60 0.168570
61 0.168175
62 0.167587
63 0.167465
64 0.167590
65 0.167621
66 0.167613
67 0.167602
68 0.167578
69 0.167552
70 0.167533
71 0.167521
72 0.167514
73 0.167510
74 0.167508
75 0.167508
76 0.165436
77 0.165104
78 0.164756
79 0.164407
80 0.164241
81 0.164211
82 0.164215
83 0.164215
84 0.164216
85 0.164222
86 0.164227
87 0.164229
88 0.164231
89 0.164233
90 0.164233
91 0.164255
92 0.163959
93 0.163847
94 0.163899
95 0.163912
96 0.163922
97 0.163925
98 0.163919
99 0.163916
100 0.163914
101 0.163910
102 0.163905
103 0.163903
104 0.163903
105 0.163903
106 0.162391
107 0.162076
108 0.161810
109 0.161540
110 0.161400
111 0.161360
112 0.161351
113 0.161343
114 0.161338
115 0.161340
116 0.161342
117 0.161344
118 0.161345
119 0.161346
120 0.161346
121 0.161323
122 0.161159
123 0.161103
124 0.161157
125 0.161184
126 0.161195
127 0.161198
128 0.161196
129 0.161198
130 0.161199
131 0.161197
132 0.161195
133 0.161194
134 0.161193
135 0.161193
136 0.160044
137 0.159748
138 0.159574
139 0.159409
140 0.159309
141 0.159273
142 0.159265
143 0.159259
144 0.159254
145 0.159253
146 0.159254
147 0.159254
148 0.159255
149 0.159255
150 0.159256
151 0.159314
152 0.159280
153 0.159260
154 0.159309
155 0.159341
156 0.159353
157 0.159355
158 0.159355
159 0.159358
160 0.159361
161 0.159360
162 0.159359
163 0.159358
164 0.159358
165 0.159358
166 0.158488
167 0.158251
168 0.158151
169 0.158052
170 0.157977
171 0.157947
172 0.157941
173 0.157937
174 0.157933
175 0.157931
176 0.157930
177 0.157930
178 0.157931
179 0.157931
180 0.157931
181 0.158074
182 0.158122
183 0.158120
184 0.158159
185 0.158190
186 0.158203
187 0.158206
188 0.158208
189 0.158211
190 0.158213
191 0.158213
192 0.158212
193 0.158212
194 0.158211
195 0.158211
196 0.157502
197 0.157296
198 0.157238
199 0.157181
200 0.157125
201 0.157102
202 0.157098
203 0.157095
204 0.157091
205 0.157088
206 0.157087
207 0.157087
208 0.157087
209 0.157087
210 0.157087
211 0.157269
212 0.157339
213 0.157336
214 0.157365
215 0.157394
216 0.157410
217 0.157414
218 0.157416
219 0.157420
220 0.157422
221 0.157422
222 0.157421
223 0.157421
224 0.157420
225 0.157420
226 0.156829
227 0.156645
228 0.156619
229 0.156592
230 0.156550
231 0.156533
232 0.156531
233 0.156529
234 0.156524
235 0.156521
236 0.156520
237 0.156519
238 0.156519
239 0.156519
240 0.156520
241 0.156755
242 0.156842
243 0.156841
244 0.156862
245 0.156890
246 0.156906
247 0.156912
248 0.156914
249 0.156917
250 0.156919
251 0.156919
252 0.156919
253 0.156919
254 0.156918
255 0.156918
256 0.156445
257 0.156299
258 0.156302
259 0.156295
260 0.156263
261 0.156249
262 0.156248
263 0.156246
264 0.156242
265 0.156239
266 0.156238
267 0.156237
268 0.156237
269 0.156237
270 0.156237
271 0.156534
272 0.156636
273 0.156639
274 0.156658
275 0.156683
276 0.156700
277 0.156706
278 0.156708
279 0.156711
280 0.156713
281 0.156713
282 0.156713
283 0.156713
284 0.156713
285 0.156712
286 0.156348
287 0.156244
288 0.156271
289 0.156279
290 0.156253
291 0.156242
292 0.156241
293 0.156239
294 0.156235
295 0.156232
296 0.156231
297 0.156230
298 0.156230
299 0.156230
300 0.156231
