1 0.427203
2 0.326309
3 0.273499
4 0.248827
5 0.234849
6 0.227074
7 0.224207
8 0.222657
9 0.221223
10 0.220164
11 0.219755
12 0.219586
13 0.219359
14 0.219280
15 0.219330
16 0.261390
17 0.211588
18 0.199445
19 0.195808
20 0.191403
21 0.189802
22 0.188994
23 0.188005
24 0.187404
25 0.187241
26 0.187228
27 0.187268
28 0.187359
29 0.187476
30 0.187586
31 0.173055
32 0.162550
33 0.158695
34 0.157001
35 0.156042
36 0.155698
37 0.155570
38 0.155573
39 0.155641
40 0.155681
41 0.155697
42 0.155717
43 0.155737
44 0.155747
45 0.155747
46 0.144840
47 0.139767
48 0.137402
49 0.136336
50 0.135744
51 0.135577
52 0.135554
53 0.135490
54 0.135415
55 0.135381
56 0.135383
57 0.135393
58 0.135396
59 0.135395
60 0.135394
61 0.126841
62 0.123716
63 0.122807
64 0.122647
65 0.122603
66 0.122579
67 0.122556
68 0.122545
69 0.122567
70 0.122591
71 0.122595
72 0.122593
73 0.122594
74 0.122597
75 0.122598
76 0.115174
77 0.113343
78 0.112807
79 0.112316
80 0.112032
81 0.112030
82 0.112066
83 0.112063
84 0.112055
85 0.112054
86 0.112059
87 0.112062
88 0.112060
89 0.112058
90 0.112058
91 0.107228
92 0.105610
93 0.105321
94 0.105458
95 0.105480
96 0.105458
97 0.105460
98 0.105462
99 0.105460
100 0.105455
101 0.105445
102 0.105439
103 0.105438
104 0.105438
105 0.105438
106 0.100831
107 0.099989
108 0.099822
109 0.099646
110 0.099625
111 0.099697
112 0.099727
113 0.099739
114 0.099758
115 0.099773
116 0.099786
117 0.099794
118 0.099798
119 0.099799
120 0.099800
121 0.096229
122 0.094946
123 0.094746
124 0.095003
125 0.095134
126 0.095161
127 0.095201
128 0.095220
129 0.095217
130 0.095214
131 0.095210
132 0.095207
133 0.095207
134 0.095208
135 0.095208
136 0.091986
137 0.091512
138 0.091633
139 0.091809
140 0.091998
141 0.092112
142 0.092175
143 0.092231
144 0.092272
145 0.092296
146 0.092312
147 0.092322
148 0.092326
149 0.092328
150 0.092329
151 0.089307
152 0.088309
153 0.088330
154 0.088689
155 0.088881
156 0.088962
157 0.089047
158 0.089093
159 0.089104
160 0.089109
161 0.089111
162 0.089111
163 0.089114
164 0.089116
165 0.089116
166 0.086142
167 0.085725
168 0.086218
169 0.086791
170 0.087189
171 0.087404
172 0.087533
173 0.087628
174 0.087693
175 0.087732
176 0.087756
177 0.087769
178 0.087776
179 0.087779
180 0.087781
181 0.084697
182 0.083698
183 0.083886
184 0.084355
185 0.084629
186 0.084799
187 0.084946
188 0.085030
189 0.085067
190 0.085089
191 0.085100
192 0.085105
193 0.085111
194 0.085115
195 0.085117
196 0.082561
197 0.082291
198 0.083025
199 0.083862
200 0.084443
201 0.084795
202 0.085030
203 0.085193
204 0.085295
205 0.085358
206 0.085397
207 0.085419
208 0.085431
209 0.085438
210 0.085443
211 0.082063
212 0.080907
213 0.081162
214 0.081759
215 0.082174
216 0.082453
217 0.082668
218 0.082803
219 0.082878
220 0.082921
221 0.082945
222 0.082960
223 0.082972
224 0.082981
225 0.082985
226 0.080073
227 0.079592
228 0.080406
229 0.081481
230 0.082271
231 0.082766
232 0.083114
233 0.083347
234 0.083482
235 0.083562
236 0.083614
237 0.083645
238 0.083661
239 0.083672
240 0.083679
241 0.079817
242 0.078412
243 0.078691
244 0.079410
245 0.079945
246 0.080309
247 0.080590
248 0.080778
249 0.080887
250 0.080949
251 0.080985
252 0.081009
253 0.081027
254 0.081040
255 0.081047
256 0.078053
257 0.077270
258 0.078091
259 0.079343
260 0.080262
261 0.080834
262 0.081257
263 0.081535
264 0.081686
265 0.081774
266 0.081831
267 0.081865
268 0.081885
269 0.081897
270 0.081905
271 0.077957
272 0.076491
273 0.076814
274 0.077599
275 0.078172
276 0.078548
277 0.078844
278 0.079041
279 0.079155
280 0.079221
281 0.079262
282 0.079287
283 0.079304
284 0.079317
285 0.079325
286 0.076596
287 0.075785
288 0.076636
289 0.077945
290 0.078883
291 0.079452
292 0.079858
293 0.080107
294 0.080232
295 0.080300
296 0.080343
297 0.080366
298 0.080379
299 0.080387
300 0.080392
