1 0.014465
2 0.010694
3 0.008462
4 0.007483
5 0.006898
6 0.006623
7 0.006520
8 0.006426
9 0.006352
10 0.006329
11 0.006320
12 0.006299
13 0.006286
14 0.006283
15 0.006278
16 0.006752
17 0.005674
18 0.005378
19 0.005223
20 0.005161
21 0.005116
22 0.005072
23 0.005070
24 0.005079
25 0.005075
26 0.005068
27 0.005067
28 0.005070
29 0.005071
30 0.005072
31 0.004519
32 0.004218
33 0.004137
34 0.004118
35 0.004100
36 0.004083
37 0.004073
38 0.004063
39 0.004057
40 0.004055
41 0.004055
42 0.004054
43 0.004054
44 0.004054
45 0.004054
46 0.003740
47 0.003595
48 0.003532
49 0.003504
50 0.003490
51 0.003481
52 0.003476
53 0.003475
54 0.003476
55 0.003476
56 0.003476
57 0.003476
58 0.003476
59 0.003476
60 0.003476
61 0.003353
62 0.003290
63 0.003282
64 0.003295
65 0.003298
66 0.003297
67 0.003297
68 0.003295
69 0.003295
70 0.003295
71 0.003295
72 0.003294
73 0.003294
74 0.003294
75 0.003294
76 0.003179
77 0.003125
78 0.003109
79 0.003102
80 0.003097
81 0.003095
82 0.003094
83 0.003094
84 0.003094
85 0.003094
86 0.003094
87 0.003094
88 0.003094
89 0.003094
90 0.003094
91 0.003004
92 0.002982
93 0.002977
94 0.002975
95 0.002976
96 0.002977
97 0.002978
98 0.002977
99 0.002976
100 0.002976
101 0.002976
102 0.002976
103 0.002976
104 0.002976
105 0.002976
106 0.002928
107 0.002922
108 0.002923
109 0.002919
110 0.002917
111 0.002917
112 0.002917
113 0.002917
114 0.002917
115 0.002917
116 0.002917
117 0.002917
118 0.002917
119 0.002917
120 0.002917
121 0.002848
122 0.002839
123 0.002841
124 0.002839
125 0.002839
126 0.002839
127 0.002839
128 0.002839
129 0.002839
130 0.002839
131 0.002839
132 0.002839
133 0.002839
134 0.002839
135 0.002839
136 0.002804
137 0.002797
138 0.002799
139 0.002799
140 0.002797
141 0.002797
142 0.002796
143 0.002796
144 0.002796
145 0.002796
146 0.002797
147 0.002797
148 0.002797
149 0.002797
150 0.002797
151 0.002754
152 0.002739
153 0.002734
154 0.002732
155 0.002732
156 0.002731
157 0.002731
158 0.002731
159 0.002731
160 0.002731
161 0.002731
162 0.002731
163 0.002731
164 0.002731
165 0.002731
166 0.002715
167 0.002710
168 0.002709
169 0.002708
170 0.002708
171 0.002708
172 0.002708
173 0.002708
174 0.002708
175 0.002708
176 0.002708
177 0.002708
178 0.002708
179 0.002708
180 0.002708
181 0.002684
182 0.002680
183 0.002678
184 0.002676
185 0.002676
186 0.002676
187 0.002676
188 0.002675
189 0.002675
190 0.002675
191 0.002675
192 0.002675
193 0.002675
194 0.002675
195 0.002675
196 0.002674
197 0.002671
198 0.002670
199 0.002670
200 0.002671
201 0.002671
202 0.002671
203 0.002671
204 0.002671
205 0.002671
206 0.002671
207 0.002671
208 0.002671
209 0.002671
210 0.002671
211 0.002664
212 0.002663
213 0.002661
214 0.002659
215 0.002659
216 0.002658
217 0.002658
218 0.002658
219 0.002658
220 0.002658
221 0.002658
222 0.002658
223 0.002658
224 0.002658
225 0.002658
226 0.002662
227 0.002660
228 0.002660
229 0.002662
230 0.002663
231 0.002663
232 0.002664
233 0.002664
234 0.002664
235 0.002664
236 0.002664
237 0.002663
238 0.002663
239 0.002663
240 0.002663
241 0.002662
242 0.002659
243 0.002658
244 0.002658
245 0.002658
246 0.002658
247 0.002658
248 0.002658
249 0.002658
250 0.002658
251 0.002658
252 0.002658
253 0.002658
254 0.002658
255 0.002658
256 0.002662
257 0.002667
258 0.002669
259 0.002669
260 0.002669
261 0.002669
262 0.002669
263 0.002669
264 0.002669
265 0.002669
266 0.002669
267 0.002669
268 0.002669
269 0.002669
270 0.002669
271 0.002664
272 0.002661
273 0.002661
274 0.002661
275 0.002661
276 0.002661
277 0.002660
278 0.002660
279 0.002660
280 0.002660
281 0.002660
282 0.002660
283 0.002660
284 0.002660
285 0.002660
286 0.002667
287 0.002667
288 0.002667
289 0.002667
290 0.002668
291 0.002668
292 0.002668
293 0.002668
294 0.002668
295 0.002668
296 0.002668
297 0.002668
298 0.002668
299 0.002668
300 0.002668
