1 0.014539
2 0.010831
3 0.008832
4 0.007642
5 0.007060
6 0.006674
7 0.006436
8 0.006281
9 0.006178
10 0.006091
11 0.006040
12 0.006023
13 0.006013
14 0.005998
15 0.005990
16 0.006697
17 0.005214
18 0.005035
19 0.004977
20 0.004736
21 0.004701
22 0.004650
23 0.004573
24 0.004551
25 0.004536
26 0.004512
27 0.004501
28 0.004495
29 0.004489
30 0.004486
31 0.003794
32 0.003492
33 0.003342
34 0.003281
35 0.003257
36 0.003249
37 0.003248
38 0.003248
39 0.003248
40 0.003251
41 0.003254
42 0.003256
43 0.003258
44 0.003258
45 0.003259
46 0.002862
47 0.002672
48 0.002612
49 0.002583
50 0.002552
51 0.002542
52 0.002541
53 0.002537
54 0.002533
55 0.002532
56 0.002532
57 0.002532
58 0.002532
59 0.002532
60 0.002532
61 0.002165
62 0.002041
63 0.001984
64 0.001967
65 0.001961
66 0.001956
67 0.001955
68 0.001954
69 0.001953
70 0.001953
71 0.001953
72 0.001953
73 0.001953
74 0.001953
75 0.001953
76 0.001678
77 0.001577
78 0.001523
79 0.001508
80 0.001501
81 0.001496
82 0.001495
83 0.001494
84 0.001495
85 0.001495
86 0.001495
87 0.001495
88 0.001495
89 0.001495
90 0.001495
91 0.001255
92 0.001145
93 0.001089
94 0.001072
95 0.001067
96 0.001065
97 0.001065
98 0.001065
99 0.001065
100 0.001065
101 0.001065
102 0.001065
103 0.001065
104 0.001065
105 0.001065
106 0.000889
107 0.000829
108 0.000812
109 0.000808
110 0.000808
111 0.000808
112 0.000808
113 0.000808
114 0.000808
115 0.000808
116 0.000808
117 0.000808
118 0.000808
119 0.000808
120 0.000808
121 0.000722
122 0.000690
123 0.000681
124 0.000679
125 0.000680
126 0.000681
127 0.000681
128 0.000680
129 0.000680
130 0.000680
131 0.000680
132 0.000680
133 0.000680
134 0.000680
135 0.000680
136 0.000665
137 0.000660
138 0.000661
139 0.000660
140 0.000660
141 0.000660
142 0.000660
143 0.000660
144 0.000660
145 0.000660
146 0.000660
147 0.000660
148 0.000660
149 0.000660
150 0.000660
151 0.000658
152 0.000658
153 0.000655
154 0.000654
155 0.000653
156 0.000653
157 0.000653
158 0.000653
159 0.000653
160 0.000653
161 0.000653
162 0.000653
163 0.000653
164 0.000653
165 0.000653
166 0.000653
167 0.000654
168 0.000653
169 0.000653
170 0.000653
171 0.000653
172 0.000653
173 0.000653
174 0.000653
175 0.000653
176 0.000653
177 0.000653
178 0.000653
179 0.000653
180 0.000653
181 0.000652
182 0.000652
183 0.000652
184 0.000652
185 0.000652
186 0.000652
187 0.000652
188 0.000652
189 0.000652
190 0.000652
191 0.000652
192 0.000652
193 0.000652
194 0.000652
195 0.000652
196 0.000656
197 0.000658
198 0.000659
199 0.000660
200 0.000660
201 0.000660
202 0.000660
203 0.000660
204 0.000660
205 0.000660
206 0.000660
207 0.000660
208 0.000660
209 0.000660
210 0.000660
211 0.000656
212 0.000654
213 0.000650
214 0.000649
215 0.000649
216 0.000649
217 0.000649
218 0.000649
219 0.000649
220 0.000649
221 0.000649
222 0.000649
223 0.000649
224 0.000649
225 0.000649
226 0.000650
227 0.000649
228 0.000652
229 0.000652
230 0.000652
231 0.000652
232 0.000652
233 0.000652
234 0.000652
235 0.000652
236 0.000652
237 0.000652
238 0.000652
239 0.000652
240 0.000652
241 0.000655
242 0.000657
243 0.000655
244 0.000655
245 0.000655
246 0.000655
247 0.000655
248 0.000655
249 0.000655
250 0.000655
251 0.000655
252 0.000655
253 0.000655
254 0.000655
255 0.000655
256 0.000658
257 0.000657
258 0.000658
259 0.000659
260 0.000659
261 0.000659
262 0.000659
263 0.000659
264 0.000659
265 0.000659
266 0.000659
267 0.000659
268 0.000659
269 0.000659
270 0.000659
271 0.000655
272 0.000655
273 0.000653
274 0.000653
275 0.000653
276 0.000653
277 0.000653
278 0.000653
279 0.000653
280 0.000653
281 0.000653
282 0.000653
283 0.000653
284 0.000653
285 0.000653
286 0.000660
287 0.000658
288 0.000659
289 0.000658
290 0.000658
291 0.000658
292 0.000658
293 0.000658
294 0.000658
295 0.000658
296 0.000658
297 0.000658
298 0.000658
299 0.000658
300 0.000658
