1 0.013114
2 0.009904
3 0.008382
4 0.007479
5 0.006973
6 0.006725
7 0.006693
8 0.006649
9 0.006574
10 0.006529
11 0.006520
12 0.006513
13 0.006502
14 0.006498
15 0.006500
16 0.007263
17 0.006044
18 0.005801
19 0.005651
20 0.005555
21 0.005508
22 0.005471
23 0.005457
24 0.005443
25 0.005437
26 0.005443
27 0.005447
28 0.005449
29 0.005454
30 0.005459
31 0.005216
32 0.004839
33 0.004629
34 0.004579
35 0.004573
36 0.004576
37 0.004582
38 0.004586
39 0.004587
40 0.004589
41 0.004591
42 0.004591
43 0.004592
44 0.004593
45 0.004593
46 0.004312
47 0.004149
48 0.004081
49 0.004055
50 0.004036
51 0.004031
52 0.004028
53 0.004026
54 0.004025
55 0.004025
56 0.004026
57 0.004026
58 0.004026
59 0.004026
60 0.004026
61 0.003822
62 0.003725
63 0.003677
64 0.003671
65 0.003671
66 0.003672
67 0.003676
68 0.003676
69 0.003676
70 0.003676
71 0.003676
72 0.003675
73 0.003675
74 0.003675
75 0.003675
76 0.003464
77 0.003398
78 0.003369
79 0.003358
80 0.003352
81 0.003348
82 0.003348
83 0.003351
84 0.003352
85 0.003352
86 0.003353
87 0.003353
88 0.003353
89 0.003353
90 0.003353
91 0.003214
92 0.003174
93 0.003168
94 0.003174
95 0.003168
96 0.003164
97 0.003166
98 0.003167
99 0.003166
100 0.003166
101 0.003165
102 0.003165
103 0.003165
104 0.003165
105 0.003165
106 0.003033
107 0.002997
108 0.002977
109 0.002970
110 0.002973
111 0.002974
112 0.002975
113 0.002976
114 0.002978
115 0.002979
116 0.002979
117 0.002980
118 0.002980
119 0.002980
120 0.002980
121 0.002881
122 0.002847
123 0.002842
124 0.002849
125 0.002848
126 0.002846
127 0.002848
128 0.002848
129 0.002847
130 0.002847
131 0.002846
132 0.002846
133 0.002846
134 0.002846
135 0.002846
136 0.002755
137 0.002734
138 0.002727
139 0.002732
140 0.002741
141 0.002743
142 0.002744
143 0.002747
144 0.002748
145 0.002749
146 0.002750
147 0.002750
148 0.002750
149 0.002751
150 0.002751
151 0.002669
152 0.002639
153 0.002643
154 0.002648
155 0.002647
156 0.002648
157 0.002650
158 0.002651
159 0.002650
160 0.002650
161 0.002650
162 0.002650
163 0.002650
164 0.002650
165 0.002650
166 0.002558
167 0.002543
168 0.002552
169 0.002570
170 0.002583
171 0.002587
172 0.002590
173 0.002593
174 0.002595
175 0.002597
176 0.002598
177 0.002598
178 0.002599
179 0.002599
180 0.002599
181 0.002522
182 0.002492
183 0.002501
184 0.002510
185 0.002510
186 0.002513
187 0.002516
188 0.002517
189 0.002518
190 0.002518
191 0.002518
192 0.002518
193 0.002518
194 0.002518
195 0.002518
196 0.002446
197 0.002437
198 0.002452
199 0.002475
200 0.002494
201 0.002503
202 0.002509
203 0.002514
204 0.002517
205 0.002519
206 0.002520
207 0.002521
208 0.002522
209 0.002522
210 0.002522
211 0.002447
212 0.002414
213 0.002424
214 0.002436
215 0.002440
216 0.002444
217 0.002448
218 0.002451
219 0.002452
220 0.002453
221 0.002453
222 0.002453
223 0.002453
224 0.002454
225 0.002454
226 0.002373
227 0.002361
228 0.002375
229 0.002403
230 0.002426
231 0.002439
232 0.002449
233 0.002456
234 0.002459
235 0.002462
236 0.002464
237 0.002465
238 0.002465
239 0.002465
240 0.002466
241 0.002376
242 0.002338
243 0.002347
244 0.002363
245 0.002370
246 0.002374
247 0.002380
248 0.002384
249 0.002386
250 0.002387
251 0.002387
252 0.002388
253 0.002388
254 0.002388
255 0.002388
256 0.002306
257 0.002297
258 0.002314
259 0.002345
260 0.002372
261 0.002387
262 0.002399
263 0.002407
264 0.002411
265 0.002413
266 0.002416
267 0.002417
268 0.002417
269 0.002418
270 0.002418
271 0.002329
272 0.002288
273 0.002298
274 0.002318
275 0.002325
276 0.002330
277 0.002336
278 0.002340
279 0.002342
280 0.002343
281 0.002344
282 0.002344
283 0.002344
284 0.002344
285 0.002345
286 0.002264
287 0.002259
288 0.002277
289 0.002309
290 0.002336
291 0.002351
292 0.002363
293 0.002370
294 0.002373
295 0.002375
296 0.002376
297 0.002377
298 0.002377
299 0.002378
300 0.002378
