1 0.013565
2 0.009174
3 0.007523
4 0.006499
5 0.006097
6 0.005890
7 0.005692
8 0.005548
9 0.005506
10 0.005478
11 0.005457
12 0.005461
13 0.005469
14 0.005467
15 0.005465
16 0.006731
17 0.004749
18 0.004548
19 0.004645
20 0.004508
21 0.004462
22 0.004471
23 0.004443
24 0.004422
25 0.004423
26 0.004423
27 0.004420
28 0.004418
29 0.004417
30 0.004417
31 0.004079
32 0.003903
33 0.003814
34 0.003760
35 0.003731
36 0.003716
37 0.003709
38 0.003706
39 0.003704
40 0.003701
41 0.003699
42 0.003699
43 0.003698
44 0.003698
45 0.003698
46 0.003522
47 0.003405
48 0.003331
49 0.003307
50 0.003299
51 0.003291
52 0.003285
53 0.003282
54 0.003281
55 0.003281
56 0.003281
57 0.003281
58 0.003281
59 0.003281
60 0.003281
61 0.003105
62 0.003077
63 0.003080
64 0.003072
65 0.003066
66 0.003065
67 0.003065
68 0.003064
69 0.003063
70 0.003063
71 0.003063
72 0.003063
73 0.003063
74 0.003063
75 0.003063
76 0.002956
77 0.002915
78 0.002898
79 0.002896
80 0.002898
81 0.002900
82 0.002901
83 0.002900
84 0.002899
85 0.002899
86 0.002899
87 0.002899
88 0.002899
89 0.002899
90 0.002899
91 0.002825
92 0.002800
93 0.002790
94 0.002789
95 0.002792
96 0.002793
97 0.002793
98 0.002793
99 0.002793
100 0.002792
101 0.002792
102 0.002792
103 0.002792
104 0.002792
105 0.002792
106 0.002762
107 0.002754
108 0.002749
109 0.002749
110 0.002750
111 0.002751
112 0.002751
113 0.002751
114 0.002750
115 0.002750
116 0.002750
117 0.002750
118 0.002750
119 0.002750
120 0.002750
121 0.002725
122 0.002711
123 0.002705
124 0.002707
125 0.002708
126 0.002707
127 0.002707
128 0.002707
129 0.002707
130 0.002707
131 0.002707
132 0.002707
133 0.002707
134 0.002707
135 0.002707
136 0.002700
137 0.002698
138 0.002692
139 0.002690
140 0.002690
141 0.002690
142 0.002690
143 0.002690
144 0.002690
145 0.002690
146 0.002690
147 0.002690
148 0.002690
149 0.002690
150 0.002690
151 0.002665
152 0.002657
153 0.002651
154 0.002650
155 0.002650
156 0.002649
157 0.002648
158 0.002648
159 0.002648
160 0.002648
161 0.002648
162 0.002648
163 0.002648
164 0.002648
165 0.002648
166 0.002632
167 0.002630
168 0.002626
169 0.002624
170 0.002623
171 0.002623
172 0.002623
173 0.002623
174 0.002623
175 0.002623
176 0.002623
177 0.002623
178 0.002623
179 0.002623
180 0.002623
181 0.002612
182 0.002602
183 0.002598
184 0.002598
185 0.002598
186 0.002598
187 0.002598
188 0.002598
189 0.002598
190 0.002598
191 0.002598
192 0.002598
193 0.002598
194 0.002598
195 0.002598
196 0.002590
197 0.002588
198 0.002587
199 0.002586
200 0.002586
201 0.002586
202 0.002587
203 0.002587
204 0.002587
205 0.002587
206 0.002587
207 0.002587
208 0.002587
209 0.002587
210 0.002587
211 0.002591
212 0.002586
213 0.002583
214 0.002584
215 0.002584
216 0.002584
217 0.002584
218 0.002584
219 0.002584
220 0.002584
221 0.002584
222 0.002584
223 0.002584
224 0.002584
225 0.002584
226 0.002584
227 0.002587
228 0.002588
229 0.002588
230 0.002589
231 0.002590
232 0.002590
233 0.002590
234 0.002590
235 0.002590
236 0.002590
237 0.002590
238 0.002590
239 0.002590
240 0.002590
241 0.002587
242 0.002586
243 0.002584
244 0.002584
245 0.002584
246 0.002583
247 0.002583
248 0.002583
249 0.002583
250 0.002583
251 0.002583
252 0.002583
253 0.002583
254 0.002583
255 0.002583
256 0.002589
257 0.002590
258 0.002590
259 0.002592
260 0.002592
261 0.002592
262 0.002592
263 0.002592
264 0.002592
265 0.002592
266 0.002592
267 0.002592
268 0.002592
269 0.002592
270 0.002592
271 0.002593
272 0.002591
273 0.002589
274 0.002587
275 0.002587
276 0.002587
277 0.002587
278 0.002587
279 0.002587
280 0.002587
281 0.002587
282 0.002587
283 0.002587
284 0.002587
285 0.002587
286 0.002583
287 0.002587
288 0.002589
289 0.002589
290 0.002589
291 0.002589
292 0.002589
293 0.002589
294 0.002589
295 0.002589
296 0.002589
297 0.002589
298 0.002589
299 0.002589
300 0.002589
