1 0.013705
2 0.010052
3 0.008121
4 0.006891
5 0.006178
6 0.005817
7 0.005676
8 0.005549
9 0.005433
10 0.005369
11 0.005324
12 0.005292
13 0.005272
14 0.005269
15 0.005265
16 0.006023
17 0.004856
18 0.004461
19 0.004267
20 0.004160
21 0.004065
22 0.004021
23 0.004012
24 0.003996
25 0.003981
26 0.003977
27 0.003974
28 0.003971
29 0.003969
30 0.003967
31 0.003419
32 0.003147
33 0.003084
34 0.003036
35 0.003015
36 0.003010
37 0.003010
38 0.003012
39 0.003014
40 0.003017
41 0.003020
42 0.003022
43 0.003023
44 0.003024
45 0.003024
46 0.002552
47 0.002388
48 0.002337
49 0.002306
50 0.002293
51 0.002285
52 0.002282
53 0.002282
54 0.002284
55 0.002284
56 0.002283
57 0.002283
58 0.002283
59 0.002283
60 0.002283
61 0.002020
62 0.001892
63 0.001845
64 0.001824
65 0.001818
66 0.001819
67 0.001819
68 0.001817
69 0.001816
70 0.001815
71 0.001815
72 0.001815
73 0.001815
74 0.001815
75 0.001815
76 0.001530
77 0.001433
78 0.001393
79 0.001380
80 0.001382
81 0.001380
82 0.001376
83 0.001375
84 0.001375
85 0.001375
86 0.001375
87 0.001375
88 0.001375
89 0.001375
90 0.001375
91 0.001131
92 0.001038
93 0.001007
94 0.000993
95 0.000986
96 0.000981
97 0.000978
98 0.000979
99 0.000979
100 0.000979
101 0.000979
102 0.000979
103 0.000979
104 0.000979
105 0.000979
106 0.000828
107 0.000793
108 0.000772
109 0.000769
110 0.000771
111 0.000770
112 0.000769
113 0.000769
114 0.000769
115 0.000769
116 0.000769
117 0.000769
118 0.000769
119 0.000769
120 0.000769
121 0.000683
122 0.000664
123 0.000656
124 0.000652
125 0.000653
126 0.000652
127 0.000652
128 0.000652
129 0.000652
130 0.000652
131 0.000652
132 0.000652
133 0.000652
134 0.000652
135 0.000652
136 0.000645
137 0.000645
138 0.000645
139 0.000644
140 0.000645
141 0.000645
142 0.000645
143 0.000645
144 0.000645
145 0.000645
146 0.000645
147 0.000645
148 0.000645
149 0.000645
150 0.000645
151 0.000628
152 0.000625
153 0.000625
154 0.000625
155 0.000625
156 0.000624
157 0.000624
158 0.000624
159 0.000624
160 0.000624
161 0.000624
162 0.000624
163 0.000624
164 0.000624
165 0.000624
166 0.000620
167 0.000617
168 0.000612
169 0.000611
170 0.000611
171 0.000612
172 0.000612
173 0.000612
174 0.000612
175 0.000612
176 0.000612
177 0.000612
178 0.000612
179 0.000612
180 0.000612
181 0.000617
182 0.000618
183 0.000620
184 0.000621
185 0.000620
186 0.000620
187 0.000620
188 0.000620
189 0.000620
190 0.000620
191 0.000620
192 0.000620
193 0.000620
194 0.000620
195 0.000620
196 0.000625
197 0.000629
198 0.000628
199 0.000628
200 0.000628
201 0.000628
202 0.000628
203 0.000628
204 0.000628
205 0.000628
206 0.000628
207 0.000628
208 0.000628
209 0.000628
210 0.000628
211 0.000621
212 0.000618
213 0.000618
214 0.000617
215 0.000617
216 0.000617
217 0.000617
218 0.000617
219 0.000617
220 0.000617
221 0.000617
222 0.000617
223 0.000617
224 0.000617
225 0.000617
226 0.000615
227 0.000618
228 0.000617
229 0.000618
230 0.000618
231 0.000618
232 0.000618
233 0.000618
234 0.000618
235 0.000618
236 0.000618
237 0.000618
238 0.000618
239 0.000618
240 0.000618
241 0.000622
242 0.000625
243 0.000628
244 0.000628
245 0.000627
246 0.000627
247 0.000627
248 0.000627
249 0.000627
250 0.000627
251 0.000627
252 0.000627
253 0.000627
254 0.000627
255 0.000627
256 0.000633
257 0.000632
258 0.000630
259 0.000632
260 0.000632
261 0.000632
262 0.000631
263 0.000632
264 0.000632
265 0.000631
266 0.000631
267 0.000631
268 0.000631
269 0.000631
270 0.000631
271 0.000623
272 0.000621
273 0.000618
274 0.000616
275 0.000617
276 0.000617
277 0.000617
278 0.000617
279 0.000617
280 0.000617
281 0.000617
282 0.000617
283 0.000617
284 0.000617
285 0.000617
286 0.000621
287 0.000622
288 0.000622
289 0.000623
290 0.000623
291 0.000623
292 0.000623
293 0.000622
294 0.000622
295 0.000622
296 0.000622
297 0.000622
298 0.000622
299 0.000622
300 0.000622
