1 0.014001
2 0.010591
3 0.008855
4 0.008201
5 0.007872
6 0.007619
7 0.007488
8 0.007429
9 0.007377
10 0.007335
11 0.007323
12 0.007324
13 0.007316
14 0.007307
15 0.007308
16 0.008141
17 0.006287
18 0.005910
19 0.005810
20 0.005692
21 0.005625
22 0.005598
23 0.005579
24 0.005565
25 0.005558
26 0.005554
27 0.005551
28 0.005548
29 0.005546
30 0.005545
31 0.005468
32 0.005242
33 0.005194
34 0.005181
35 0.005175
36 0.005175
37 0.005178
38 0.005179
39 0.005180
40 0.005179
41 0.005178
42 0.005178
43 0.005179
44 0.005179
45 0.005179
46 0.005015
47 0.004945
48 0.004897
49 0.004877
50 0.004869
51 0.004860
52 0.004852
53 0.004849
54 0.004850
55 0.004851
56 0.004850
57 0.004850
58 0.004850
59 0.004850
60 0.004850
61 0.004923
62 0.004920
63 0.004911
64 0.004917
65 0.004926
66 0.004929
67 0.004929
68 0.004929
69 0.004928
70 0.004927
71 0.004926
72 0.004926
73 0.004926
74 0.004926
75 0.004926
76 0.004825
77 0.004806
78 0.004794
79 0.004784
80 0.004779
81 0.004777
82 0.004776
83 0.004777
84 0.004777
85 0.004778
86 0.004778
87 0.004778
88 0.004778
89 0.004778
90 0.004778
91 0.004830
92 0.004832
93 0.004825
94 0.004826
95 0.004828
96 0.004831
97 0.004831
98 0.004830
99 0.004830
100 0.004830
101 0.004830
102 0.004829
103 0.004829
104 0.004829
105 0.004829
106 0.004768
107 0.004749
108 0.004738
109 0.004732
110 0.004728
111 0.004725
112 0.004725
113 0.004725
114 0.004725
115 0.004725
116 0.004725
117 0.004725
118 0.004725
119 0.004725
120 0.004725
121 0.004757
122 0.004765
123 0.004762
124 0.004761
125 0.004763
126 0.004765
127 0.004765
128 0.004764
129 0.004764
130 0.004764
131 0.004764
132 0.004764
133 0.004764
134 0.004764
135 0.004764
136 0.004721
137 0.004703
138 0.004695
139 0.004693
140 0.004691
141 0.004689
142 0.004688
143 0.004688
144 0.004688
145 0.004688
146 0.004688
147 0.004688
148 0.004688
149 0.004688
150 0.004688
151 0.004713
152 0.004725
153 0.004724
154 0.004724
155 0.004725
156 0.004726
157 0.004726
158 0.004726
159 0.004726
160 0.004726
161 0.004726
162 0.004725
163 0.004725
164 0.004725
165 0.004725
166 0.004693
167 0.004677
168 0.004672
169 0.004672
170 0.004670
171 0.004668
172 0.004668
173 0.004668
174 0.004668
175 0.004668
176 0.004668
177 0.004668
178 0.004668
179 0.004668
180 0.004668
181 0.004692
182 0.004705
183 0.004706
184 0.004705
185 0.004706
186 0.004707
187 0.004707
188 0.004707
189 0.004707
190 0.004707
191 0.004707
192 0.004707
193 0.004707
194 0.004707
195 0.004707
196 0.004679
197 0.004665
198 0.004661
199 0.004662
200 0.004661
201 0.004659
202 0.004659
203 0.004659
204 0.004659
205 0.004659
206 0.004659
207 0.004659
208 0.004659
209 0.004659
210 0.004659
211 0.004681
212 0.004695
213 0.004696
214 0.004694
215 0.004696
216 0.004697
217 0.004697
218 0.004696
219 0.004696
220 0.004696
221 0.004696
222 0.004696
223 0.004696
224 0.004696
225 0.004696
226 0.004671
227 0.004657
228 0.004654
229 0.004656
230 0.004656
231 0.004654
232 0.004654
233 0.004654
234 0.004654
235 0.004654
236 0.004654
237 0.004654
238 0.004654
239 0.004654
240 0.004654
241 0.004675
242 0.004688
243 0.004689
244 0.004688
245 0.004689
246 0.004690
247 0.004690
248 0.004690
249 0.004690
250 0.004690
251 0.004690
252 0.004690
253 0.004690
254 0.004689
255 0.004689
256 0.004668
257 0.004655
258 0.004653
259 0.004655
260 0.004654
261 0.004653
262 0.004653
263 0.004653
264 0.004653
265 0.004653
266 0.004653
267 0.004653
268 0.004653
269 0.004653
270 0.004653
271 0.004674
272 0.004687
273 0.004688
274 0.004686
275 0.004687
276 0.004688
277 0.004688
278 0.004688
279 0.004688
280 0.004688
281 0.004688
282 0.004688
283 0.004688
284 0.004688
285 0.004688
286 0.004669
287 0.004658
288 0.004656
289 0.004659
290 0.004658
291 0.004657
292 0.004657
293 0.004657
294 0.004657
295 0.004657
296 0.004657
297 0.004657
298 0.004657
299 0.004657
300 0.004657
