1 0.014494
2 0.010906
3 0.008820
4 0.007878
5 0.007402
6 0.007044
7 0.006851
8 0.006771
9 0.006730
10 0.006694
11 0.006666
12 0.006654
13 0.006653
14 0.006652
15 0.006647
16 0.007227
17 0.005852
18 0.005580
19 0.005507
20 0.005421
21 0.005412
22 0.005424
23 0.005427
24 0.005420
25 0.005418
26 0.005418
27 0.005416
28 0.005414
29 0.005415
30 0.005417
31 0.005195
32 0.004982
33 0.004953
34 0.004967
35 0.004960
36 0.004956
37 0.004953
38 0.004951
39 0.004954
40 0.004959
41 0.004962
42 0.004963
43 0.004963
44 0.004963
45 0.004964
46 0.004726
47 0.004638
48 0.004620
49 0.004625
50 0.004617
51 0.004616
52 0.004623
53 0.004626
54 0.004624
55 0.004623
56 0.004623
57 0.004623
58 0.004623
59 0.004623
60 0.004623
61 0.004508
62 0.004489
63 0.004499
64 0.004499
65 0.004490
66 0.004482
67 0.004476
68 0.004473
69 0.004473
70 0.004475
71 0.004475
72 0.004475
73 0.004475
74 0.004475
75 0.004475
76 0.004338
77 0.004298
78 0.004296
79 0.004308
80 0.004314
81 0.004317
82 0.004320
83 0.004320
84 0.004319
85 0.004318
86 0.004318
87 0.004318
88 0.004318
89 0.004318
90 0.004318
91 0.004261
92 0.004280
93 0.004306
94 0.004319
95 0.004316
96 0.004310
97 0.004305
98 0.004303
99 0.004304
100 0.004305
101 0.004305
102 0.004305
103 0.004305
104 0.004305
105 0.004305
106 0.004204
107 0.004173
108 0.004174
109 0.004191
110 0.004199
111 0.004204
112 0.004207
113 0.004207
114 0.004207
115 0.004206
116 0.004206
117 0.004206
118 0.004206
119 0.004206
120 0.004206
121 0.004186
122 0.004215
123 0.004251
124 0.004271
125 0.004273
126 0.004268
127 0.004263
128 0.004262
129 0.004263
130 0.004264
131 0.004264
132 0.004264
133 0.004264
134 0.004264
135 0.004264
136 0.004168
137 0.004149
138 0.004153
139 0.004166
140 0.004173
141 0.004179
142 0.004183
143 0.004184
144 0.004184
145 0.004183
146 0.004183
147 0.004183
148 0.004183
149 0.004183
150 0.004183
151 0.004163
152 0.004192
153 0.004228
154 0.004252
155 0.004256
156 0.004251
157 0.004247
158 0.004246
159 0.004247
160 0.004248
161 0.004248
162 0.004248
163 0.004248
164 0.004248
165 0.004248
166 0.004142
167 0.004137
168 0.004150
169 0.004166
170 0.004175
171 0.004182
172 0.004186
173 0.004187
174 0.004187
175 0.004187
176 0.004187
177 0.004187
178 0.004187
179 0.004187
180 0.004187
181 0.004153
182 0.004181
183 0.004218
184 0.004245
185 0.004253
186 0.004249
187 0.004245
188 0.004244
189 0.004246
190 0.004247
191 0.004247
192 0.004247
193 0.004247
194 0.004247
195 0.004247
196 0.004124
197 0.004127
198 0.004152
199 0.004173
200 0.004184
201 0.004192
202 0.004196
203 0.004198
204 0.004198
205 0.004198
206 0.004198
207 0.004199
208 0.004199
209 0.004199
210 0.004199
211 0.004146
212 0.004173
213 0.004209
214 0.004239
215 0.004251
216 0.004249
217 0.004245
218 0.004245
219 0.004246
220 0.004248
221 0.004248
222 0.004248
223 0.004248
224 0.004249
225 0.004249
226 0.004112
227 0.004127
228 0.004163
229 0.004190
230 0.004203
231 0.004213
232 0.004218
233 0.004220
234 0.004221
235 0.004221
236 0.004221
237 0.004221
238 0.004221
239 0.004221
240 0.004221
241 0.004149
242 0.004174
243 0.004212
244 0.004246
245 0.004262
246 0.004262
247 0.004259
248 0.004259
249 0.004261
250 0.004262
251 0.004263
252 0.004263
253 0.004263
254 0.004263
255 0.004263
256 0.004116
257 0.004141
258 0.004188
259 0.004219
260 0.004236
261 0.004248
262 0.004254
263 0.004256
264 0.004257
265 0.004257
266 0.004257
267 0.004258
268 0.004258
269 0.004258
270 0.004258
271 0.004168
272 0.004190
273 0.004229
274 0.004266
275 0.004285
276 0.004287
277 0.004284
278 0.004285
279 0.004287
280 0.004289
281 0.004290
282 0.004290
283 0.004290
284 0.004290
285 0.004290
286 0.004137
287 0.004170
288 0.004227
289 0.004264
290 0.004283
291 0.004297
292 0.004303
293 0.004305
294 0.004307
295 0.004308
296 0.004308
297 0.004308
298 0.004308
299 0.004308
300 0.004308
