1 0.014345
2 0.009732
3 0.008083
4 0.007238
5 0.006814
6 0.006559
7 0.006445
8 0.006366
9 0.006301
10 0.006240
11 0.006201
12 0.006188
13 0.006179
14 0.006170
15 0.006170
16 0.007178
17 0.005864
18 0.005559
19 0.005516
20 0.005451
21 0.005431
22 0.005395
23 0.005377
24 0.005384
25 0.005382
26 0.005375
27 0.005375
28 0.005376
29 0.005376
30 0.005375
31 0.004956
32 0.004766
33 0.004693
34 0.004657
35 0.004643
36 0.004641
37 0.004642
38 0.004640
39 0.004639
40 0.004640
41 0.004642
42 0.004643
43 0.004643
44 0.004643
45 0.004643
46 0.004572
47 0.004581
48 0.004585
49 0.004586
50 0.004596
51 0.004601
52 0.004596
53 0.004594
54 0.004596
55 0.004595
56 0.004594
57 0.004593
58 0.004593
59 0.004594
60 0.004594
61 0.004412
62 0.004360
63 0.004342
64 0.004339
65 0.004336
66 0.004337
67 0.004338
68 0.004339
69 0.004339
70 0.004340
71 0.004340
72 0.004340
73 0.004340
74 0.004340
75 0.004340
76 0.004341
77 0.004398
78 0.004406
79 0.004409
80 0.004416
81 0.004416
82 0.004412
83 0.004411
84 0.004412
85 0.004413
86 0.004413
87 0.004412
88 0.004412
89 0.004412
90 0.004412
91 0.004259
92 0.004218
93 0.004216
94 0.004219
95 0.004220
96 0.004225
97 0.004229
98 0.004230
99 0.004230
100 0.004231
101 0.004231
102 0.004231
103 0.004231
104 0.004231
105 0.004231
106 0.004243
107 0.004313
108 0.004332
109 0.004345
110 0.004354
111 0.004354
112 0.004351
113 0.004351
114 0.004353
115 0.004354
116 0.004354
117 0.004354
118 0.004354
119 0.004354
120 0.004354
121 0.004200
122 0.004167
123 0.004169
124 0.004176
125 0.004180
126 0.004189
127 0.004194
128 0.004195
129 0.004196
130 0.004196
131 0.004196
132 0.004196
133 0.004196
134 0.004196
135 0.004196
136 0.004211
137 0.004286
138 0.004315
139 0.004338
140 0.004351
141 0.004352
142 0.004351
143 0.004352
144 0.004354
145 0.004355
146 0.004356
147 0.004356
148 0.004355
149 0.004355
150 0.004355
151 0.004182
152 0.004146
153 0.004147
154 0.004156
155 0.004163
156 0.004174
157 0.004181
158 0.004182
159 0.004183
160 0.004183
161 0.004183
162 0.004183
163 0.004184
164 0.004184
165 0.004184
166 0.004186
167 0.004263
168 0.004304
169 0.004338
170 0.004354
171 0.004357
172 0.004357
173 0.004358
174 0.004360
175 0.004362
176 0.004362
177 0.004362
178 0.004362
179 0.004362
180 0.004362
181 0.004165
182 0.004124
183 0.004127
184 0.004139
185 0.004149
186 0.004162
187 0.004170
188 0.004173
189 0.004174
190 0.004174
191 0.004175
192 0.004175
193 0.004175
194 0.004175
195 0.004175
196 0.004163
197 0.004247
198 0.004296
199 0.004338
200 0.004357
201 0.004361
202 0.004362
203 0.004364
204 0.004366
205 0.004368
206 0.004369
207 0.004369
208 0.004369
209 0.004369
210 0.004369
211 0.004145
212 0.004095
213 0.004099
214 0.004115
215 0.004128
216 0.004144
217 0.004154
218 0.004157
219 0.004158
220 0.004159
221 0.004160
222 0.004160
223 0.004161
224 0.004161
225 0.004161
226 0.004146
227 0.004239
228 0.004290
229 0.004338
230 0.004363
231 0.004368
232 0.004370
233 0.004373
234 0.004375
235 0.004377
236 0.004378
237 0.004378
238 0.004378
239 0.004378
240 0.004378
241 0.004135
242 0.004078
243 0.004084
244 0.004106
245 0.004122
246 0.004139
247 0.004150
248 0.004154
249 0.004156
250 0.004157
251 0.004158
252 0.004158
253 0.004159
254 0.004159
255 0.004159
256 0.004146
257 0.004247
258 0.004301
259 0.004353
260 0.004382
261 0.004389
262 0.004392
263 0.004395
264 0.004398
265 0.004400
266 0.004401
267 0.004401
268 0.004401
269 0.004401
270 0.004401
271 0.004147
272 0.004086
273 0.004093
274 0.004120
275 0.004137
276 0.004154
277 0.004166
278 0.004170
279 0.004173
280 0.004174
281 0.004175
282 0.004176
283 0.004176
284 0.004176
285 0.004177
286 0.004166
287 0.004275
288 0.004332
289 0.004387
290 0.004419
291 0.004428
292 0.004431
293 0.004435
294 0.004438
295 0.004440
296 0.004441
297 0.004441
298 0.004441
299 0.004441
300 0.004441
