1 0.604087
2 0.587248
3 0.587296
4 0.587008
5 0.586826
6 0.586775
7 0.586770
8 0.586767
9 0.586765
10 0.586764
11 0.586764
12 0.586764
13 0.586764
14 0.586764
15 0.586764
16 0.586764
17 0.586764
18 0.586764
19 0.586764
20 0.586764
21 0.586764
22 0.586764
23 0.586764
24 0.586764
25 0.586764
26 0.586764
27 0.586764
28 0.586764
29 0.586764
30 0.586764
31 0.541231
32 0.526577
33 0.530244
34 0.528553
35 0.529092
36 0.528877
37 0.528963
38 0.528928
39 0.528942
40 0.528936
41 0.528939
42 0.528938
43 0.528938
44 0.528938
45 0.528938
46 0.528938
47 0.528938
48 0.528938
49 0.528938
50 0.528938
51 0.528938
52 0.528938
53 0.528938
54 0.528938
55 0.528938
56 0.528938
57 0.528938
58 0.528938
59 0.528938
60 0.528938
61 0.523072
62 0.520032
63 0.520960
64 0.520616
65 0.520745
66 0.520691
67 0.520713
68 0.520704
69 0.520708
70 0.520706
71 0.520707
72 0.520706
73 0.520707
74 0.520707
75 0.520707
76 0.520707
77 0.520707
78 0.520707
79 0.520707
80 0.520707
81 0.520707
82 0.520707
83 0.520707
84 0.520707
85 0.520707
86 0.520707
87 0.520707
88 0.520707
89 0.520707
90 0.520707
