1 0.000833
2 0.003958
3 0.001042
4 0.004167
5 0.001042
6 0.004375
7 0.001042
8 0.004375
9 0.001042
10 0.004375
11 0.001042
12 0.004375
13 0.001042
14 0.004375
15 0.001042
16 0.004375
17 0.001042
18 0.004375
19 0.001042
20 0.004375
21 0.001042
22 0.004375
23 0.001042
24 0.004375
25 0.001042
26 0.004375
27 0.001042
28 0.004375
29 0.001042
30 0.004375
31 0.001042
32 0.004375
33 0.001042
34 0.004375
35 0.001042
36 0.004375
37 0.001042
38 0.004375
39 0.001042
40 0.004375
41 0.001042
42 0.004375
43 0.001042
44 0.004375
45 0.001042
46 0.004375
47 0.001042
48 0.004375
49 0.001042
50 0.004375
51 0.001042
52 0.004375
53 0.001042
54 0.004375
55 0.001042
56 0.004375
57 0.001042
58 0.004375
59 0.001042
60 0.004375
61 0.001042
62 0.004375
63 0.001042
64 0.004375
65 0.001042
66 0.004375
67 0.001042
68 0.004375
69 0.001042
70 0.004375
71 0.001042
72 0.004375
73 0.001042
74 0.004375
75 0.001042
76 0.004375
77 0.001042
78 0.004375
79 0.001042
80 0.004375
81 0.001042
82 0.004375
83 0.001042
84 0.004375
85 0.001042
86 0.004375
87 0.001042
88 0.004375
89 0.001042
90 0.004375
91 0.001042
92 0.004375
93 0.001042
94 0.004375
95 0.001042
96 0.004375
97 0.001042
98 0.004375
99 0.001042
100 0.004375
101 0.000208
102 0.000000
103 0.000208
104 0.000000
105 0.000208
106 0.000000
107 0.000208
108 0.000000
109 0.000208
110 0.000000
111 0.000208
112 0.000208
113 0.000208
114 0.000208
115 0.000208
116 0.000208
117 0.000208
118 0.000208
119 0.000208
120 0.000208
121 0.000208
122 0.000208
123 0.000208
124 0.000208
125 0.000208
126 0.000208
127 0.000208
128 0.000208
129 0.000208
130 0.000208
131 0.000208
132 0.000208
133 0.000208
134 0.000208
135 0.000208
136 0.000208
137 0.000208
138 0.000208
139 0.000208
140 0.000208
141 0.000208
142 0.000208
143 0.000208
144 0.000208
145 0.000208
146 0.000208
147 0.000208
148 0.000208
149 0.000208
150 0.000208
151 0.000208
152 0.000208
153 0.000208
154 0.000208
155 0.000208
156 0.000208
157 0.000208
158 0.000208
159 0.000208
160 0.000208
161 0.000208
162 0.000208
163 0.000208
164 0.000208
165 0.000208
166 0.000208
167 0.000208
168 0.000208
169 0.000208
170 0.000208
171 0.000208
172 0.000208
173 0.000208
174 0.000208
175 0.000208
176 0.000208
177 0.000208
178 0.000208
179 0.000208
180 0.000208
181 0.000208
182 0.000208
183 0.000208
184 0.000208
185 0.000208
186 0.000208
187 0.000208
188 0.000208
189 0.000208
190 0.000208
191 0.000208
192 0.000208
193 0.000208
194 0.000208
195 0.000208
196 0.000208
197 0.000208
198 0.000208
199 0.000208
200 0.000208
201 0.000208
202 0.000208
203 0.000208
204 0.000208
205 0.000208
206 0.000208
207 0.000208
208 0.000208
209 0.000208
210 0.000208
211 0.000208
212 0.000208
213 0.000208
214 0.000208
215 0.000208
216 0.000208
217 0.000208
218 0.000208
219 0.000208
220 0.000208
221 0.000208
222 0.000208
223 0.000208
224 0.000208
225 0.000208
226 0.000208
227 0.000208
228 0.000208
229 0.000208
230 0.000208
231 0.000208
232 0.000208
233 0.000208
234 0.000208
235 0.000208
236 0.000208
237 0.000208
238 0.000208
239 0.000208
240 0.000208
241 0.000208
242 0.000208
243 0.000208
244 0.000208
245 0.000208
246 0.000208
247 0.000208
248 0.000208
249 0.000208
250 0.000208
251 0.000208
252 0.000208
253 0.000208
254 0.000208
255 0.000208
256 0.000208
257 0.000208
258 0.000208
259 0.000208
260 0.000208
261 0.000208
262 0.000208
263 0.000208
264 0.000208
265 0.000208
266 0.000208
267 0.000208
268 0.000208
269 0.000208
270 0.000208
271 0.000208
272 0.000208
273 0.000208
274 0.000208
275 0.000208
276 0.000208
277 0.000208
278 0.000208
279 0.000208
280 0.000208
281 0.000208
282 0.000208
283 0.000208
284 0.000208
285 0.000208
286 0.000208
287 0.000208
288 0.000208
289 0.000208
290 0.000208
291 0.000208
292 0.000208
293 0.000208
294 0.000208
295 0.000208
296 0.000208
297 0.000208
298 0.000208
299 0.000208
300 0.000208
