1 7.475130e-02
2 7.569161e-02
3 7.543078e-02
4 7.542674e-02
5 7.542665e-02
6 7.542665e-02
7 7.542665e-02
8 7.542665e-02
9 7.542665e-02
10 7.542665e-02
11 7.542665e-02
12 7.542665e-02
13 7.542665e-02
14 7.542665e-02
15 7.542665e-02
16 7.542665e-02
17 7.542665e-02
18 7.542665e-02
19 7.542665e-02
20 7.542665e-02
21 7.542665e-02
22 7.542665e-02
23 7.542665e-02
24 7.542665e-02
25 7.542665e-02
26 7.542665e-02
27 7.542665e-02
28 7.542665e-02
29 7.542665e-02
30 7.542665e-02
31 7.542665e-02
32 7.542665e-02
33 7.542665e-02
34 7.542665e-02
35 7.542665e-02
36 7.542665e-02
37 7.542665e-02
38 7.542665e-02
39 7.542665e-02
40 7.542665e-02
41 7.542665e-02
42 7.542665e-02
43 7.542665e-02
44 7.542665e-02
45 7.542665e-02
46 7.542665e-02
47 7.542665e-02
48 7.542665e-02
49 7.542665e-02
50 7.542665e-02
51 7.542665e-02
52 7.542665e-02
53 7.542665e-02
54 7.542665e-02
55 7.542665e-02
56 7.542665e-02
57 7.542665e-02
58 7.542665e-02
59 7.542665e-02
60 7.542665e-02
61 7.542665e-02
62 7.542665e-02
63 7.542665e-02
64 7.542665e-02
65 7.542665e-02
66 7.542665e-02
67 7.542665e-02
68 7.542665e-02
69 7.542665e-02
70 7.542665e-02
71 7.542665e-02
72 7.542665e-02
73 7.542665e-02
74 7.542665e-02
75 7.542665e-02
76 7.542665e-02
77 7.542665e-02
78 7.542665e-02
79 7.542665e-02
80 7.542665e-02
81 7.542665e-02
82 7.542665e-02
83 7.542665e-02
84 7.542665e-02
85 7.542665e-02
86 7.542665e-02
87 7.542665e-02
88 7.542665e-02
89 7.542665e-02
90 7.542665e-02
91 7.542665e-02
92 7.542665e-02
93 7.542665e-02
94 7.542665e-02
95 7.542665e-02
96 7.542665e-02
97 7.542665e-02
98 7.542665e-02
99 7.542665e-02
100 7.542665e-02
101 3.803073e-02
102 3.800149e-02
103 3.799441e-02
104 3.799427e-02
105 3.799427e-02
106 3.799427e-02
107 3.799427e-02
108 3.799427e-02
109 3.799427e-02
110 3.799427e-02
111 3.799427e-02
112 3.799427e-02
113 3.799427e-02
114 3.799427e-02
115 3.799427e-02
116 3.799427e-02
117 3.799427e-02
118 3.799427e-02
119 3.799427e-02
120 3.799427e-02
121 3.799427e-02
122 3.799427e-02
123 3.799427e-02
124 3.799427e-02
125 3.799427e-02
126 3.799427e-02
127 3.799427e-02
128 3.799427e-02
129 3.799427e-02
130 3.799427e-02
131 3.799427e-02
132 3.799427e-02
133 3.799427e-02
134 3.799427e-02
135 3.799427e-02
136 3.799427e-02
137 3.799427e-02
138 3.799427e-02
139 3.799427e-02
140 3.799427e-02
141 3.799427e-02
142 3.799427e-02
143 3.799427e-02
144 3.799427e-02
145 3.799427e-02
146 3.799427e-02
147 3.799427e-02
148 3.799427e-02
149 3.799427e-02
150 3.799427e-02
151 3.799427e-02
152 3.799427e-02
153 3.799427e-02
154 3.799427e-02
155 3.799427e-02
156 3.799427e-02
157 3.799427e-02
158 3.799427e-02
159 3.799427e-02
160 3.799427e-02
161 3.799427e-02
162 3.799427e-02
163 3.799427e-02
164 3.799427e-02
165 3.799427e-02
166 3.799427e-02
167 3.799427e-02
168 3.799427e-02
169 3.799427e-02
170 3.799427e-02
171 3.799427e-02
172 3.799427e-02
173 3.799427e-02
174 3.799427e-02
175 3.799427e-02
176 3.799427e-02
177 3.799427e-02
178 3.799427e-02
179 3.799427e-02
180 3.799427e-02
181 3.799427e-02
182 3.799427e-02
183 3.799427e-02
184 3.799427e-02
185 3.799427e-02
186 3.799427e-02
187 3.799427e-02
188 3.799427e-02
189 3.799427e-02
190 3.799427e-02
191 3.799427e-02
192 3.799427e-02
193 3.799427e-02
194 3.799427e-02
195 3.799427e-02
196 3.799427e-02
197 3.799427e-02
198 3.799427e-02
199 3.799427e-02
200 3.799427e-02
201 3.451084e-02
202 3.450608e-02
203 3.450949e-02
204 3.450953e-02
205 3.450952e-02
206 3.450952e-02
207 3.450952e-02
208 3.450952e-02
209 3.450952e-02
210 3.450952e-02
211 3.450952e-02
212 3.450952e-02
213 3.450952e-02
214 3.450952e-02
215 3.450952e-02
216 3.450952e-02
217 3.450952e-02
218 3.450952e-02
219 3.450952e-02
220 3.450952e-02
221 3.450952e-02
222 3.450952e-02
223 3.450952e-02
224 3.450952e-02
225 3.450952e-02
226 3.450952e-02
227 3.450952e-02
228 3.450952e-02
229 3.450952e-02
230 3.450952e-02
231 3.450952e-02
232 3.450952e-02
233 3.450952e-02
234 3.450952e-02
235 3.450952e-02
236 3.450952e-02
237 3.450952e-02
238 3.450952e-02
239 3.450952e-02
240 3.450952e-02
241 3.450952e-02
242 3.450952e-02
243 3.450952e-02
244 3.450952e-02
245 3.450952e-02
246 3.450952e-02
247 3.450952e-02
248 3.450952e-02
249 3.450952e-02
250 3.450952e-02
251 3.450952e-02
252 3.450952e-02
253 3.450952e-02
254 3.450952e-02
255 3.450952e-02
256 3.450952e-02
257 3.450952e-02
258 3.450952e-02
259 3.450952e-02
260 3.450952e-02
261 3.450952e-02
262 3.450952e-02
263 3.450952e-02
264 3.450952e-02
265 3.450952e-02
266 3.450952e-02
267 3.450952e-02
268 3.450952e-02
269 3.450952e-02
270 3.450952e-02
271 3.450952e-02
272 3.450952e-02
273 3.450952e-02
274 3.450952e-02
275 3.450952e-02
276 3.450952e-02
277 3.450952e-02
278 3.450952e-02
279 3.450952e-02
280 3.450952e-02
281 3.450952e-02
282 3.450952e-02
283 3.450952e-02
284 3.450952e-02
285 3.450952e-02
286 3.450952e-02
287 3.450952e-02
288 3.450952e-02
289 3.450952e-02
290 3.450952e-02
291 3.450952e-02
292 3.450952e-02
293 3.450952e-02
294 3.450952e-02
295 3.450952e-02
296 3.450952e-02
297 3.450952e-02
298 3.450952e-02
299 3.450952e-02
300 3.450952e-02
