1 3.321887e-01
2 3.329713e-01
3 3.328881e-01
4 3.328886e-01
5 3.328884e-01
6 3.328884e-01
7 3.328884e-01
8 3.328884e-01
9 3.328884e-01
10 3.328884e-01
11 3.328884e-01
12 3.328884e-01
13 3.328884e-01
14 3.328884e-01
15 3.328884e-01
16 3.328884e-01
17 3.328884e-01
18 3.328884e-01
19 3.328884e-01
20 3.328884e-01
21 3.328884e-01
22 3.328884e-01
23 3.328884e-01
24 3.328884e-01
25 3.328884e-01
26 3.328884e-01
27 3.328884e-01
28 3.328884e-01
29 3.328884e-01
30 3.328884e-01
31 3.328884e-01
32 3.328884e-01
33 3.328884e-01
34 3.328884e-01
35 3.328884e-01
36 3.328884e-01
37 3.328884e-01
38 3.328884e-01
39 3.328884e-01
40 3.328884e-01
41 3.328884e-01
42 3.328884e-01
43 3.328884e-01
44 3.328884e-01
45 3.328884e-01
46 3.328884e-01
47 3.328884e-01
48 3.328884e-01
49 3.328884e-01
50 3.328884e-01
51 3.328884e-01
52 3.328884e-01
53 3.328884e-01
54 3.328884e-01
55 3.328884e-01
56 3.328884e-01
57 3.328884e-01
58 3.328884e-01
59 3.328884e-01
60 3.328884e-01
61 3.328884e-01
62 3.328884e-01
63 3.328884e-01
64 3.328884e-01
65 3.328884e-01
66 3.328884e-01
67 3.328884e-01
68 3.328884e-01
69 3.328884e-01
70 3.328884e-01
71 3.328884e-01
72 3.328884e-01
73 3.328884e-01
74 3.328884e-01
75 3.328884e-01
76 3.328884e-01
77 3.328884e-01
78 3.328884e-01
79 3.328884e-01
80 3.328884e-01
81 3.328884e-01
82 3.328884e-01
83 3.328884e-01
84 3.328884e-01
85 3.328884e-01
86 3.328884e-01
87 3.328884e-01
88 3.328884e-01
89 3.328884e-01
90 3.328884e-01
91 3.328884e-01
92 3.328884e-01
93 3.328884e-01
94 3.328884e-01
95 3.328884e-01
96 3.328884e-01
97 3.328884e-01
98 3.328884e-01
99 3.328884e-01
100 3.328884e-01
101 4.995620e-01
102 5.449250e-01
103 5.536083e-01
104 5.552707e-01
105 5.555984e-01
106 5.556648e-01
107 5.556785e-01
108 5.556814e-01
109 5.556821e-01
110 5.556822e-01
111 5.556822e-01
112 5.556822e-01
113 5.556822e-01
114 5.556822e-01
115 5.556822e-01
116 5.556822e-01
117 5.556822e-01
118 5.556822e-01
119 5.556822e-01
120 5.556822e-01
121 5.556822e-01
122 5.556822e-01
123 5.556822e-01
124 5.556822e-01
125 5.556822e-01
126 5.556822e-01
127 5.556822e-01
128 5.556822e-01
129 5.556822e-01
130 5.556822e-01
131 5.556822e-01
132 5.556822e-01
133 5.556822e-01
134 5.556822e-01
135 5.556822e-01
136 5.556822e-01
137 5.556822e-01
138 5.556822e-01
139 5.556822e-01
140 5.556822e-01
141 5.556822e-01
142 5.556822e-01
143 5.556822e-01
144 5.556822e-01
145 5.556822e-01
146 5.556822e-01
147 5.556822e-01
148 5.556822e-01
149 5.556822e-01
150 5.556822e-01
151 5.556822e-01
152 5.556822e-01
153 5.556822e-01
154 5.556822e-01
155 5.556822e-01
156 5.556822e-01
157 5.556822e-01
158 5.556822e-01
159 5.556822e-01
160 5.556822e-01
161 5.556822e-01
162 5.556822e-01
163 5.556822e-01
164 5.556822e-01
165 5.556822e-01
166 5.556822e-01
167 5.556822e-01
168 5.556822e-01
169 5.556822e-01
170 5.556822e-01
171 5.556822e-01
172 5.556822e-01
173 5.556822e-01
174 5.556822e-01
175 5.556822e-01
176 5.556822e-01
177 5.556822e-01
178 5.556822e-01
179 5.556822e-01
180 5.556822e-01
181 5.556822e-01
182 5.556822e-01
183 5.556822e-01
184 5.556822e-01
185 5.556822e-01
186 5.556822e-01
187 5.556822e-01
188 5.556822e-01
189 5.556822e-01
190 5.556822e-01
191 5.556822e-01
192 5.556822e-01
193 5.556822e-01
194 5.556822e-01
195 5.556822e-01
196 5.556822e-01
197 5.556822e-01
198 5.556822e-01
199 5.556822e-01
200 5.556822e-01
201 6.010228e-01
202 6.112168e-01
203 6.124749e-01
204 6.126242e-01
205 6.126421e-01
206 6.126443e-01
207 6.126446e-01
208 6.126446e-01
209 6.126446e-01
210 6.126446e-01
211 6.126446e-01
212 6.126446e-01
213 6.126446e-01
214 6.126446e-01
215 6.126446e-01
216 6.126446e-01
217 6.126446e-01
218 6.126446e-01
219 6.126446e-01
220 6.126446e-01
221 6.126446e-01
222 6.126446e-01
223 6.126446e-01
224 6.126446e-01
225 6.126446e-01
226 6.126446e-01
227 6.126446e-01
228 6.126446e-01
229 6.126446e-01
230 6.126446e-01
231 6.126446e-01
232 6.126446e-01
233 6.126446e-01
234 6.126446e-01
235 6.126446e-01
236 6.126446e-01
237 6.126446e-01
238 6.126446e-01
239 6.126446e-01
240 6.126446e-01
241 6.126446e-01
242 6.126446e-01
243 6.126446e-01
244 6.126446e-01
245 6.126446e-01
246 6.126446e-01
247 6.126446e-01
248 6.126446e-01
249 6.126446e-01
250 6.126446e-01
251 6.126446e-01
252 6.126446e-01
253 6.126446e-01
254 6.126446e-01
255 6.126446e-01
256 6.126446e-01
257 6.126446e-01
258 6.126446e-01
259 6.126446e-01
260 6.126446e-01
261 6.126446e-01
262 6.126446e-01
263 6.126446e-01
264 6.126446e-01
265 6.126446e-01
266 6.126446e-01
267 6.126446e-01
268 6.126446e-01
269 6.126446e-01
270 6.126446e-01
271 6.126446e-01
272 6.126446e-01
273 6.126446e-01
274 6.126446e-01
275 6.126446e-01
276 6.126446e-01
277 6.126446e-01
278 6.126446e-01
279 6.126446e-01
280 6.126446e-01
281 6.126446e-01
282 6.126446e-01
283 6.126446e-01
284 6.126446e-01
285 6.126446e-01
286 6.126446e-01
287 6.126446e-01
288 6.126446e-01
289 6.126446e-01
290 6.126446e-01
291 6.126446e-01
292 6.126446e-01
293 6.126446e-01
294 6.126446e-01
295 6.126446e-01
296 6.126446e-01
297 6.126446e-01
298 6.126446e-01
299 6.126446e-01
300 6.126446e-01
