1 0.156731
2 0.584615
3 0.159615
4 0.584615
5 0.159615
6 0.585577
7 0.159615
8 0.585577
9 0.159615
10 0.585577
11 0.159615
12 0.585577
13 0.159615
14 0.585577
15 0.159615
16 0.585577
17 0.159615
18 0.585577
19 0.159615
20 0.585577
21 0.159615
22 0.585577
23 0.159615
24 0.585577
25 0.159615
26 0.585577
27 0.159615
28 0.585577
29 0.159615
30 0.585577
31 0.159615
32 0.585577
33 0.159615
34 0.585577
35 0.159615
36 0.585577
37 0.159615
38 0.585577
39 0.159615
40 0.585577
41 0.159615
42 0.585577
43 0.159615
44 0.585577
45 0.159615
46 0.585577
47 0.159615
48 0.585577
49 0.159615
50 0.585577
51 0.159615
52 0.585577
53 0.159615
54 0.585577
55 0.159615
56 0.585577
57 0.159615
58 0.585577
59 0.159615
60 0.585577
61 0.159615
62 0.585577
63 0.159615
64 0.585577
65 0.159615
66 0.585577
67 0.159615
68 0.585577
69 0.159615
70 0.585577
71 0.159615
72 0.585577
73 0.159615
74 0.585577
75 0.159615
76 0.585577
77 0.159615
78 0.585577
79 0.159615
80 0.585577
81 0.159615
82 0.585577
83 0.159615
84 0.585577
85 0.159615
86 0.585577
87 0.159615
88 0.585577
89 0.159615
90 0.585577
91 0.159615
92 0.585577
93 0.159615
94 0.585577
95 0.159615
96 0.585577
97 0.159615
98 0.585577
99 0.159615
100 0.585577
101 0.213462
102 0.562500
103 0.208654
104 0.560577
105 0.209615
106 0.560577
107 0.209615
108 0.561538
109 0.209615
110 0.561538
111 0.209615
112 0.561538
113 0.209615
114 0.562500
115 0.210577
116 0.562500
117 0.210577
118 0.562500
119 0.210577
120 0.562500
121 0.210577
122 0.562500
123 0.210577
124 0.562500
125 0.210577
126 0.562500
127 0.210577
128 0.562500
129 0.210577
130 0.562500
131 0.210577
132 0.562500
133 0.210577
134 0.562500
135 0.210577
136 0.562500
137 0.210577
138 0.562500
139 0.210577
140 0.562500
141 0.210577
142 0.562500
143 0.210577
144 0.562500
145 0.211538
146 0.562500
147 0.211538
148 0.562500
149 0.211538
150 0.562500
151 0.211538
152 0.562500
153 0.211538
154 0.562500
155 0.211538
156 0.562500
157 0.211538
158 0.562500
159 0.211538
160 0.562500
161 0.211538
162 0.562500
163 0.211538
164 0.562500
165 0.211538
166 0.562500
167 0.211538
168 0.562500
169 0.211538
170 0.562500
171 0.211538
172 0.562500
173 0.211538
174 0.562500
175 0.211538
176 0.562500
177 0.211538
178 0.562500
179 0.211538
180 0.562500
181 0.211538
182 0.562500
183 0.211538
184 0.562500
185 0.211538
186 0.562500
187 0.211538
188 0.562500
189 0.211538
190 0.562500
191 0.211538
192 0.562500
193 0.211538
194 0.562500
195 0.211538
196 0.562500
197 0.211538
198 0.562500
199 0.211538
200 0.562500
201 0.229808
202 0.560577
203 0.231731
204 0.562500
205 0.228846
206 0.562500
207 0.226923
208 0.561538
209 0.226923
210 0.561538
211 0.226923
212 0.561538
213 0.226923
214 0.560577
215 0.226923
216 0.560577
217 0.226923
218 0.560577
219 0.226923
220 0.560577
221 0.226923
222 0.560577
223 0.226923
224 0.560577
225 0.226923
226 0.560577
227 0.226923
228 0.560577
229 0.226923
230 0.560577
231 0.226923
232 0.560577
233 0.226923
234 0.560577
235 0.226923
236 0.560577
237 0.226923
238 0.560577
239 0.226923
240 0.560577
241 0.226923
242 0.560577
243 0.226923
244 0.560577
245 0.226923
246 0.560577
247 0.226923
248 0.560577
249 0.226923
250 0.560577
251 0.226923
252 0.560577
253 0.226923
254 0.560577
255 0.226923
256 0.560577
257 0.226923
258 0.560577
259 0.226923
260 0.560577
261 0.226923
262 0.560577
263 0.226923
264 0.560577
265 0.226923
266 0.560577
267 0.226923
268 0.560577
269 0.226923
270 0.560577
271 0.226923
272 0.560577
273 0.226923
274 0.560577
275 0.226923
276 0.560577
277 0.226923
278 0.560577
279 0.226923
280 0.560577
281 0.226923
282 0.560577
283 0.226923
284 0.560577
285 0.226923
286 0.560577
287 0.226923
288 0.560577
289 0.226923
290 0.560577
291 0.226923
292 0.560577
293 0.226923
294 0.560577
295 0.226923
296 0.560577
297 0.226923
298 0.560577
299 0.226923
300 0.560577
