1 0.185417
2 0.697917
3 0.191667
4 0.714583
5 0.191667
6 0.718750
7 0.195833
8 0.718750
9 0.193750
10 0.718750
11 0.195833
12 0.718750
13 0.195833
14 0.718750
15 0.195833
16 0.718750
17 0.195833
18 0.718750
19 0.195833
20 0.718750
21 0.195833
22 0.718750
23 0.195833
24 0.718750
25 0.195833
26 0.718750
27 0.195833
28 0.718750
29 0.195833
30 0.718750
31 0.195833
32 0.718750
33 0.195833
34 0.718750
35 0.195833
36 0.718750
37 0.195833
38 0.718750
39 0.195833
40 0.718750
41 0.195833
42 0.718750
43 0.195833
44 0.718750
45 0.195833
46 0.718750
47 0.195833
48 0.718750
49 0.195833
50 0.718750
51 0.195833
52 0.718750
53 0.195833
54 0.718750
55 0.195833
56 0.718750
57 0.195833
58 0.718750
59 0.195833
60 0.718750
61 0.195833
62 0.718750
63 0.195833
64 0.718750
65 0.195833
66 0.718750
67 0.195833
68 0.718750
69 0.195833
70 0.718750
71 0.195833
72 0.718750
73 0.195833
74 0.718750
75 0.195833
76 0.718750
77 0.195833
78 0.718750
79 0.195833
80 0.718750
81 0.195833
82 0.718750
83 0.195833
84 0.718750
85 0.195833
86 0.718750
87 0.195833
88 0.718750
89 0.195833
90 0.718750
91 0.195833
92 0.718750
93 0.195833
94 0.718750
95 0.195833
96 0.718750
97 0.195833
98 0.718750
99 0.195833
100 0.718750
101 0.408333
102 0.720833
103 0.418750
104 0.716667
105 0.414583
106 0.702083
107 0.418750
108 0.691667
109 0.416667
110 0.687500
111 0.412500
112 0.681250
113 0.412500
114 0.675000
115 0.414583
116 0.672917
117 0.414583
118 0.672917
119 0.414583
120 0.675000
121 0.414583
122 0.675000
123 0.414583
124 0.675000
125 0.414583
126 0.675000
127 0.416667
128 0.675000
129 0.416667
130 0.675000
131 0.418750
132 0.677083
133 0.418750
134 0.677083
135 0.418750
136 0.677083
137 0.418750
138 0.677083
139 0.418750
140 0.677083
141 0.418750
142 0.677083
143 0.418750
144 0.677083
145 0.418750
146 0.677083
147 0.418750
148 0.677083
149 0.418750
150 0.675000
151 0.418750
152 0.675000
153 0.418750
154 0.675000
155 0.418750
156 0.675000
157 0.418750
158 0.675000
159 0.418750
160 0.675000
161 0.418750
162 0.675000
163 0.418750
164 0.675000
165 0.418750
166 0.675000
167 0.418750
168 0.675000
169 0.418750
170 0.675000
171 0.418750
172 0.675000
173 0.418750
174 0.675000
175 0.418750
176 0.675000
177 0.418750
178 0.675000
179 0.418750
180 0.675000
181 0.418750
182 0.675000
183 0.418750
184 0.675000
185 0.418750
186 0.675000
187 0.418750
188 0.675000
189 0.418750
190 0.675000
191 0.418750
192 0.675000
193 0.418750
194 0.675000
195 0.418750
196 0.675000
197 0.418750
198 0.675000
199 0.418750
200 0.675000
201 0.372917
202 0.677083
203 0.377083
204 0.681250
205 0.366667
206 0.683333
207 0.356250
208 0.685417
209 0.356250
210 0.687500
211 0.356250
212 0.685417
213 0.356250
214 0.683333
215 0.354167
216 0.683333
217 0.354167
218 0.683333
219 0.354167
220 0.683333
221 0.354167
222 0.683333
223 0.354167
224 0.683333
225 0.354167
226 0.683333
227 0.354167
228 0.683333
229 0.354167
230 0.683333
231 0.354167
232 0.683333
233 0.354167
234 0.683333
235 0.354167
236 0.683333
237 0.354167
238 0.683333
239 0.354167
240 0.683333
241 0.354167
242 0.683333
243 0.354167
244 0.683333
245 0.354167
246 0.683333
247 0.354167
248 0.683333
249 0.354167
250 0.683333
251 0.354167
252 0.683333
253 0.354167
254 0.683333
255 0.354167
256 0.683333
257 0.354167
258 0.683333
259 0.354167
260 0.683333
261 0.354167
262 0.683333
263 0.354167
264 0.683333
265 0.354167
266 0.683333
267 0.354167
268 0.683333
269 0.354167
270 0.683333
271 0.354167
272 0.683333
273 0.354167
274 0.683333
275 0.354167
276 0.683333
277 0.354167
278 0.683333
279 0.354167
280 0.683333
281 0.354167
282 0.683333
283 0.354167
284 0.683333
285 0.354167
286 0.683333
287 0.354167
288 0.683333
289 0.354167
290 0.683333
291 0.354167
292 0.683333
293 0.354167
294 0.683333
295 0.354167
296 0.683333
297 0.354167
298 0.683333
299 0.354167
300 0.683333
