1 0.007031
2 0.014635
3 0.008177
4 0.023828
5 0.011797
6 0.024714
7 0.011719
8 0.026693
9 0.012656
10 0.026120
11 0.012552
12 0.026849
13 0.012760
14 0.026250
15 0.012656
16 0.027005
17 0.012839
18 0.026328
19 0.012760
20 0.027031
21 0.012969
22 0.026380
23 0.012969
24 0.026953
25 0.012891
26 0.026380
27 0.013021
28 0.026953
29 0.012969
30 0.026484
31 0.012969
32 0.026875
33 0.012995
34 0.026484
35 0.013021
36 0.026875
37 0.012969
38 0.026510
39 0.012995
40 0.026875
41 0.012995
42 0.026510
43 0.012995
44 0.026875
45 0.013021
46 0.026562
47 0.012995
48 0.026875
49 0.013021
50 0.026615
51 0.013021
52 0.026849
53 0.013021
54 0.026641
55 0.013021
56 0.026823
57 0.013021
58 0.026641
59 0.013021
60 0.026849
61 0.012995
62 0.026641
63 0.013021
64 0.026823
65 0.012969
66 0.026641
67 0.013021
68 0.026823
69 0.012969
70 0.026641
71 0.013021
72 0.026797
73 0.012969
74 0.026641
75 0.013021
76 0.026797
77 0.012969
78 0.026641
79 0.013021
80 0.026797
81 0.012969
82 0.026667
83 0.013021
84 0.026797
85 0.012969
86 0.026667
87 0.013021
88 0.026797
89 0.012969
90 0.026693
91 0.013021
92 0.026745
93 0.012995
94 0.026693
95 0.013021
96 0.026745
97 0.012995
98 0.026693
99 0.013021
100 0.026745
101 0.000729
102 0.001615
103 0.000937
104 0.001328
105 0.001224
106 0.001224
107 0.001172
108 0.001224
109 0.001198
110 0.001224
111 0.001224
112 0.001224
113 0.001224
114 0.001224
115 0.001224
116 0.001224
117 0.001224
118 0.001224
119 0.001224
120 0.001224
121 0.001224
122 0.001224
123 0.001224
124 0.001224
125 0.001224
126 0.001224
127 0.001224
128 0.001224
129 0.001224
130 0.001224
131 0.001224
132 0.001224
133 0.001224
134 0.001224
135 0.001224
136 0.001224
137 0.001224
138 0.001224
139 0.001224
140 0.001224
141 0.001224
142 0.001224
143 0.001224
144 0.001224
145 0.001224
146 0.001224
147 0.001224
148 0.001224
149 0.001224
150 0.001224
151 0.001224
152 0.001224
153 0.001224
154 0.001224
155 0.001224
156 0.001224
157 0.001224
158 0.001224
159 0.001224
160 0.001224
161 0.001224
162 0.001224
163 0.001224
164 0.001224
165 0.001224
166 0.001224
167 0.001224
168 0.001224
169 0.001224
170 0.001224
171 0.001224
172 0.001224
173 0.001224
174 0.001224
175 0.001224
176 0.001224
177 0.001224
178 0.001224
179 0.001224
180 0.001224
181 0.001224
182 0.001224
183 0.001224
184 0.001224
185 0.001224
186 0.001224
187 0.001224
188 0.001224
189 0.001224
190 0.001224
191 0.001224
192 0.001224
193 0.001224
194 0.001224
195 0.001224
196 0.001224
197 0.001224
198 0.001224
199 0.001224
200 0.001224
201 0.000313
202 0.000729
203 0.000469
204 0.000599
205 0.000547
206 0.000547
207 0.000573
208 0.000547
209 0.000547
210 0.000547
211 0.000547
212 0.000547
213 0.000547
214 0.000547
215 0.000547
216 0.000547
217 0.000547
218 0.000547
219 0.000547
220 0.000547
221 0.000547
222 0.000547
223 0.000547
224 0.000547
225 0.000547
226 0.000547
227 0.000547
228 0.000547
229 0.000547
230 0.000547
231 0.000547
232 0.000547
233 0.000547
234 0.000547
235 0.000547
236 0.000547
237 0.000547
238 0.000547
239 0.000547
240 0.000547
241 0.000547
242 0.000547
243 0.000547
244 0.000547
245 0.000547
246 0.000547
247 0.000547
248 0.000547
249 0.000547
250 0.000547
251 0.000547
252 0.000547
253 0.000547
254 0.000547
255 0.000547
256 0.000547
257 0.000547
258 0.000547
259 0.000547
260 0.000547
261 0.000547
262 0.000547
263 0.000547
264 0.000547
265 0.000547
266 0.000547
267 0.000547
268 0.000547
269 0.000547
270 0.000547
271 0.000547
272 0.000547
273 0.000547
274 0.000547
275 0.000547
276 0.000547
277 0.000547
278 0.000547
279 0.000547
280 0.000547
281 0.000547
282 0.000547
283 0.000547
284 0.000547
285 0.000547
286 0.000547
287 0.000547
288 0.000547
289 0.000547
290 0.000547
291 0.000547
292 0.000547
293 0.000547
294 0.000547
295 0.000547
296 0.000547
297 0.000547
298 0.000547
299 0.000547
300 0.000547
