1 0.180000
2 0.644479
3 0.178437
4 0.649062
5 0.178854
6 0.650625
7 0.179792
8 0.650625
9 0.180104
10 0.650833
11 0.180625
12 0.651042
13 0.181250
14 0.651146
15 0.181458
16 0.651146
17 0.181562
18 0.650937
19 0.181875
20 0.650937
21 0.182083
22 0.650937
23 0.182292
24 0.650937
25 0.182396
26 0.650833
27 0.182500
28 0.650833
29 0.182500
30 0.650833
31 0.182708
32 0.650833
33 0.182708
34 0.650833
35 0.182708
36 0.650729
37 0.182812
38 0.650833
39 0.182917
40 0.650833
41 0.182917
42 0.650937
43 0.182917
44 0.650937
45 0.182917
46 0.651042
47 0.183021
48 0.651042
49 0.183021
50 0.651042
51 0.183021
52 0.651042
53 0.183021
54 0.651042
55 0.183021
56 0.651042
57 0.183021
58 0.651042
59 0.183021
60 0.651042
61 0.183021
62 0.651042
63 0.183021
64 0.651042
65 0.183021
66 0.651042
67 0.183021
68 0.651042
69 0.183021
70 0.651042
71 0.183021
72 0.651042
73 0.183021
74 0.651042
75 0.183021
76 0.651042
77 0.183021
78 0.651042
79 0.183021
80 0.651042
81 0.183021
82 0.651042
83 0.183021
84 0.651042
85 0.183021
86 0.651042
87 0.183021
88 0.651042
89 0.183021
90 0.651042
91 0.183021
92 0.651042
93 0.183021
94 0.651042
95 0.183021
96 0.651042
97 0.183125
98 0.651042
99 0.183125
100 0.651042
