1 0.207292
2 0.357292
3 0.225000
4 0.444792
5 0.268229
6 0.490625
7 0.302604
8 0.519792
9 0.324479
10 0.536979
11 0.333854
12 0.548438
13 0.340625
14 0.551562
15 0.342708
16 0.552604
17 0.342708
18 0.553125
19 0.343750
20 0.553125
21 0.343750
22 0.553125
23 0.343750
24 0.553125
25 0.343750
26 0.553125
27 0.343750
28 0.553125
29 0.344271
30 0.553125
31 0.344271
32 0.552604
33 0.344271
34 0.552604
35 0.344271
36 0.552604
37 0.344271
38 0.552604
39 0.344792
40 0.553125
41 0.344792
42 0.553125
43 0.344792
44 0.553125
45 0.344792
46 0.553125
47 0.344792
48 0.553125
49 0.344792
50 0.553125
51 0.344792
52 0.553125
53 0.344792
54 0.553125
55 0.344792
56 0.553125
57 0.344792
58 0.553125
59 0.344792
60 0.553125
61 0.344792
62 0.553125
63 0.344792
64 0.553125
65 0.344792
66 0.553125
67 0.344792
68 0.553125
69 0.344792
70 0.553125
71 0.344792
72 0.553125
73 0.344792
74 0.553125
75 0.344792
76 0.553125
77 0.344792
78 0.553125
79 0.344792
80 0.553125
81 0.344792
82 0.553125
83 0.344792
84 0.553125
85 0.344792
86 0.553125
87 0.344792
88 0.553125
89 0.344792
90 0.553125
91 0.344792
92 0.553125
93 0.344792
94 0.553125
95 0.344792
96 0.553125
97 0.344792
98 0.553125
99 0.344792
100 0.553125
101 0.000000
102 0.000000
103 0.000000
104 0.000000
105 0.000000
106 0.000000
107 0.000000
108 0.000000
109 0.000000
110 0.000000
111 0.000000
112 0.000000
113 0.000000
114 0.000000
115 0.000000
116 0.000000
117 0.000000
118 0.000000
119 0.000000
120 0.000000
121 0.000000
122 0.000000
123 0.000000
124 0.000000
125 0.000000
126 0.000000
127 0.000000
128 0.000000
129 0.000000
130 0.000000
131 0.000000
132 0.000000
133 0.000000
134 0.000000
135 0.000000
136 0.000000
137 0.000000
138 0.000000
139 0.000000
140 0.000000
141 0.000000
142 0.000000
143 0.000000
144 0.000000
145 0.000000
146 0.000000
147 0.000000
148 0.000000
149 0.000000
150 0.000000
151 0.000000
152 0.000000
153 0.000000
154 0.000000
155 0.000000
156 0.000000
157 0.000000
158 0.000000
159 0.000000
160 0.000000
161 0.000000
162 0.000000
163 0.000000
164 0.000000
165 0.000000
166 0.000000
167 0.000000
168 0.000000
169 0.000000
170 0.000000
171 0.000000
172 0.000000
173 0.000000
174 0.000000
175 0.000000
176 0.000000
177 0.000000
178 0.000000
179 0.000000
180 0.000000
181 0.000000
182 0.000000
183 0.000000
184 0.000000
185 0.000000
186 0.000000
187 0.000000
188 0.000000
189 0.000000
190 0.000000
191 0.000000
192 0.000000
193 0.000000
194 0.000000
195 0.000000
196 0.000000
197 0.000000
198 0.000000
199 0.000000
200 0.000000
201 0.000000
202 0.000000
203 0.000000
204 0.000000
205 0.000000
206 0.000000
207 0.000000
208 0.000000
209 0.000000
210 0.000000
211 0.000000
212 0.000000
213 0.000000
214 0.000000
215 0.000000
216 0.000000
217 0.000000
218 0.000000
219 0.000000
220 0.000000
221 0.000000
222 0.000000
223 0.000000
224 0.000000
225 0.000000
226 0.000000
227 0.000000
228 0.000000
229 0.000000
230 0.000000
231 0.000000
232 0.000000
233 0.000000
234 0.000000
235 0.000000
236 0.000000
237 0.000000
238 0.000000
239 0.000000
240 0.000000
241 0.000000
242 0.000000
243 0.000000
244 0.000000
245 0.000000
246 0.000000
247 0.000000
248 0.000000
249 0.000000
250 0.000000
251 0.000000
252 0.000000
253 0.000000
254 0.000000
255 0.000000
256 0.000000
257 0.000000
258 0.000000
259 0.000000
260 0.000000
261 0.000000
262 0.000000
263 0.000000
264 0.000000
265 0.000000
266 0.000000
267 0.000000
268 0.000000
269 0.000000
270 0.000000
271 0.000000
272 0.000000
273 0.000000
274 0.000000
275 0.000000
276 0.000000
277 0.000000
278 0.000000
279 0.000000
280 0.000000
281 0.000000
282 0.000000
283 0.000000
284 0.000000
285 0.000000
286 0.000000
287 0.000000
288 0.000000
289 0.000000
290 0.000000
291 0.000000
292 0.000000
293 0.000000
294 0.000000
295 0.000000
296 0.000000
297 0.000000
298 0.000000
299 0.000000
300 0.000000
