1 0.029687
2 0.029687
3 0.288958
4 0.421042
5 0.156250
6 0.056354
7 0.274271
8 0.337917
9 0.178750
10 0.148438
11 0.283125
12 0.321562
13 0.143437
14 0.151979
15 0.319688
16 0.326875
17 0.145417
18 0.125417
19 0.319479
20 0.351979
21 0.153333
22 0.130833
23 0.292812
24 0.346458
25 0.179479
26 0.135208
27 0.295208
28 0.323125
29 0.179271
30 0.157812
31 0.296458
32 0.325104
33 0.156667
34 0.159688
35 0.316667
36 0.323854
37 0.162396
38 0.139896
39 0.316250
40 0.344167
41 0.159479
42 0.145104
43 0.295625
44 0.343750
45 0.181875
46 0.138021
47 0.296354
48 0.324583
49 0.184167
50 0.162917
51 0.288750
52 0.323542
53 0.163958
54 0.166771
55 0.314792
56 0.316354
57 0.162396
58 0.146667
59 0.319896
60 0.339896
61 0.158646
62 0.140000
63 0.296146
64 0.347083
65 0.182292
66 0.139063
67 0.292500
68 0.321667
69 0.189375
70 0.165521
71 0.289375
72 0.320104
73 0.165625
74 0.173333
75 0.317812
76 0.314583
77 0.157500
78 0.145937
79 0.322500
80 0.342292
81 0.158229
82 0.139375
83 0.296146
84 0.349167
85 0.186354
86 0.139792
87 0.290000
88 0.321146
89 0.189688
90 0.169687
91 0.290000
92 0.317292
93 0.162812
94 0.168437
95 0.318854
96 0.319375
97 0.159479
98 0.143646
99 0.317083
100 0.345625
101 0.117188
102 0.000104
103 0.000000
104 0.000000
105 0.000000
106 0.000000
107 0.000000
108 0.000000
109 0.000000
110 0.000000
111 0.000000
112 0.000000
113 0.000000
114 0.000000
115 0.000000
116 0.000000
117 0.000000
118 0.000000
119 0.000000
120 0.000000
121 0.000000
122 0.000000
123 0.000000
124 0.000000
125 0.000000
126 0.000000
127 0.000000
128 0.000000
129 0.000000
130 0.000000
131 0.000000
132 0.000000
133 0.000000
134 0.000000
135 0.000000
136 0.000000
137 0.000000
138 0.000000
139 0.000000
140 0.000000
141 0.000000
142 0.000000
143 0.000000
144 0.000000
145 0.000000
146 0.000000
147 0.000000
148 0.000000
149 0.000000
150 0.000000
151 0.000000
152 0.000000
153 0.000000
154 0.000000
155 0.000000
156 0.000000
157 0.000000
158 0.000000
159 0.000000
160 0.000000
161 0.000000
162 0.000000
163 0.000000
164 0.000000
165 0.000000
166 0.000000
167 0.000000
168 0.000000
169 0.000000
170 0.000000
171 0.000000
172 0.000000
173 0.000000
174 0.000000
175 0.000000
176 0.000000
177 0.000000
178 0.000000
179 0.000000
180 0.000000
181 0.000000
182 0.000000
183 0.000000
184 0.000000
185 0.000000
186 0.000000
187 0.000000
188 0.000000
189 0.000000
190 0.000000
191 0.000000
192 0.000000
193 0.000000
194 0.000000
195 0.000000
196 0.000000
197 0.000000
198 0.000000
199 0.000000
200 0.000000
201 0.000000
202 0.000000
203 0.000000
204 0.000000
205 0.000000
206 0.000000
207 0.000000
208 0.000000
209 0.000000
210 0.000000
211 0.000000
212 0.000000
213 0.000000
214 0.000000
215 0.000000
216 0.000000
217 0.000000
218 0.000000
219 0.000000
220 0.000000
221 0.000000
222 0.000000
223 0.000000
224 0.000000
225 0.000000
226 0.000000
227 0.000000
228 0.000000
229 0.000000
230 0.000000
231 0.000000
232 0.000000
233 0.000000
234 0.000000
235 0.000000
236 0.000000
237 0.000000
238 0.000000
239 0.000000
240 0.000000
241 0.000000
242 0.000000
243 0.000000
244 0.000000
245 0.000000
246 0.000000
247 0.000000
248 0.000000
249 0.000000
250 0.000000
251 0.000000
252 0.000000
253 0.000000
254 0.000000
255 0.000000
256 0.000000
257 0.000000
258 0.000000
259 0.000000
260 0.000000
261 0.000000
262 0.000000
263 0.000000
264 0.000000
265 0.000000
266 0.000000
267 0.000000
268 0.000000
269 0.000000
270 0.000000
271 0.000000
272 0.000000
273 0.000000
274 0.000000
275 0.000000
276 0.000000
277 0.000000
278 0.000000
279 0.000000
280 0.000000
281 0.000000
282 0.000000
283 0.000000
284 0.000000
285 0.000000
286 0.000000
287 0.000000
288 0.000000
289 0.000000
290 0.000000
291 0.000000
292 0.000000
293 0.000000
294 0.000000
295 0.000000
296 0.000000
297 0.000000
298 0.000000
299 0.000000
300 0.000000
