1 0.177083
2 0.468750
3 0.177083
4 0.493750
5 0.187500
6 0.493750
7 0.204167
8 0.495833
9 0.214583
10 0.495833
11 0.218750
12 0.497917
13 0.225000
14 0.497917
15 0.227083
16 0.497917
17 0.227083
18 0.497917
19 0.227083
20 0.497917
21 0.227083
22 0.497917
23 0.227083
24 0.497917
25 0.227083
26 0.497917
27 0.227083
28 0.497917
29 0.227083
30 0.497917
31 0.227083
32 0.497917
33 0.227083
34 0.497917
35 0.227083
36 0.497917
37 0.227083
38 0.497917
39 0.227083
40 0.497917
41 0.227083
42 0.497917
43 0.227083
44 0.497917
45 0.227083
46 0.497917
47 0.227083
48 0.497917
49 0.227083
50 0.497917
51 0.227083
52 0.497917
53 0.227083
54 0.497917
55 0.227083
56 0.497917
57 0.227083
58 0.497917
59 0.227083
60 0.497917
61 0.227083
62 0.497917
63 0.227083
64 0.497917
65 0.227083
66 0.497917
67 0.227083
68 0.497917
69 0.227083
70 0.497917
71 0.227083
72 0.497917
73 0.227083
74 0.497917
75 0.227083
76 0.497917
77 0.227083
78 0.497917
79 0.227083
80 0.497917
81 0.227083
82 0.497917
83 0.227083
84 0.497917
85 0.227083
86 0.497917
87 0.227083
88 0.497917
89 0.227083
90 0.497917
91 0.227083
92 0.497917
93 0.227083
94 0.497917
95 0.227083
96 0.497917
97 0.227083
98 0.497917
99 0.227083
100 0.497917
101 0.218750
102 0.410417
103 0.237500
104 0.408333
105 0.243750
106 0.406250
107 0.243750
108 0.404167
109 0.247917
110 0.404167
111 0.254167
112 0.406250
113 0.254167
114 0.397917
115 0.254167
116 0.393750
117 0.256250
118 0.395833
119 0.258333
120 0.395833
121 0.256250
122 0.393750
123 0.256250
124 0.393750
125 0.258333
126 0.393750
127 0.258333
128 0.393750
129 0.258333
130 0.395833
131 0.258333
132 0.395833
133 0.256250
134 0.395833
135 0.256250
136 0.395833
137 0.256250
138 0.395833
139 0.256250
140 0.395833
141 0.258333
142 0.395833
143 0.258333
144 0.395833
145 0.258333
146 0.393750
147 0.258333
148 0.393750
149 0.258333
150 0.393750
151 0.258333
152 0.393750
153 0.258333
154 0.395833
155 0.258333
156 0.395833
157 0.258333
158 0.395833
159 0.258333
160 0.395833
161 0.258333
162 0.395833
163 0.256250
164 0.395833
165 0.256250
166 0.395833
167 0.256250
168 0.395833
169 0.256250
170 0.395833
171 0.256250
172 0.395833
173 0.256250
174 0.395833
175 0.256250
176 0.395833
177 0.256250
178 0.395833
179 0.256250
180 0.395833
181 0.256250
182 0.395833
183 0.256250
184 0.395833
185 0.256250
186 0.395833
187 0.256250
188 0.395833
189 0.256250
190 0.395833
191 0.256250
192 0.395833
193 0.256250
194 0.395833
195 0.256250
196 0.395833
197 0.256250
198 0.395833
199 0.256250
200 0.395833
201 0.191667
202 0.360417
203 0.193750
204 0.360417
205 0.200000
206 0.354167
207 0.208333
208 0.356250
209 0.218750
210 0.356250
211 0.220833
212 0.356250
213 0.222917
214 0.354167
215 0.222917
216 0.354167
217 0.220833
218 0.354167
219 0.220833
220 0.354167
221 0.222917
222 0.358333
223 0.222917
224 0.358333
225 0.222917
226 0.358333
227 0.222917
228 0.358333
229 0.222917
230 0.358333
231 0.220833
232 0.358333
233 0.218750
234 0.358333
235 0.218750
236 0.358333
237 0.218750
238 0.358333
239 0.218750
240 0.358333
241 0.218750
242 0.360417
243 0.218750
244 0.360417
245 0.218750
246 0.360417
247 0.218750
248 0.360417
249 0.218750
250 0.360417
251 0.218750
252 0.360417
253 0.218750
254 0.360417
255 0.218750
256 0.360417
257 0.218750
258 0.360417
259 0.218750
260 0.360417
261 0.218750
262 0.360417
263 0.218750
264 0.360417
265 0.218750
266 0.360417
267 0.218750
268 0.360417
269 0.218750
270 0.360417
271 0.218750
272 0.360417
273 0.218750
274 0.360417
275 0.218750
276 0.360417
277 0.218750
278 0.360417
279 0.218750
280 0.358333
281 0.218750
282 0.358333
283 0.218750
284 0.358333
285 0.218750
286 0.358333
287 0.218750
288 0.358333
289 0.218750
290 0.358333
291 0.218750
292 0.358333
293 0.218750
294 0.358333
295 0.218750
296 0.358333
297 0.218750
298 0.358333
299 0.218750
300 0.358333
