1 0.002109
2 0.000547
3 0.000391
4 0.000391
5 0.000391
6 0.000391
7 0.000234
8 0.000469
9 0.000313
10 0.000313
11 0.000313
12 0.000391
13 0.000313
14 0.000391
15 0.000313
16 0.000391
17 0.000313
18 0.000313
19 0.000313
20 0.000313
21 0.000313
22 0.000313
23 0.000313
24 0.000313
25 0.000313
26 0.000313
27 0.000313
28 0.000313
29 0.000313
30 0.000391
31 0.000313
32 0.000391
33 0.000313
34 0.000391
35 0.000313
36 0.000391
37 0.000313
38 0.000391
39 0.000313
40 0.000391
41 0.000313
42 0.000391
43 0.000313
44 0.000391
45 0.000313
46 0.000391
47 0.000313
48 0.000391
49 0.000313
50 0.000391
51 0.000313
52 0.000391
53 0.000313
54 0.000391
55 0.000313
56 0.000391
57 0.000313
58 0.000391
59 0.000313
60 0.000391
61 0.000313
62 0.000391
63 0.000313
64 0.000391
65 0.000313
66 0.000391
67 0.000313
68 0.000391
69 0.000313
70 0.000391
71 0.000313
72 0.000391
73 0.000313
74 0.000391
75 0.000313
76 0.000391
77 0.000313
78 0.000391
79 0.000313
80 0.000391
81 0.000313
82 0.000391
83 0.000313
84 0.000391
85 0.000313
86 0.000391
87 0.000313
88 0.000391
89 0.000313
90 0.000391
91 0.000313
92 0.000391
93 0.000313
94 0.000391
95 0.000313
96 0.000391
97 0.000313
98 0.000391
99 0.000313
100 0.000391
101 0.000156
102 0.000313
103 0.000156
104 0.000234
105 0.000156
106 0.000156
107 0.000156
108 0.000156
109 0.000156
110 0.000156
111 0.000156
112 0.000156
113 0.000156
114 0.000156
115 0.000156
116 0.000156
117 0.000156
118 0.000156
119 0.000156
120 0.000156
121 0.000156
122 0.000156
123 0.000156
124 0.000156
125 0.000156
126 0.000156
127 0.000156
128 0.000156
129 0.000156
130 0.000156
131 0.000156
132 0.000156
133 0.000156
134 0.000156
135 0.000156
136 0.000156
137 0.000156
138 0.000156
139 0.000156
140 0.000156
141 0.000156
142 0.000156
143 0.000156
144 0.000156
145 0.000156
146 0.000156
147 0.000156
148 0.000156
149 0.000156
150 0.000156
151 0.000156
152 0.000156
153 0.000156
154 0.000156
155 0.000156
156 0.000156
157 0.000156
158 0.000156
159 0.000156
160 0.000156
161 0.000156
162 0.000156
163 0.000156
164 0.000156
165 0.000156
166 0.000156
167 0.000156
168 0.000156
169 0.000156
170 0.000156
171 0.000156
172 0.000156
173 0.000156
174 0.000156
175 0.000156
176 0.000156
177 0.000156
178 0.000156
179 0.000156
180 0.000156
181 0.000156
182 0.000156
183 0.000156
184 0.000156
185 0.000156
186 0.000156
187 0.000156
188 0.000156
189 0.000156
190 0.000156
191 0.000156
192 0.000156
193 0.000156
194 0.000156
195 0.000156
196 0.000156
197 0.000156
198 0.000156
199 0.000156
200 0.000156
201 0.000156
202 0.000156
203 0.000156
204 0.000156
205 0.000156
206 0.000156
207 0.000156
208 0.000156
209 0.000156
210 0.000156
211 0.000156
212 0.000156
213 0.000156
214 0.000156
215 0.000156
216 0.000156
217 0.000156
218 0.000156
219 0.000156
220 0.000156
221 0.000156
222 0.000156
223 0.000156
224 0.000156
225 0.000156
226 0.000156
227 0.000156
228 0.000156
229 0.000156
230 0.000156
231 0.000156
232 0.000156
233 0.000156
234 0.000156
235 0.000156
236 0.000156
237 0.000156
238 0.000156
239 0.000156
240 0.000156
241 0.000156
242 0.000156
243 0.000156
244 0.000156
245 0.000156
246 0.000156
247 0.000156
248 0.000156
249 0.000156
250 0.000156
251 0.000156
252 0.000156
253 0.000156
254 0.000156
255 0.000156
256 0.000156
257 0.000156
258 0.000156
259 0.000156
260 0.000156
261 0.000156
262 0.000156
263 0.000156
264 0.000156
265 0.000156
266 0.000156
267 0.000156
268 0.000156
269 0.000156
270 0.000156
271 0.000156
272 0.000156
273 0.000156
274 0.000156
275 0.000156
276 0.000156
277 0.000156
278 0.000156
279 0.000156
280 0.000156
281 0.000156
282 0.000156
283 0.000156
284 0.000156
285 0.000156
286 0.000156
287 0.000156
288 0.000156
289 0.000156
290 0.000156
291 0.000156
292 0.000156
293 0.000156
294 0.000156
295 0.000156
296 0.000156
297 0.000156
298 0.000156
299 0.000156
300 0.000156
