1 0.034545
2 0.119091
3 0.035682
4 0.123636
5 0.036364
6 0.123636
7 0.036136
8 0.124091
9 0.037273
10 0.124318
11 0.038182
12 0.124318
13 0.038409
14 0.124318
15 0.038636
16 0.124318
17 0.038864
18 0.124545
19 0.038864
20 0.124318
21 0.038864
22 0.124318
23 0.038864
24 0.124318
25 0.038864
26 0.124318
27 0.039091
28 0.124318
29 0.039091
30 0.124318
31 0.039091
32 0.124318
33 0.039091
34 0.124318
35 0.039091
36 0.124318
37 0.039091
38 0.124318
39 0.039091
40 0.124318
41 0.039091
42 0.124318
43 0.039091
44 0.124318
45 0.039318
46 0.124318
47 0.039318
48 0.124318
49 0.039318
50 0.124318
51 0.039318
52 0.124318
53 0.039318
54 0.124318
55 0.039318
56 0.124318
57 0.039318
58 0.124318
59 0.039318
60 0.124318
61 0.039318
62 0.124318
63 0.039318
64 0.124318
65 0.039318
66 0.124318
67 0.039318
68 0.124318
69 0.039318
70 0.124318
71 0.039318
72 0.124318
73 0.039318
74 0.124318
75 0.039318
76 0.124318
77 0.039545
78 0.124318
79 0.039545
80 0.124318
81 0.039545
82 0.124318
83 0.039545
84 0.124318
85 0.039545
86 0.124318
87 0.039545
88 0.124318
89 0.039545
90 0.124318
91 0.039545
92 0.124318
93 0.039545
94 0.124318
95 0.039545
96 0.124318
97 0.039545
98 0.124318
99 0.039545
100 0.124318
101 0.025455
102 0.061136
103 0.025455
104 0.055682
105 0.025455
106 0.053182
107 0.026818
108 0.051364
109 0.027045
110 0.050455
111 0.027045
112 0.050000
113 0.026818
114 0.049318
115 0.026818
116 0.048409
117 0.026818
118 0.047955
119 0.027045
120 0.047727
121 0.026818
122 0.047500
123 0.026591
124 0.047273
125 0.026364
126 0.047045
127 0.026591
128 0.046818
129 0.026591
130 0.046818
131 0.027045
132 0.046591
133 0.027045
134 0.046591
135 0.027045
136 0.046364
137 0.027045
138 0.046364
139 0.027045
140 0.046364
141 0.027045
142 0.046364
143 0.027045
144 0.046364
145 0.027045
146 0.046364
147 0.027045
148 0.046364
149 0.027045
150 0.046364
151 0.027045
152 0.045909
153 0.027273
154 0.045909
155 0.027273
156 0.045909
157 0.027273
158 0.045909
159 0.027273
160 0.045682
161 0.027273
162 0.045455
163 0.027273
164 0.045455
165 0.027273
166 0.045455
167 0.027273
168 0.045455
169 0.027273
170 0.045455
171 0.027273
172 0.045455
173 0.027273
174 0.045227
175 0.027273
176 0.045227
177 0.027045
178 0.045227
179 0.027045
180 0.045227
181 0.027045
182 0.045227
183 0.027045
184 0.045227
185 0.027045
186 0.045227
187 0.027045
188 0.045227
189 0.027045
190 0.045000
191 0.027045
192 0.045000
193 0.027045
194 0.045000
195 0.027045
196 0.045000
197 0.027045
198 0.045000
199 0.027045
200 0.045000
201 0.024091
202 0.036136
203 0.024318
204 0.034773
205 0.024091
206 0.033636
207 0.023864
208 0.032273
209 0.023864
210 0.031818
211 0.023409
212 0.031591
213 0.023409
214 0.031591
215 0.023182
216 0.031591
217 0.023182
218 0.031591
219 0.023182
220 0.031364
221 0.023409
222 0.031364
223 0.023636
224 0.031364
225 0.023636
226 0.031364
227 0.023636
228 0.031591
229 0.023636
230 0.031364
231 0.023636
232 0.031364
233 0.023636
234 0.031364
235 0.023864
236 0.031364
237 0.023864
238 0.031364
239 0.023864
240 0.031364
241 0.023864
242 0.031364
243 0.024091
244 0.031364
245 0.024091
246 0.031364
247 0.024091
248 0.031136
249 0.024091
250 0.031136
251 0.023864
252 0.031136
253 0.023864
254 0.031136
255 0.023864
256 0.031136
257 0.023864
258 0.031136
259 0.023864
260 0.031136
261 0.023864
262 0.031136
263 0.023636
264 0.031136
265 0.023409
266 0.031136
267 0.023409
268 0.031136
269 0.023409
270 0.031136
271 0.023409
272 0.031136
273 0.023409
274 0.031136
275 0.023636
276 0.031136
277 0.023409
278 0.031136
279 0.023409
280 0.031136
281 0.023409
282 0.031136
283 0.023409
284 0.030909
285 0.023409
286 0.030909
287 0.023409
288 0.030909
289 0.023409
290 0.030909
291 0.023409
292 0.030682
293 0.023409
294 0.030682
295 0.023409
296 0.030682
297 0.023409
298 0.030682
299 0.023409
300 0.030682
