1 2.514986e-01
2 6.332044e-01
3 4.600129e-01
4 2.042016e-01
5 1.709476e-01
6 2.039356e-01
7 3.170438e-01
8 3.370598e-01
9 2.565497e-01
10 2.116691e-01
11 2.173742e-01
12 2.557717e-01
13 2.792557e-01
14 2.613633e-01
15 2.374463e-01
16 2.325357e-01
17 2.447754e-01
18 2.575457e-01
19 2.559846e-01
20 2.463423e-01
21 2.413550e-01
22 2.443962e-01
23 2.501723e-01
24 2.516262e-01
25 2.484001e-01
26 2.453979e-01
27 2.456365e-01
28 2.479534e-01
29 2.492953e-01
30 2.484652e-01
31 2.469940e-01
32 2.466242e-01
33 2.474351e-01
34 2.482374e-01
35 2.481623e-01
36 2.475361e-01
37 2.471853e-01
38 2.474076e-01
39 2.478094e-01
40 2.479078e-01
41 2.476784e-01
42 2.474582e-01
43 2.474814e-01
44 2.476578e-01
45 2.477560e-01
46 2.476905e-01
47 2.475757e-01
48 2.475488e-01
49 2.476155e-01
50 2.476791e-01
51 2.476715e-01
52 2.476197e-01
53 2.475913e-01
54 2.476109e-01
55 2.476448e-01
56 2.476525e-01
57 2.476326e-01
58 2.476137e-01
59 2.476160e-01
60 2.476316e-01
61 2.476401e-01
62 2.476341e-01
63 2.476239e-01
64 2.476216e-01
65 2.476276e-01
66 2.476334e-01
67 2.476327e-01
68 2.476279e-01
69 2.476253e-01
70 2.476271e-01
71 2.476303e-01
72 2.476310e-01
73 2.476291e-01
74 2.476274e-01
75 2.476276e-01
76 2.476290e-01
77 2.476298e-01
78 2.476293e-01
79 2.476283e-01
80 2.476281e-01
81 2.476287e-01
82 2.476292e-01
83 2.476291e-01
84 2.476287e-01
85 2.476284e-01
86 2.476286e-01
87 2.476289e-01
88 2.476290e-01
89 2.476288e-01
90 2.476286e-01
91 2.476287e-01
92 2.476288e-01
93 2.476289e-01
94 2.476288e-01
95 2.476287e-01
96 2.476287e-01
97 2.476288e-01
98 2.476288e-01
99 2.476288e-01
100 2.476288e-01
101 3.009735e-01
102 5.797138e-01
103 5.488268e-01
104 3.095469e-01
105 2.433623e-01
106 2.423411e-01
107 3.315608e-01
108 4.581836e-01
109 4.045375e-01
110 2.955670e-01
111 2.615198e-01
112 2.710241e-01
113 3.468054e-01
114 3.966602e-01
115 3.453351e-01
116 2.920300e-01
117 2.759798e-01
118 2.957318e-01
119 3.495800e-01
120 3.594663e-01
121 3.194787e-01
122 2.924681e-01
123 2.876991e-01
124 3.123413e-01
125 3.447661e-01
126 3.361172e-01
127 3.083170e-01
128 2.946118e-01
129 2.978089e-01
130 3.216038e-01
131 3.366535e-01
132 3.218444e-01
133 3.038900e-01
134 2.977854e-01
135 3.062172e-01
136 3.251450e-01
137 3.282055e-01
138 3.135785e-01
139 3.026601e-01
140 3.016249e-01
141 3.124628e-01
142 3.248244e-01
143 3.210252e-01
144 3.091365e-01
145 3.030931e-01
146 3.056568e-01
147 3.163256e-01
148 3.223834e-01
149 3.156683e-01
150 3.070461e-01
151 3.044873e-01
152 3.093344e-01
153 3.180061e-01
154 3.191805e-01
155 3.120669e-01
156 3.063978e-01
157 3.064093e-01
158 3.122121e-01
159 3.180211e-01
160 3.160897e-01
161 3.098923e-01
162 3.066524e-01
163 3.084885e-01
164 3.140695e-01
165 3.170009e-01
166 3.135514e-01
167 3.087803e-01
168 3.074653e-01
169 3.103995e-01
170 3.149268e-01
171 3.155149e-01
172 3.117021e-01
173 3.084239e-01
174 3.085742e-01
175 3.119064e-01
176 3.149777e-01
177 3.139792e-01
178 3.105081e-01
179 3.085849e-01
180 3.097570e-01
181 3.128954e-01
182 3.144927e-01
183 3.126425e-01
184 3.098638e-01
185 3.090734e-01
186 3.108335e-01
187 3.133712e-01
188 3.137362e-01
189 3.116169e-01
190 3.096455e-01
191 3.097310e-01
192 3.116816e-01
193 3.134231e-01
194 3.129179e-01
195 3.109236e-01
196 3.097336e-01
197 3.104248e-01
198 3.122448e-01
199 3.131815e-01
200 3.121765e-01
201 3.173458e-01
202 3.518296e-01
203 3.448965e-01
204 3.122567e-01
205 3.077621e-01
206 3.089226e-01
207 3.207800e-01
208 3.381092e-01
209 3.266948e-01
210 3.115689e-01
211 3.101241e-01
212 3.112986e-01
213 3.237759e-01
214 3.302369e-01
215 3.183479e-01
216 3.119509e-01
217 3.114208e-01
218 3.145025e-01
219 3.251344e-01
220 3.241345e-01
221 3.145343e-01
222 3.124606e-01
223 3.123615e-01
224 3.175864e-01
225 3.246342e-01
226 3.193885e-01
227 3.130993e-01
228 3.127619e-01
229 3.135966e-01
230 3.199423e-01
231 3.227181e-01
232 3.161074e-01
233 3.127857e-01
234 3.129817e-01
235 3.152421e-01
236 3.211392e-01
237 3.201410e-01
238 3.141977e-01
239 3.128615e-01
240 3.133996e-01
241 3.170020e-01
242 3.210891e-01
243 3.176286e-01
244 3.133201e-01
245 3.130260e-01
246 3.141862e-01
247 3.184347e-01
248 3.200528e-01
249 3.156520e-01
250 3.130581e-01
251 3.132703e-01
252 3.152895e-01
253 3.191987e-01
254 3.184910e-01
255 3.143664e-01
256 3.130858e-01
257 3.136957e-01
258 3.164721e-01
259 3.191872e-01
260 3.168700e-01
261 3.136873e-01
262 3.132427e-01
263 3.143592e-01
264 3.174370e-01
265 3.185302e-01
266 3.155178e-01
267 3.134250e-01
268 3.135074e-01
269 3.152012e-01
270 3.179599e-01
271 3.175014e-01
272 3.145738e-01
273 3.134054e-01
274 3.139145e-01
275 3.160614e-01
276 3.179664e-01
277 3.163957e-01
278 3.140231e-01
279 3.135290e-01
280 3.144739e-01
281 3.167502e-01
282 3.175334e-01
283 3.154342e-01
284 3.137729e-01
285 3.137674e-01
286 3.151301e-01
287 3.171263e-01
288 3.168336e-01
289 3.147261e-01
290 3.137249e-01
291 3.141218e-01
292 3.157726e-01
293 3.171434e-01
294 3.160597e-01
295 3.142825e-01
296 3.138146e-01
297 3.145792e-01
298 3.162774e-01
299 3.168520e-01
300 3.153633e-01
