1 1.079991e-01
2 1.073765e-01
3 1.087168e-01
4 1.089536e-01
5 1.090187e-01
6 1.090489e-01
7 1.090309e-01
8 1.090271e-01
9 1.090256e-01
10 1.090253e-01
11 1.090253e-01
12 1.090253e-01
13 1.090253e-01
14 1.090253e-01
15 1.090253e-01
16 1.090253e-01
17 1.090253e-01
18 1.090253e-01
19 1.090253e-01
20 1.090253e-01
21 1.090253e-01
22 1.090253e-01
23 1.090253e-01
24 1.090253e-01
25 1.090253e-01
26 1.090253e-01
27 1.090253e-01
28 1.090253e-01
29 1.090253e-01
30 1.090253e-01
31 1.090253e-01
32 1.090253e-01
33 1.090253e-01
34 1.090253e-01
35 1.090253e-01
36 1.090253e-01
37 1.090253e-01
38 1.090253e-01
39 1.090253e-01
40 1.090253e-01
41 1.090253e-01
42 1.090253e-01
43 1.090253e-01
44 1.090253e-01
45 1.090253e-01
46 1.090253e-01
47 1.090253e-01
48 1.090253e-01
49 1.090253e-01
50 1.090253e-01
51 1.090253e-01
52 1.090253e-01
53 1.090253e-01
54 1.090253e-01
55 1.090253e-01
56 1.090253e-01
57 1.090253e-01
58 1.090253e-01
59 1.090253e-01
60 1.090253e-01
61 1.090253e-01
62 1.090253e-01
63 1.090253e-01
64 1.090253e-01
65 1.090253e-01
66 1.090253e-01
67 1.090253e-01
68 1.090253e-01
69 1.090253e-01
70 1.090253e-01
71 1.090253e-01
72 1.090253e-01
73 1.090253e-01
74 1.090253e-01
75 1.090253e-01
76 1.090253e-01
77 1.090253e-01
78 1.090253e-01
79 1.090253e-01
80 1.090253e-01
81 1.090253e-01
82 1.090253e-01
83 1.090253e-01
84 1.090253e-01
85 1.090253e-01
86 1.090253e-01
87 1.090253e-01
88 1.090253e-01
89 1.090253e-01
90 1.090253e-01
91 1.090253e-01
92 1.090253e-01
93 1.090253e-01
94 1.090253e-01
95 1.090253e-01
96 1.090253e-01
97 1.090253e-01
98 1.090253e-01
99 1.090253e-01
100 1.090253e-01
101 9.644647e-02
102 9.461542e-02
103 9.462591e-02
104 9.462698e-02
105 9.461745e-02
106 9.461638e-02
107 9.461635e-02
108 9.461637e-02
109 9.461633e-02
110 9.461634e-02
111 9.461634e-02
112 9.461634e-02
113 9.461634e-02
114 9.461634e-02
115 9.461634e-02
116 9.461634e-02
117 9.461634e-02
118 9.461634e-02
119 9.461634e-02
120 9.461634e-02
121 9.461634e-02
122 9.461634e-02
123 9.461634e-02
124 9.461634e-02
125 9.461634e-02
126 9.461634e-02
127 9.461634e-02
128 9.461634e-02
129 9.461634e-02
130 9.461634e-02
131 9.461634e-02
132 9.461634e-02
133 9.461634e-02
134 9.461634e-02
135 9.461634e-02
136 9.461634e-02
137 9.461634e-02
138 9.461634e-02
139 9.461634e-02
140 9.461634e-02
141 9.461634e-02
142 9.461634e-02
143 9.461634e-02
144 9.461634e-02
145 9.461634e-02
146 9.461634e-02
147 9.461634e-02
148 9.461634e-02
149 9.461634e-02
150 9.461634e-02
151 9.461634e-02
152 9.461634e-02
153 9.461634e-02
154 9.461634e-02
155 9.461634e-02
156 9.461634e-02
157 9.461634e-02
158 9.461634e-02
159 9.461634e-02
160 9.461634e-02
161 9.461634e-02
162 9.461634e-02
163 9.461634e-02
164 9.461634e-02
165 9.461634e-02
166 9.461634e-02
167 9.461634e-02
168 9.461634e-02
169 9.461634e-02
170 9.461634e-02
171 9.461634e-02
172 9.461634e-02
173 9.461634e-02
174 9.461634e-02
175 9.461634e-02
176 9.461634e-02
177 9.461634e-02
178 9.461634e-02
179 9.461634e-02
180 9.461634e-02
181 9.461634e-02
182 9.461634e-02
183 9.461634e-02
184 9.461634e-02
185 9.461634e-02
186 9.461634e-02
187 9.461634e-02
188 9.461634e-02
189 9.461634e-02
190 9.461634e-02
191 9.461634e-02
192 9.461634e-02
193 9.461634e-02
194 9.461634e-02
195 9.461634e-02
196 9.461634e-02
197 9.461634e-02
198 9.461634e-02
199 9.461634e-02
200 9.461634e-02
201 9.352951e-02
202 9.332687e-02
203 9.329803e-02
204 9.329147e-02
205 9.329300e-02
206 9.329376e-02
207 9.329381e-02
208 9.329384e-02
209 9.329385e-02
210 9.329384e-02
211 9.329384e-02
212 9.329384e-02
213 9.329384e-02
214 9.329384e-02
215 9.329384e-02
216 9.329384e-02
217 9.329384e-02
218 9.329384e-02
219 9.329384e-02
220 9.329384e-02
221 9.329384e-02
222 9.329384e-02
223 9.329384e-02
224 9.329384e-02
225 9.329384e-02
226 9.329384e-02
227 9.329384e-02
228 9.329384e-02
229 9.329384e-02
230 9.329384e-02
231 9.329384e-02
232 9.329384e-02
233 9.329384e-02
234 9.329384e-02
235 9.329384e-02
236 9.329384e-02
237 9.329384e-02
238 9.329384e-02
239 9.329384e-02
240 9.329384e-02
241 9.329384e-02
242 9.329384e-02
243 9.329384e-02
244 9.329384e-02
245 9.329384e-02
246 9.329384e-02
247 9.329384e-02
248 9.329384e-02
249 9.329384e-02
250 9.329384e-02
251 9.329384e-02
252 9.329384e-02
253 9.329384e-02
254 9.329384e-02
255 9.329384e-02
256 9.329384e-02
257 9.329384e-02
258 9.329384e-02
259 9.329384e-02
260 9.329384e-02
261 9.329384e-02
262 9.329384e-02
263 9.329384e-02
264 9.329384e-02
265 9.329384e-02
266 9.329384e-02
267 9.329384e-02
268 9.329384e-02
269 9.329384e-02
270 9.329384e-02
271 9.329384e-02
272 9.329384e-02
273 9.329384e-02
274 9.329384e-02
275 9.329384e-02
276 9.329384e-02
277 9.329384e-02
278 9.329384e-02
279 9.329384e-02
280 9.329384e-02
281 9.329384e-02
282 9.329384e-02
283 9.329384e-02
284 9.329384e-02
285 9.329384e-02
286 9.329384e-02
287 9.329384e-02
288 9.329384e-02
289 9.329384e-02
290 9.329384e-02
291 9.329384e-02
292 9.329384e-02
293 9.329384e-02
294 9.329384e-02
295 9.329384e-02
296 9.329384e-02
297 9.329384e-02
298 9.329384e-02
299 9.329384e-02
300 9.329384e-02
