1 4.863528e-02
2 4.240734e-02
3 4.213032e-02
4 4.214140e-02
5 4.212837e-02
6 4.213327e-02
7 4.213099e-02
8 4.213004e-02
9 4.213008e-02
10 4.213010e-02
11 4.213010e-02
12 4.213011e-02
13 4.213011e-02
14 4.213011e-02
15 4.213011e-02
16 4.213011e-02
17 4.213011e-02
18 4.213011e-02
19 4.213011e-02
20 4.213011e-02
21 4.213011e-02
22 4.213011e-02
23 4.213011e-02
24 4.213011e-02
25 4.213011e-02
26 4.213011e-02
27 4.213011e-02
28 4.213011e-02
29 4.213011e-02
30 4.213011e-02
31 4.213011e-02
32 4.213011e-02
33 4.213011e-02
34 4.213011e-02
35 4.213011e-02
36 4.213011e-02
37 4.213011e-02
38 4.213011e-02
39 4.213011e-02
40 4.213011e-02
41 4.213011e-02
42 4.213011e-02
43 4.213011e-02
44 4.213011e-02
45 4.213011e-02
46 4.213011e-02
47 4.213011e-02
48 4.213011e-02
49 4.213011e-02
50 4.213011e-02
51 4.213011e-02
52 4.213011e-02
53 4.213011e-02
54 4.213011e-02
55 4.213011e-02
56 4.213011e-02
57 4.213011e-02
58 4.213011e-02
59 4.213011e-02
60 4.213011e-02
61 4.213011e-02
62 4.213011e-02
63 4.213011e-02
64 4.213011e-02
65 4.213011e-02
66 4.213011e-02
67 4.213011e-02
68 4.213011e-02
69 4.213011e-02
70 4.213011e-02
71 4.213011e-02
72 4.213011e-02
73 4.213011e-02
74 4.213011e-02
75 4.213011e-02
76 4.213011e-02
77 4.213011e-02
78 4.213011e-02
79 4.213011e-02
80 4.213011e-02
81 4.213011e-02
82 4.213011e-02
83 4.213011e-02
84 4.213011e-02
85 4.213011e-02
86 4.213011e-02
87 4.213011e-02
88 4.213011e-02
89 4.213011e-02
90 4.213011e-02
91 4.213011e-02
92 4.213011e-02
93 4.213011e-02
94 4.213011e-02
95 4.213011e-02
96 4.213011e-02
97 4.213011e-02
98 4.213011e-02
99 4.213011e-02
100 4.213011e-02
101 3.465715e-02
102 3.411548e-02
103 3.405569e-02
104 3.405324e-02
105 3.405432e-02
106 3.405490e-02
107 3.405496e-02
108 3.405495e-02
109 3.405495e-02
110 3.405495e-02
111 3.405495e-02
112 3.405495e-02
113 3.405495e-02
114 3.405495e-02
115 3.405495e-02
116 3.405495e-02
117 3.405495e-02
118 3.405495e-02
119 3.405495e-02
120 3.405495e-02
121 3.405495e-02
122 3.405495e-02
123 3.405495e-02
124 3.405495e-02
125 3.405495e-02
126 3.405495e-02
127 3.405495e-02
128 3.405495e-02
129 3.405495e-02
130 3.405495e-02
131 3.405495e-02
132 3.405495e-02
133 3.405495e-02
134 3.405495e-02
135 3.405495e-02
136 3.405495e-02
137 3.405495e-02
138 3.405495e-02
139 3.405495e-02
140 3.405495e-02
141 3.405495e-02
142 3.405495e-02
143 3.405495e-02
144 3.405495e-02
145 3.405495e-02
146 3.405495e-02
147 3.405495e-02
148 3.405495e-02
149 3.405495e-02
150 3.405495e-02
151 3.405495e-02
152 3.405495e-02
153 3.405495e-02
154 3.405495e-02
155 3.405495e-02
156 3.405495e-02
157 3.405495e-02
158 3.405495e-02
159 3.405495e-02
160 3.405495e-02
161 3.405495e-02
162 3.405495e-02
163 3.405495e-02
164 3.405495e-02
165 3.405495e-02
166 3.405495e-02
167 3.405495e-02
168 3.405495e-02
169 3.405495e-02
170 3.405495e-02
171 3.405495e-02
172 3.405495e-02
173 3.405495e-02
174 3.405495e-02
175 3.405495e-02
176 3.405495e-02
177 3.405495e-02
178 3.405495e-02
179 3.405495e-02
180 3.405495e-02
181 3.405495e-02
182 3.405495e-02
183 3.405495e-02
184 3.405495e-02
185 3.405495e-02
186 3.405495e-02
187 3.405495e-02
188 3.405495e-02
189 3.405495e-02
190 3.405495e-02
191 3.405495e-02
192 3.405495e-02
193 3.405495e-02
194 3.405495e-02
195 3.405495e-02
196 3.405495e-02
197 3.405495e-02
198 3.405495e-02
199 3.405495e-02
200 3.405495e-02
201 3.356809e-02
202 3.357355e-02
203 3.357617e-02
204 3.357527e-02
205 3.357533e-02
206 3.357537e-02
207 3.357538e-02
208 3.357538e-02
209 3.357537e-02
210 3.357537e-02
211 3.357537e-02
212 3.357537e-02
213 3.357537e-02
214 3.357537e-02
215 3.357537e-02
216 3.357537e-02
217 3.357537e-02
218 3.357537e-02
219 3.357537e-02
220 3.357537e-02
221 3.357537e-02
222 3.357537e-02
223 3.357537e-02
224 3.357537e-02
225 3.357537e-02
226 3.357537e-02
227 3.357537e-02
228 3.357537e-02
229 3.357537e-02
230 3.357537e-02
231 3.357537e-02
232 3.357537e-02
233 3.357537e-02
234 3.357537e-02
235 3.357537e-02
236 3.357537e-02
237 3.357537e-02
238 3.357537e-02
239 3.357537e-02
240 3.357537e-02
241 3.357537e-02
242 3.357537e-02
243 3.357537e-02
244 3.357537e-02
245 3.357537e-02
246 3.357537e-02
247 3.357537e-02
248 3.357537e-02
249 3.357537e-02
250 3.357537e-02
251 3.357537e-02
252 3.357537e-02
253 3.357537e-02
254 3.357537e-02
255 3.357537e-02
256 3.357537e-02
257 3.357537e-02
258 3.357537e-02
259 3.357537e-02
260 3.357537e-02
261 3.357537e-02
262 3.357537e-02
263 3.357537e-02
264 3.357537e-02
265 3.357537e-02
266 3.357537e-02
267 3.357537e-02
268 3.357537e-02
269 3.357537e-02
270 3.357537e-02
271 3.357537e-02
272 3.357537e-02
273 3.357537e-02
274 3.357537e-02
275 3.357537e-02
276 3.357537e-02
277 3.357537e-02
278 3.357537e-02
279 3.357537e-02
280 3.357537e-02
281 3.357537e-02
282 3.357537e-02
283 3.357537e-02
284 3.357537e-02
285 3.357537e-02
286 3.357537e-02
287 3.357537e-02
288 3.357537e-02
289 3.357537e-02
290 3.357537e-02
291 3.357537e-02
292 3.357537e-02
293 3.357537e-02
294 3.357537e-02
295 3.357537e-02
296 3.357537e-02
297 3.357537e-02
298 3.357537e-02
299 3.357537e-02
300 3.357537e-02
