1 2.348477e-02
2 1.595801e-02
3 1.572796e-02
4 1.572952e-02
5 1.572846e-02
6 1.572838e-02
7 1.572826e-02
8 1.572826e-02
9 1.572826e-02
10 1.572826e-02
11 1.572826e-02
12 1.572826e-02
13 1.572826e-02
14 1.572826e-02
15 1.572826e-02
16 1.572826e-02
17 1.572826e-02
18 1.572826e-02
19 1.572826e-02
20 1.572826e-02
21 1.572826e-02
22 1.572826e-02
23 1.572826e-02
24 1.572826e-02
25 1.572826e-02
26 1.572826e-02
27 1.572826e-02
28 1.572826e-02
29 1.572826e-02
30 1.572826e-02
31 1.572826e-02
32 1.572826e-02
33 1.572826e-02
34 1.572826e-02
35 1.572826e-02
36 1.572826e-02
37 1.572826e-02
38 1.572826e-02
39 1.572826e-02
40 1.572826e-02
41 1.572826e-02
42 1.572826e-02
43 1.572826e-02
44 1.572826e-02
45 1.572826e-02
46 1.572826e-02
47 1.572826e-02
48 1.572826e-02
49 1.572826e-02
50 1.572826e-02
51 1.572826e-02
52 1.572826e-02
53 1.572826e-02
54 1.572826e-02
55 1.572826e-02
56 1.572826e-02
57 1.572826e-02
58 1.572826e-02
59 1.572826e-02
60 1.572826e-02
61 1.572826e-02
62 1.572826e-02
63 1.572826e-02
64 1.572826e-02
65 1.572826e-02
66 1.572826e-02
67 1.572826e-02
68 1.572826e-02
69 1.572826e-02
70 1.572826e-02
71 1.572826e-02
72 1.572826e-02
73 1.572826e-02
74 1.572826e-02
75 1.572826e-02
76 1.572826e-02
77 1.572826e-02
78 1.572826e-02
79 1.572826e-02
80 1.572826e-02
81 1.572826e-02
82 1.572826e-02
83 1.572826e-02
84 1.572826e-02
85 1.572826e-02
86 1.572826e-02
87 1.572826e-02
88 1.572826e-02
89 1.572826e-02
90 1.572826e-02
91 1.572826e-02
92 1.572826e-02
93 1.572826e-02
94 1.572826e-02
95 1.572826e-02
96 1.572826e-02
97 1.572826e-02
98 1.572826e-02
99 1.572826e-02
100 1.572826e-02
101 1.638280e-02
102 1.641968e-02
103 1.653250e-02
104 1.654433e-02
105 1.655276e-02
106 1.655410e-02
107 1.655484e-02
108 1.655499e-02
109 1.655506e-02
110 1.655508e-02
111 1.655509e-02
112 1.655509e-02
113 1.655509e-02
114 1.655509e-02
115 1.655509e-02
116 1.655509e-02
117 1.655509e-02
118 1.655509e-02
119 1.655509e-02
120 1.655509e-02
121 1.655509e-02
122 1.655509e-02
123 1.655509e-02
124 1.655509e-02
125 1.655509e-02
126 1.655509e-02
127 1.655509e-02
128 1.655509e-02
129 1.655509e-02
130 1.655509e-02
131 1.655509e-02
132 1.655509e-02
133 1.655509e-02
134 1.655509e-02
135 1.655509e-02
136 1.655509e-02
137 1.655509e-02
138 1.655509e-02
139 1.655509e-02
140 1.655509e-02
141 1.655509e-02
142 1.655509e-02
143 1.655509e-02
144 1.655509e-02
145 1.655509e-02
146 1.655509e-02
147 1.655509e-02
148 1.655509e-02
149 1.655509e-02
150 1.655509e-02
151 1.655509e-02
152 1.655509e-02
153 1.655509e-02
154 1.655509e-02
155 1.655509e-02
156 1.655509e-02
157 1.655509e-02
158 1.655509e-02
159 1.655509e-02
160 1.655509e-02
161 1.655509e-02
162 1.655509e-02
163 1.655509e-02
164 1.655509e-02
165 1.655509e-02
166 1.655509e-02
167 1.655509e-02
168 1.655509e-02
169 1.655509e-02
170 1.655509e-02
171 1.655509e-02
172 1.655509e-02
173 1.655509e-02
174 1.655509e-02
175 1.655509e-02
176 1.655509e-02
177 1.655509e-02
178 1.655509e-02
179 1.655509e-02
180 1.655509e-02
181 1.655509e-02
182 1.655509e-02
183 1.655509e-02
184 1.655509e-02
185 1.655509e-02
186 1.655509e-02
187 1.655509e-02
188 1.655509e-02
189 1.655509e-02
190 1.655509e-02
191 1.655509e-02
192 1.655509e-02
193 1.655509e-02
194 1.655509e-02
195 1.655509e-02
196 1.655509e-02
197 1.655509e-02
198 1.655509e-02
199 1.655509e-02
200 1.655509e-02
201 1.579965e-02
202 1.576423e-02
203 1.574949e-02
204 1.574744e-02
205 1.574654e-02
206 1.574637e-02
207 1.574630e-02
208 1.574628e-02
209 1.574628e-02
210 1.574628e-02
211 1.574628e-02
212 1.574628e-02
213 1.574628e-02
214 1.574628e-02
215 1.574628e-02
216 1.574628e-02
217 1.574628e-02
218 1.574628e-02
219 1.574628e-02
220 1.574628e-02
221 1.574628e-02
222 1.574628e-02
223 1.574628e-02
224 1.574628e-02
225 1.574628e-02
226 1.574628e-02
227 1.574628e-02
228 1.574628e-02
229 1.574628e-02
230 1.574628e-02
231 1.574628e-02
232 1.574628e-02
233 1.574628e-02
234 1.574628e-02
235 1.574628e-02
236 1.574628e-02
237 1.574628e-02
238 1.574628e-02
239 1.574628e-02
240 1.574628e-02
241 1.574628e-02
242 1.574628e-02
243 1.574628e-02
244 1.574628e-02
245 1.574628e-02
246 1.574628e-02
247 1.574628e-02
248 1.574628e-02
249 1.574628e-02
250 1.574628e-02
251 1.574628e-02
252 1.574628e-02
253 1.574628e-02
254 1.574628e-02
255 1.574628e-02
256 1.574628e-02
257 1.574628e-02
258 1.574628e-02
259 1.574628e-02
260 1.574628e-02
261 1.574628e-02
262 1.574628e-02
263 1.574628e-02
264 1.574628e-02
265 1.574628e-02
266 1.574628e-02
267 1.574628e-02
268 1.574628e-02
269 1.574628e-02
270 1.574628e-02
271 1.574628e-02
272 1.574628e-02
273 1.574628e-02
274 1.574628e-02
275 1.574628e-02
276 1.574628e-02
277 1.574628e-02
278 1.574628e-02
279 1.574628e-02
280 1.574628e-02
281 1.574628e-02
282 1.574628e-02
283 1.574628e-02
284 1.574628e-02
285 1.574628e-02
286 1.574628e-02
287 1.574628e-02
288 1.574628e-02
289 1.574628e-02
290 1.574628e-02
291 1.574628e-02
292 1.574628e-02
293 1.574628e-02
294 1.574628e-02
295 1.574628e-02
296 1.574628e-02
297 1.574628e-02
298 1.574628e-02
299 1.574628e-02
300 1.574628e-02
