1 3.570386e-02
2 3.460217e-02
3 3.441330e-02
4 3.440168e-02
5 3.439940e-02
6 3.439929e-02
7 3.439926e-02
8 3.439926e-02
9 3.439926e-02
10 3.439926e-02
11 3.439926e-02
12 3.439926e-02
13 3.439926e-02
14 3.439926e-02
15 3.439926e-02
16 3.439926e-02
17 3.439926e-02
18 3.439926e-02
19 3.439926e-02
20 3.439926e-02
21 3.439926e-02
22 3.439926e-02
23 3.439926e-02
24 3.439926e-02
25 3.439926e-02
26 3.439926e-02
27 3.439926e-02
28 3.439926e-02
29 3.439926e-02
30 3.439926e-02
31 3.439926e-02
32 3.439926e-02
33 3.439926e-02
34 3.439926e-02
35 3.439926e-02
36 3.439926e-02
37 3.439926e-02
38 3.439926e-02
39 3.439926e-02
40 3.439926e-02
41 3.439926e-02
42 3.439926e-02
43 3.439926e-02
44 3.439926e-02
45 3.439926e-02
46 3.439926e-02
47 3.439926e-02
48 3.439926e-02
49 3.439926e-02
50 3.439926e-02
51 3.439926e-02
52 3.439926e-02
53 3.439926e-02
54 3.439926e-02
55 3.439926e-02
56 3.439926e-02
57 3.439926e-02
58 3.439926e-02
59 3.439926e-02
60 3.439926e-02
61 3.439926e-02
62 3.439926e-02
63 3.439926e-02
64 3.439926e-02
65 3.439926e-02
66 3.439926e-02
67 3.439926e-02
68 3.439926e-02
69 3.439926e-02
70 3.439926e-02
71 3.439926e-02
72 3.439926e-02
73 3.439926e-02
74 3.439926e-02
75 3.439926e-02
76 3.439926e-02
77 3.439926e-02
78 3.439926e-02
79 3.439926e-02
80 3.439926e-02
81 3.439926e-02
82 3.439926e-02
83 3.439926e-02
84 3.439926e-02
85 3.439926e-02
86 3.439926e-02
87 3.439926e-02
88 3.439926e-02
89 3.439926e-02
90 3.439926e-02
91 3.439926e-02
92 3.439926e-02
93 3.439926e-02
94 3.439926e-02
95 3.439926e-02
96 3.439926e-02
97 3.439926e-02
98 3.439926e-02
99 3.439926e-02
100 3.439926e-02
101 3.381919e-02
102 3.389230e-02
103 3.445209e-02
104 3.449040e-02
105 3.451521e-02
106 3.451822e-02
107 3.451962e-02
108 3.451986e-02
109 3.451995e-02
110 3.451997e-02
111 3.451997e-02
112 3.451998e-02
113 3.451998e-02
114 3.451998e-02
115 3.451998e-02
116 3.451998e-02
117 3.451998e-02
118 3.451998e-02
119 3.451998e-02
120 3.451998e-02
121 3.451998e-02
122 3.451998e-02
123 3.451998e-02
124 3.451998e-02
125 3.451998e-02
126 3.451998e-02
127 3.451998e-02
128 3.451998e-02
129 3.451998e-02
130 3.451998e-02
131 3.451998e-02
132 3.451998e-02
133 3.451998e-02
134 3.451998e-02
135 3.451998e-02
136 3.451998e-02
137 3.451998e-02
138 3.451998e-02
139 3.451998e-02
140 3.451998e-02
141 3.451998e-02
142 3.451998e-02
143 3.451998e-02
144 3.451998e-02
145 3.451998e-02
146 3.451998e-02
147 3.451998e-02
148 3.451998e-02
149 3.451998e-02
150 3.451998e-02
151 3.451998e-02
152 3.451998e-02
153 3.451998e-02
154 3.451998e-02
155 3.451998e-02
156 3.451998e-02
157 3.451998e-02
158 3.451998e-02
159 3.451998e-02
160 3.451998e-02
161 3.451998e-02
162 3.451998e-02
163 3.451998e-02
164 3.451998e-02
165 3.451998e-02
166 3.451998e-02
167 3.451998e-02
168 3.451998e-02
169 3.451998e-02
170 3.451998e-02
171 3.451998e-02
172 3.451998e-02
173 3.451998e-02
174 3.451998e-02
175 3.451998e-02
176 3.451998e-02
177 3.451998e-02
178 3.451998e-02
179 3.451998e-02
180 3.451998e-02
181 3.451998e-02
182 3.451998e-02
183 3.451998e-02
184 3.451998e-02
185 3.451998e-02
186 3.451998e-02
187 3.451998e-02
188 3.451998e-02
189 3.451998e-02
190 3.451998e-02
191 3.451998e-02
192 3.451998e-02
193 3.451998e-02
194 3.451998e-02
195 3.451998e-02
196 3.451998e-02
197 3.451998e-02
198 3.451998e-02
199 3.451998e-02
200 3.451998e-02
201 2.441542e-02
202 2.421282e-02
203 2.412985e-02
204 2.412390e-02
205 2.412147e-02
206 2.412117e-02
207 2.412107e-02
208 2.412105e-02
209 2.412105e-02
210 2.412105e-02
211 2.412105e-02
212 2.412105e-02
213 2.412105e-02
214 2.412105e-02
215 2.412105e-02
216 2.412105e-02
217 2.412105e-02
218 2.412105e-02
219 2.412105e-02
220 2.412105e-02
221 2.412105e-02
222 2.412105e-02
223 2.412105e-02
224 2.412105e-02
225 2.412105e-02
226 2.412105e-02
227 2.412105e-02
228 2.412105e-02
229 2.412105e-02
230 2.412105e-02
231 2.412105e-02
232 2.412105e-02
233 2.412105e-02
234 2.412105e-02
235 2.412105e-02
236 2.412105e-02
237 2.412105e-02
238 2.412105e-02
239 2.412105e-02
240 2.412105e-02
241 2.412105e-02
242 2.412105e-02
243 2.412105e-02
244 2.412105e-02
245 2.412105e-02
246 2.412105e-02
247 2.412105e-02
248 2.412105e-02
249 2.412105e-02
250 2.412105e-02
251 2.412105e-02
252 2.412105e-02
253 2.412105e-02
254 2.412105e-02
255 2.412105e-02
256 2.412105e-02
257 2.412105e-02
258 2.412105e-02
259 2.412105e-02
260 2.412105e-02
261 2.412105e-02
262 2.412105e-02
263 2.412105e-02
264 2.412105e-02
265 2.412105e-02
266 2.412105e-02
267 2.412105e-02
268 2.412105e-02
269 2.412105e-02
270 2.412105e-02
271 2.412105e-02
272 2.412105e-02
273 2.412105e-02
274 2.412105e-02
275 2.412105e-02
276 2.412105e-02
277 2.412105e-02
278 2.412105e-02
279 2.412105e-02
280 2.412105e-02
281 2.412105e-02
282 2.412105e-02
283 2.412105e-02
284 2.412105e-02
285 2.412105e-02
286 2.412105e-02
287 2.412105e-02
288 2.412105e-02
289 2.412105e-02
290 2.412105e-02
291 2.412105e-02
292 2.412105e-02
293 2.412105e-02
294 2.412105e-02
295 2.412105e-02
296 2.412105e-02
297 2.412105e-02
298 2.412105e-02
299 2.412105e-02
300 2.412105e-02
