1 7.592403e-02
2 4.348732e-02
3 3.642392e-02
4 3.497504e-02
5 3.471191e-02
6 3.470077e-02
7 3.471837e-02
8 3.473729e-02
9 3.474701e-02
10 3.475228e-02
11 3.475432e-02
12 3.475524e-02
13 3.475545e-02
14 3.475555e-02
15 3.475551e-02
16 3.475545e-02
17 3.475541e-02
18 3.475542e-02
19 3.475541e-02
20 3.475540e-02
21 3.475540e-02
22 3.475539e-02
23 3.475539e-02
24 3.475538e-02
25 3.475538e-02
26 3.475538e-02
27 3.475538e-02
28 3.475538e-02
29 3.475538e-02
30 3.475538e-02
31 3.475538e-02
32 3.475538e-02
33 3.475538e-02
34 3.475538e-02
35 3.475538e-02
36 3.475538e-02
37 3.475538e-02
38 3.475538e-02
39 3.475538e-02
40 3.475538e-02
41 3.475538e-02
42 3.475538e-02
43 3.475538e-02
44 3.475538e-02
45 3.475538e-02
46 3.475538e-02
47 3.475538e-02
48 3.475538e-02
49 3.475538e-02
50 3.475538e-02
51 3.475538e-02
52 3.475538e-02
53 3.475538e-02
54 3.475538e-02
55 3.475538e-02
56 3.475538e-02
57 3.475538e-02
58 3.475538e-02
59 3.475538e-02
60 3.475538e-02
61 3.475538e-02
62 3.475538e-02
63 3.475538e-02
64 3.475538e-02
65 3.475538e-02
66 3.475538e-02
67 3.475538e-02
68 3.475538e-02
69 3.475538e-02
70 3.475538e-02
71 3.475538e-02
72 3.475538e-02
73 3.475538e-02
74 3.475538e-02
75 3.475538e-02
76 3.475538e-02
77 3.475538e-02
78 3.475538e-02
79 3.475538e-02
80 3.475538e-02
81 3.475538e-02
82 3.475538e-02
83 3.475538e-02
84 3.475538e-02
85 3.475538e-02
86 3.475538e-02
87 3.475538e-02
88 3.475538e-02
89 3.475538e-02
90 3.475538e-02
91 3.475538e-02
92 3.475538e-02
93 3.475538e-02
94 3.475538e-02
95 3.475538e-02
96 3.475538e-02
97 3.475538e-02
98 3.475538e-02
99 3.475538e-02
100 3.475538e-02
101 2.959327e-02
102 2.805102e-02
103 2.763084e-02
104 2.753151e-02
105 2.750414e-02
106 2.749885e-02
107 2.749641e-02
108 2.749629e-02
109 2.749604e-02
110 2.749607e-02
111 2.749604e-02
112 2.749605e-02
113 2.749603e-02
114 2.749603e-02
115 2.749603e-02
116 2.749603e-02
117 2.749603e-02
118 2.749603e-02
119 2.749603e-02
120 2.749603e-02
121 2.749603e-02
122 2.749603e-02
123 2.749603e-02
124 2.749603e-02
125 2.749603e-02
126 2.749603e-02
127 2.749603e-02
128 2.749603e-02
129 2.749603e-02
130 2.749603e-02
131 2.749603e-02
132 2.749603e-02
133 2.749603e-02
134 2.749603e-02
135 2.749603e-02
136 2.749603e-02
137 2.749603e-02
138 2.749603e-02
139 2.749603e-02
140 2.749603e-02
141 2.749603e-02
142 2.749603e-02
143 2.749603e-02
144 2.749603e-02
145 2.749603e-02
146 2.749603e-02
147 2.749603e-02
148 2.749603e-02
149 2.749603e-02
150 2.749603e-02
151 2.749603e-02
152 2.749603e-02
153 2.749603e-02
154 2.749603e-02
155 2.749603e-02
156 2.749603e-02
157 2.749603e-02
158 2.749603e-02
159 2.749603e-02
160 2.749603e-02
161 2.749603e-02
162 2.749603e-02
163 2.749603e-02
164 2.749603e-02
165 2.749603e-02
166 2.749603e-02
167 2.749603e-02
168 2.749603e-02
169 2.749603e-02
170 2.749603e-02
171 2.749603e-02
172 2.749603e-02
173 2.749603e-02
174 2.749603e-02
175 2.749603e-02
176 2.749603e-02
177 2.749603e-02
178 2.749603e-02
179 2.749603e-02
180 2.749603e-02
181 2.749603e-02
182 2.749603e-02
183 2.749603e-02
184 2.749603e-02
185 2.749603e-02
186 2.749603e-02
187 2.749603e-02
188 2.749603e-02
189 2.749603e-02
190 2.749603e-02
191 2.749603e-02
192 2.749603e-02
193 2.749603e-02
194 2.749603e-02
195 2.749603e-02
196 2.749603e-02
197 2.749603e-02
198 2.749603e-02
199 2.749603e-02
200 2.749603e-02
201 2.682520e-02
202 2.669702e-02
203 2.666514e-02
204 2.665795e-02
205 2.665634e-02
206 2.665575e-02
207 2.665564e-02
208 2.665563e-02
209 2.665559e-02
210 2.665556e-02
211 2.665556e-02
212 2.665555e-02
213 2.665555e-02
214 2.665555e-02
215 2.665555e-02
216 2.665555e-02
217 2.665555e-02
218 2.665555e-02
219 2.665555e-02
220 2.665555e-02
221 2.665555e-02
222 2.665555e-02
223 2.665555e-02
224 2.665555e-02
225 2.665555e-02
226 2.665555e-02
227 2.665555e-02
228 2.665555e-02
229 2.665555e-02
230 2.665555e-02
231 2.665555e-02
232 2.665555e-02
233 2.665555e-02
234 2.665555e-02
235 2.665555e-02
236 2.665555e-02
237 2.665555e-02
238 2.665555e-02
239 2.665555e-02
240 2.665555e-02
241 2.665555e-02
242 2.665555e-02
243 2.665555e-02
244 2.665555e-02
245 2.665555e-02
246 2.665555e-02
247 2.665555e-02
248 2.665555e-02
249 2.665555e-02
250 2.665555e-02
251 2.665555e-02
252 2.665555e-02
253 2.665555e-02
254 2.665555e-02
255 2.665555e-02
256 2.665555e-02
257 2.665555e-02
258 2.665555e-02
259 2.665555e-02
260 2.665555e-02
261 2.665555e-02
262 2.665555e-02
263 2.665555e-02
264 2.665555e-02
265 2.665555e-02
266 2.665555e-02
267 2.665555e-02
268 2.665555e-02
269 2.665555e-02
270 2.665555e-02
271 2.665555e-02
272 2.665555e-02
273 2.665555e-02
274 2.665555e-02
275 2.665555e-02
276 2.665555e-02
277 2.665555e-02
278 2.665555e-02
279 2.665555e-02
280 2.665555e-02
281 2.665555e-02
282 2.665555e-02
283 2.665555e-02
284 2.665555e-02
285 2.665555e-02
286 2.665555e-02
287 2.665555e-02
288 2.665555e-02
289 2.665555e-02
290 2.665555e-02
291 2.665555e-02
292 2.665555e-02
293 2.665555e-02
294 2.665555e-02
295 2.665555e-02
296 2.665555e-02
297 2.665555e-02
298 2.665555e-02
299 2.665555e-02
300 2.665555e-02
