0.000000 0.000000
0.000000 2.560000
1.583889 0.013668
1.583889 0.013668
1.583889 0.013668
1.583889 0.013668
1.583889 0.013668
1.583889 0.013668
1.583889 0.013668
1.583889 0.013668
1.583889 0.013668
1.583889 0.013668
1.583889 0.013668
1.583889 0.013668
1.583889 0.013668
1.583889 0.013668
1.583889 0.013668
1.583889 0.013668
1.583889 0.013668
1.583889 0.013668
1.583889 0.013668
1.583889 0.013668
1.583889 0.013668
1.583889 0.013668
1.583889 0.013668
1.583889 0.013668
1.583889 0.013668
1.583889 0.013668
1.583889 0.013668
1.583889 0.013668
1.583889 0.013668
1.583889 0.013668
1.589361 0.013668
1.592670 0.002458
1.596170 0.001480
1.598110 0.000306
1.599358 0.000176
1.599609 0.000050
1.599673 0.000029
1.599803 0.000016
1.599690 0.000012
1.599737 0.000011
1.599794 0.000010
1.599687 0.000006
1.599769 0.000007
1.599908 0.000006
1.599878 0.000007
1.599662 0.000008
1.599722 0.000006
1.599784 0.000008
1.599786 0.000008
1.599659 0.000006
1.599694 0.000008
1.599737 0.000005
1.599817 0.000006
1.599733 0.000007
1.599745 0.000005
1.599841 0.000004
1.599846 0.000007
1.599776 0.000007
BER = 0.00890625 Computation time = 52.396960[sec]
