1 0.222301
2 0.187358
3 0.174716
4 0.171591
5 0.171307
6 0.170597
7 0.168040
8 0.170739
9 0.169602
10 0.171165
11 0.169602
12 0.170739
13 0.170313
14 0.170739
15 0.170739
16 0.174148
17 0.157102
18 0.153125
19 0.151278
20 0.150142
21 0.151562
22 0.151136
23 0.149148
24 0.149148
25 0.150142
26 0.149432
27 0.149148
28 0.149148
29 0.149290
30 0.148864
31 0.142045
32 0.140767
33 0.139773
34 0.136222
35 0.140199
36 0.137784
37 0.136080
38 0.138068
39 0.139063
40 0.138778
41 0.138494
42 0.139631
43 0.139489
44 0.139205
45 0.139773
46 0.132386
47 0.129545
48 0.125000
49 0.125284
50 0.124290
51 0.125568
52 0.124006
53 0.123437
54 0.123864
55 0.124432
56 0.125142
57 0.125710
58 0.125710
59 0.125426
60 0.124858
61 0.115483
62 0.113210
63 0.113920
64 0.114489
65 0.115057
66 0.115625
67 0.117614
68 0.117045
69 0.117472
70 0.116761
71 0.116619
72 0.116051
73 0.116335
74 0.115483
75 0.116193
76 0.112358
77 0.108949
78 0.108239
79 0.106960
80 0.106818
81 0.106108
82 0.107955
83 0.106108
84 0.107386
85 0.106676
86 0.106960
87 0.106392
88 0.105966
89 0.106818
90 0.106534
91 0.102131
92 0.101420
93 0.103125
94 0.101989
95 0.101278
96 0.102983
97 0.102983
98 0.103693
99 0.104545
100 0.104830
101 0.103835
102 0.104119
103 0.103977
104 0.103125
105 0.103267
106 0.100000
107 0.096165
108 0.094602
109 0.095028
110 0.095881
111 0.095455
112 0.094886
113 0.093892
114 0.095597
115 0.095170
116 0.095597
117 0.094744
118 0.094602
119 0.095028
120 0.094602
121 0.094176
122 0.095028
123 0.095170
124 0.091903
125 0.093182
126 0.094034
127 0.095170
128 0.095028
129 0.096733
130 0.097017
131 0.095455
132 0.095312
133 0.095739
134 0.095028
135 0.094602
136 0.092045
137 0.091335
138 0.089915
139 0.092614
140 0.091619
141 0.090199
142 0.088778
143 0.089205
144 0.088494
145 0.086790
146 0.087784
147 0.088068
148 0.087074
149 0.089062
150 0.088920
151 0.088068
152 0.089915
153 0.089773
154 0.087926
155 0.089489
156 0.089489
157 0.089063
158 0.090199
159 0.089063
160 0.089631
161 0.090057
162 0.089489
163 0.087926
164 0.088352
165 0.088636
166 0.087642
167 0.085938
168 0.086222
169 0.085653
170 0.084375
171 0.084659
172 0.084091
173 0.082386
174 0.081534
175 0.082670
176 0.083097
177 0.082812
178 0.083381
179 0.082812
180 0.084659
181 0.082812
182 0.083807
183 0.082955
184 0.083097
185 0.082528
186 0.082244
187 0.082102
188 0.084801
189 0.084801
190 0.084943
191 0.083523
192 0.084091
193 0.083523
194 0.083949
195 0.081960
196 0.082670
197 0.082812
198 0.080256
199 0.081392
200 0.079119
201 0.079545
202 0.079403
203 0.079687
204 0.078267
205 0.079545
206 0.079403
207 0.079830
208 0.079261
209 0.080540
210 0.079403
211 0.079545
212 0.077273
213 0.076705
214 0.077983
215 0.078125
216 0.078693
217 0.076989
218 0.078409
219 0.079830
220 0.079119
221 0.078977
222 0.078977
223 0.079972
224 0.079119
225 0.077983
226 0.079403
227 0.077699
228 0.078125
229 0.076989
230 0.075568
231 0.076278
232 0.075000
233 0.074858
234 0.075568
235 0.074574
236 0.074574
237 0.073437
238 0.074148
239 0.072727
240 0.074148
241 0.076705
242 0.073011
243 0.073438
244 0.074432
245 0.072159
246 0.073011
247 0.073437
248 0.074290
249 0.074716
250 0.075142
251 0.074290
252 0.074006
253 0.074148
254 0.074290
255 0.072869
256 0.074858
257 0.073438
258 0.075000
259 0.075000
260 0.072869
261 0.072443
262 0.072301
263 0.071875
264 0.072443
265 0.071591
266 0.071591
267 0.070455
268 0.072159
269 0.071307
270 0.071449
271 0.074148
272 0.071307
273 0.072159
274 0.073295
275 0.071165
276 0.070597
277 0.071591
278 0.072159
279 0.072017
280 0.072443
281 0.071875
282 0.070312
283 0.071733
284 0.071449
285 0.070312
286 0.073011
287 0.073295
288 0.073437
289 0.074148
290 0.071733
291 0.072585
292 0.071733
293 0.071591
294 0.071449
295 0.070170
296 0.070170
297 0.068892
298 0.070881
299 0.071733
300 0.070170
