1 0.215170
2 0.169190
3 0.152457
4 0.144943
5 0.140668
6 0.139105
7 0.138722
8 0.138835
9 0.138693
10 0.139020
11 0.138608
12 0.139403
13 0.139006
14 0.139602
15 0.139460
16 0.126406
17 0.109716
18 0.103636
19 0.101236
20 0.100213
21 0.098452
22 0.096804
23 0.097287
24 0.097955
25 0.097841
26 0.096776
27 0.095923
28 0.095724
29 0.096250
30 0.095483
31 0.081832
32 0.074318
33 0.068551
34 0.066619
35 0.065256
36 0.063920
37 0.064545
38 0.064716
39 0.065469
40 0.065724
41 0.064602
42 0.064830
43 0.065597
44 0.065625
45 0.064957
46 0.054446
47 0.048452
48 0.045071
49 0.043537
50 0.042102
51 0.041577
52 0.041932
53 0.042330
54 0.042827
55 0.043509
56 0.043636
57 0.043395
58 0.043239
59 0.043693
60 0.043438
61 0.034716
62 0.029460
63 0.025710
64 0.023452
65 0.021889
66 0.020866
67 0.020284
68 0.020838
69 0.020540
70 0.020142
71 0.019872
72 0.019673
73 0.019574
74 0.019503
75 0.019460
76 0.015824
77 0.012955
78 0.011989
79 0.011449
80 0.010540
81 0.010142
82 0.010057
83 0.009616
84 0.009119
85 0.009105
86 0.008963
87 0.009233
88 0.009332
89 0.009077
90 0.008991
91 0.007855
92 0.007230
93 0.006875
94 0.006605
95 0.005994
96 0.005724
97 0.006193
98 0.006122
99 0.005966
100 0.006009
101 0.005881
102 0.005540
103 0.005980
104 0.005653
105 0.005384
106 0.005156
107 0.004929
108 0.004986
109 0.004801
110 0.004730
111 0.004858
112 0.004915
113 0.004531
114 0.004332
115 0.004560
116 0.004446
117 0.004446
118 0.004574
119 0.004347
120 0.004389
121 0.004190
122 0.004020
123 0.003920
124 0.004048
125 0.003750
126 0.003736
127 0.003423
128 0.003281
129 0.003381
130 0.003409
131 0.003210
132 0.003338
133 0.003437
134 0.003281
135 0.003210
136 0.003210
137 0.003210
138 0.003310
139 0.003040
140 0.003267
141 0.003509
142 0.003324
143 0.003168
144 0.003026
145 0.003281
146 0.003239
147 0.003395
148 0.003253
149 0.003153
150 0.003182
151 0.003182
152 0.003324
153 0.003295
154 0.003196
155 0.003111
156 0.003267
157 0.003267
158 0.003224
159 0.002955
160 0.003139
161 0.003239
162 0.003210
163 0.003139
164 0.003565
165 0.003295
166 0.003381
167 0.003509
168 0.003139
169 0.003054
170 0.003381
171 0.003082
172 0.003097
173 0.003054
174 0.003139
175 0.003040
176 0.003026
177 0.002983
178 0.003082
179 0.002955
180 0.003068
181 0.003295
182 0.003366
183 0.002798
184 0.002969
185 0.002955
186 0.003111
187 0.002898
188 0.003040
189 0.003139
190 0.003054
191 0.002912
192 0.002741
193 0.002997
194 0.002912
195 0.002827
196 0.002784
197 0.002940
198 0.002841
199 0.002798
200 0.003011
201 0.002670
202 0.002628
203 0.002628
204 0.002784
205 0.002855
206 0.002912
207 0.002642
208 0.002784
209 0.002926
210 0.002784
211 0.002812
212 0.002884
213 0.002770
214 0.002557
215 0.002869
216 0.003253
217 0.002912
218 0.002884
219 0.002543
220 0.002727
221 0.002599
222 0.002741
223 0.002855
224 0.002926
225 0.002741
226 0.002685
227 0.002969
228 0.002798
229 0.002798
230 0.002713
231 0.002741
232 0.002784
233 0.002486
234 0.002599
235 0.002685
236 0.002841
237 0.002571
238 0.002841
239 0.002685
240 0.002656
241 0.002443
242 0.002528
243 0.002599
244 0.002457
245 0.002543
246 0.002741
247 0.002486
248 0.002699
249 0.002685
250 0.002415
251 0.002443
252 0.002599
253 0.002557
254 0.002358
255 0.002656
256 0.002585
257 0.002514
258 0.002543
259 0.002401
260 0.002372
261 0.002500
262 0.002457
263 0.002628
264 0.002756
265 0.002656
266 0.002614
267 0.002656
268 0.002798
269 0.002486
270 0.002415
271 0.002315
272 0.002457
273 0.002429
274 0.002472
275 0.002472
276 0.002386
277 0.002315
278 0.002273
279 0.002287
280 0.002543
281 0.002173
282 0.002202
283 0.002173
284 0.002415
285 0.002116
286 0.002358
287 0.002315
288 0.002287
289 0.002244
290 0.002372
291 0.002273
292 0.002287
293 0.002372
294 0.002273
295 0.002202
296 0.002571
297 0.002443
298 0.002287
299 0.002244
300 0.002429
