1 0.012885
2 0.008780
3 0.007121
4 0.006238
5 0.005773
6 0.005398
7 0.005222
8 0.005119
9 0.005084
10 0.005073
11 0.005035
12 0.004990
13 0.004977
14 0.004985
15 0.004987
16 0.006099
17 0.004659
18 0.004188
19 0.004013
20 0.003843
21 0.003746
22 0.003702
23 0.003665
24 0.003634
25 0.003619
26 0.003611
27 0.003602
28 0.003594
29 0.003589
30 0.003587
31 0.002946
32 0.002596
33 0.002430
34 0.002366
35 0.002334
36 0.002324
37 0.002313
38 0.002307
39 0.002306
40 0.002304
41 0.002304
42 0.002304
43 0.002304
44 0.002304
45 0.002304
46 0.001855
47 0.001704
48 0.001645
49 0.001612
50 0.001599
51 0.001596
52 0.001594
53 0.001593
54 0.001592
55 0.001591
56 0.001591
57 0.001591
58 0.001591
59 0.001591
60 0.001591
61 0.001190
62 0.001014
63 0.000952
64 0.000932
65 0.000925
66 0.000923
67 0.000922
68 0.000923
69 0.000923
70 0.000923
71 0.000923
72 0.000923
73 0.000923
74 0.000923
75 0.000923
76 0.000696
77 0.000640
78 0.000627
79 0.000618
80 0.000615
81 0.000614
82 0.000613
83 0.000613
84 0.000613
85 0.000613
86 0.000613
87 0.000613
88 0.000613
89 0.000613
90 0.000613
91 0.000558
92 0.000543
93 0.000539
94 0.000537
95 0.000536
96 0.000536
97 0.000536
98 0.000536
99 0.000536
100 0.000536
101 0.000536
102 0.000536
103 0.000536
104 0.000536
105 0.000536
106 0.000529
107 0.000529
108 0.000525
109 0.000525
110 0.000525
111 0.000526
112 0.000526
113 0.000526
114 0.000526
115 0.000526
116 0.000526
117 0.000526
118 0.000526
119 0.000526
120 0.000526
121 0.000527
122 0.000525
123 0.000525
124 0.000524
125 0.000523
126 0.000523
127 0.000523
128 0.000523
129 0.000523
130 0.000523
131 0.000523
132 0.000523
133 0.000523
134 0.000523
135 0.000523
136 0.000513
137 0.000505
138 0.000504
139 0.000505
140 0.000506
141 0.000506
142 0.000506
143 0.000506
144 0.000506
145 0.000506
146 0.000506
147 0.000506
148 0.000506
149 0.000506
150 0.000506
151 0.000510
152 0.000514
153 0.000514
154 0.000514
155 0.000514
156 0.000513
157 0.000513
158 0.000513
159 0.000513
160 0.000513
161 0.000513
162 0.000513
163 0.000513
164 0.000513
165 0.000513
166 0.000519
167 0.000518
168 0.000518
169 0.000519
170 0.000520
171 0.000520
172 0.000520
173 0.000520
174 0.000520
175 0.000520
176 0.000520
177 0.000520
178 0.000520
179 0.000520
180 0.000520
181 0.000513
182 0.000512
183 0.000512
184 0.000511
185 0.000511
186 0.000511
187 0.000511
188 0.000511
189 0.000511
190 0.000511
191 0.000511
192 0.000511
193 0.000511
194 0.000511
195 0.000511
196 0.000516
197 0.000518
198 0.000515
199 0.000514
200 0.000514
201 0.000514
202 0.000514
203 0.000514
204 0.000514
205 0.000514
206 0.000514
207 0.000514
208 0.000514
209 0.000514
210 0.000514
211 0.000510
212 0.000508
213 0.000509
214 0.000510
215 0.000510
216 0.000510
217 0.000510
218 0.000510
219 0.000510
220 0.000510
221 0.000510
222 0.000510
223 0.000510
224 0.000510
225 0.000510
226 0.000512
227 0.000511
228 0.000510
229 0.000510
230 0.000510
231 0.000510
232 0.000511
233 0.000511
234 0.000511
235 0.000511
236 0.000511
237 0.000511
238 0.000511
239 0.000511
240 0.000511
241 0.000511
242 0.000514
243 0.000512
244 0.000512
245 0.000512
246 0.000512
247 0.000512
248 0.000512
249 0.000511
250 0.000512
251 0.000512
252 0.000512
253 0.000512
254 0.000512
255 0.000512
256 0.000509
257 0.000506
258 0.000507
259 0.000508
260 0.000508
261 0.000508
262 0.000508
263 0.000508
264 0.000508
265 0.000508
266 0.000508
267 0.000508
268 0.000508
269 0.000508
270 0.000508
271 0.000514
272 0.000515
273 0.000515
274 0.000515
275 0.000516
276 0.000516
277 0.000516
278 0.000516
279 0.000516
280 0.000516
281 0.000516
282 0.000516
283 0.000516
284 0.000516
285 0.000516
286 0.000522
287 0.000522
288 0.000521
289 0.000520
290 0.000520
291 0.000521
292 0.000521
293 0.000521
294 0.000521
295 0.000521
296 0.000521
297 0.000521
298 0.000521
299 0.000521
300 0.000521
