1 0.015427
2 0.011971
3 0.009987
4 0.009015
5 0.008488
6 0.008248
7 0.008160
8 0.008102
9 0.008084
10 0.008086
11 0.008083
12 0.008070
13 0.008063
14 0.008062
15 0.008062
16 0.009067
17 0.007017
18 0.006791
19 0.006653
20 0.006526
21 0.006526
22 0.006528
23 0.006519
24 0.006512
25 0.006508
26 0.006506
27 0.006504
28 0.006504
29 0.006503
30 0.006502
31 0.006145
32 0.006005
33 0.005982
34 0.005979
35 0.005976
36 0.005968
37 0.005962
38 0.005960
39 0.005959
40 0.005958
41 0.005958
42 0.005958
43 0.005958
44 0.005958
45 0.005958
46 0.005795
47 0.005719
48 0.005705
49 0.005693
50 0.005682
51 0.005681
52 0.005685
53 0.005686
54 0.005686
55 0.005685
56 0.005685
57 0.005685
58 0.005685
59 0.005686
60 0.005686
61 0.005588
62 0.005554
63 0.005555
64 0.005557
65 0.005551
66 0.005547
67 0.005546
68 0.005545
69 0.005544
70 0.005544
71 0.005544
72 0.005543
73 0.005543
74 0.005543
75 0.005543
76 0.005514
77 0.005513
78 0.005503
79 0.005491
80 0.005486
81 0.005487
82 0.005487
83 0.005487
84 0.005486
85 0.005486
86 0.005487
87 0.005487
88 0.005487
89 0.005487
90 0.005487
91 0.005436
92 0.005415
93 0.005415
94 0.005418
95 0.005416
96 0.005414
97 0.005414
98 0.005415
99 0.005415
100 0.005415
101 0.005415
102 0.005415
103 0.005415
104 0.005415
105 0.005415
106 0.005381
107 0.005380
108 0.005375
109 0.005364
110 0.005360
111 0.005360
112 0.005360
113 0.005359
114 0.005359
115 0.005358
116 0.005359
117 0.005359
118 0.005359
119 0.005359
120 0.005359
121 0.005325
122 0.005308
123 0.005307
124 0.005311
125 0.005311
126 0.005310
127 0.005310
128 0.005310
129 0.005311
130 0.005311
131 0.005311
132 0.005311
133 0.005311
134 0.005311
135 0.005311
136 0.005282
137 0.005281
138 0.005278
139 0.005270
140 0.005266
141 0.005266
142 0.005266
143 0.005265
144 0.005265
145 0.005265
146 0.005265
147 0.005265
148 0.005265
149 0.005265
150 0.005265
151 0.005244
152 0.005230
153 0.005229
154 0.005233
155 0.005234
156 0.005233
157 0.005233
158 0.005234
159 0.005234
160 0.005235
161 0.005235
162 0.005234
163 0.005234
164 0.005234
165 0.005234
166 0.005213
167 0.005214
168 0.005213
169 0.005207
170 0.005203
171 0.005204
172 0.005203
173 0.005203
174 0.005203
175 0.005203
176 0.005203
177 0.005203
178 0.005203
179 0.005203
180 0.005203
181 0.005188
182 0.005178
183 0.005177
184 0.005180
185 0.005181
186 0.005180
187 0.005181
188 0.005181
189 0.005181
190 0.005182
191 0.005182
192 0.005182
193 0.005182
194 0.005182
195 0.005182
196 0.005165
197 0.005166
198 0.005167
199 0.005162
200 0.005160
201 0.005160
202 0.005160
203 0.005159
204 0.005159
205 0.005159
206 0.005159
207 0.005159
208 0.005159
209 0.005159
210 0.005159
211 0.005148
212 0.005139
213 0.005138
214 0.005141
215 0.005141
216 0.005141
217 0.005142
218 0.005142
219 0.005142
220 0.005143
221 0.005143
222 0.005143
223 0.005143
224 0.005143
225 0.005143
226 0.005130
227 0.005133
228 0.005134
229 0.005131
230 0.005129
231 0.005129
232 0.005129
233 0.005129
234 0.005129
235 0.005129
236 0.005129
237 0.005129
238 0.005129
239 0.005129
240 0.005129
241 0.005122
242 0.005114
243 0.005113
244 0.005116
245 0.005117
246 0.005117
247 0.005117
248 0.005117
249 0.005118
250 0.005118
251 0.005118
252 0.005118
253 0.005118
254 0.005118
255 0.005118
256 0.005110
257 0.005114
258 0.005116
259 0.005114
260 0.005112
261 0.005112
262 0.005113
263 0.005112
264 0.005112
265 0.005112
266 0.005112
267 0.005112
268 0.005112
269 0.005112
270 0.005112
271 0.005109
272 0.005103
273 0.005102
274 0.005105
275 0.005106
276 0.005106
277 0.005106
278 0.005106
279 0.005107
280 0.005107
281 0.005107
282 0.005107
283 0.005107
284 0.005107
285 0.005107
286 0.005103
287 0.005108
288 0.005111
289 0.005109
290 0.005108
291 0.005108
292 0.005108
293 0.005108
294 0.005108
295 0.005107
296 0.005107
297 0.005107
298 0.005107
299 0.005107
300 0.005107
