1 0.013181
2 0.009563
3 0.007668
4 0.006738
5 0.006218
6 0.005878
7 0.005694
8 0.005562
9 0.005471
10 0.005410
11 0.005366
12 0.005339
13 0.005322
14 0.005316
15 0.005312
16 0.005995
17 0.004555
18 0.004285
19 0.004211
20 0.004094
21 0.004047
22 0.004031
23 0.004020
24 0.004015
25 0.004016
26 0.004017
27 0.004019
28 0.004022
29 0.004025
30 0.004026
31 0.003327
32 0.002987
33 0.002856
34 0.002793
35 0.002764
36 0.002748
37 0.002741
38 0.002741
39 0.002741
40 0.002740
41 0.002740
42 0.002741
43 0.002741
44 0.002741
45 0.002741
46 0.002272
47 0.002091
48 0.002037
49 0.002013
50 0.002000
51 0.001994
52 0.001991
53 0.001989
54 0.001989
55 0.001989
56 0.001989
57 0.001989
58 0.001989
59 0.001989
60 0.001989
61 0.001586
62 0.001434
63 0.001385
64 0.001366
65 0.001359
66 0.001356
67 0.001355
68 0.001355
69 0.001356
70 0.001356
71 0.001356
72 0.001356
73 0.001356
74 0.001356
75 0.001356
76 0.001053
77 0.000951
78 0.000917
79 0.000907
80 0.000905
81 0.000903
82 0.000903
83 0.000903
84 0.000902
85 0.000902
86 0.000902
87 0.000902
88 0.000902
89 0.000902
90 0.000902
91 0.000781
92 0.000747
93 0.000735
94 0.000730
95 0.000730
96 0.000729
97 0.000729
98 0.000729
99 0.000729
100 0.000729
101 0.000729
102 0.000729
103 0.000729
104 0.000729
105 0.000729
106 0.000689
107 0.000674
108 0.000667
109 0.000666
110 0.000667
111 0.000667
112 0.000666
113 0.000666
114 0.000666
115 0.000666
116 0.000666
117 0.000666
118 0.000666
119 0.000666
120 0.000666
121 0.000661
122 0.000661
123 0.000661
124 0.000661
125 0.000661
126 0.000661
127 0.000662
128 0.000661
129 0.000661
130 0.000661
131 0.000661
132 0.000661
133 0.000661
134 0.000661
135 0.000661
136 0.000655
137 0.000653
138 0.000651
139 0.000651
140 0.000651
141 0.000651
142 0.000651
143 0.000651
144 0.000651
145 0.000651
146 0.000651
147 0.000651
148 0.000651
149 0.000651
150 0.000651
151 0.000652
152 0.000652
153 0.000652
154 0.000652
155 0.000652
156 0.000652
157 0.000652
158 0.000652
159 0.000652
160 0.000652
161 0.000652
162 0.000652
163 0.000652
164 0.000652
165 0.000652
166 0.000651
167 0.000651
168 0.000650
169 0.000650
170 0.000650
171 0.000649
172 0.000649
173 0.000649
174 0.000649
175 0.000649
176 0.000649
177 0.000649
178 0.000649
179 0.000649
180 0.000649
181 0.000650
182 0.000650
183 0.000649
184 0.000649
185 0.000649
186 0.000649
187 0.000649
188 0.000649
189 0.000649
190 0.000649
191 0.000649
192 0.000649
193 0.000649
194 0.000649
195 0.000649
196 0.000647
197 0.000646
198 0.000645
199 0.000645
200 0.000645
201 0.000644
202 0.000644
203 0.000644
204 0.000644
205 0.000644
206 0.000644
207 0.000644
208 0.000644
209 0.000644
210 0.000644
211 0.000646
212 0.000646
213 0.000645
214 0.000645
215 0.000645
216 0.000645
217 0.000645
218 0.000645
219 0.000645
220 0.000645
221 0.000645
222 0.000645
223 0.000645
224 0.000645
225 0.000645
226 0.000646
227 0.000646
228 0.000646
229 0.000646
230 0.000646
231 0.000646
232 0.000646
233 0.000646
234 0.000646
235 0.000646
236 0.000646
237 0.000646
238 0.000646
239 0.000646
240 0.000646
241 0.000645
242 0.000644
243 0.000643
244 0.000642
245 0.000642
246 0.000641
247 0.000641
248 0.000641
249 0.000641
250 0.000641
251 0.000641
252 0.000641
253 0.000641
254 0.000641
255 0.000641
256 0.000641
257 0.000642
258 0.000641
259 0.000642
260 0.000642
261 0.000642
262 0.000642
263 0.000642
264 0.000642
265 0.000642
266 0.000642
267 0.000642
268 0.000642
269 0.000642
270 0.000642
271 0.000644
272 0.000643
273 0.000642
274 0.000642
275 0.000642
276 0.000642
277 0.000642
278 0.000642
279 0.000642
280 0.000642
281 0.000642
282 0.000642
283 0.000642
284 0.000642
285 0.000642
286 0.000640
287 0.000640
288 0.000639
289 0.000639
290 0.000639
291 0.000639
292 0.000639
293 0.000639
294 0.000639
295 0.000639
296 0.000639
297 0.000639
298 0.000639
299 0.000639
300 0.000639
