1 0.415661
2 0.312623
3 0.257136
4 0.232188
5 0.215534
6 0.206117
7 0.201728
8 0.199370
9 0.197667
10 0.196503
11 0.195634
12 0.194978
13 0.194396
14 0.194077
15 0.193977
16 0.270084
17 0.193983
18 0.193297
19 0.174207
20 0.172668
21 0.166902
22 0.167205
23 0.165351
24 0.165334
25 0.164938
26 0.165036
27 0.165013
28 0.165163
29 0.165243
30 0.165363
31 0.147581
32 0.136385
33 0.132452
34 0.130684
35 0.130334
36 0.130528
37 0.130692
38 0.130799
39 0.130926
40 0.131034
41 0.131102
42 0.131152
43 0.131190
44 0.131214
45 0.131230
46 0.118879
47 0.112197
48 0.108885
49 0.107254
50 0.106377
51 0.105995
52 0.105766
53 0.105555
54 0.105421
55 0.105351
56 0.105302
57 0.105269
58 0.105252
59 0.105245
60 0.105240
61 0.092425
62 0.087908
63 0.087293
64 0.087454
65 0.087504
66 0.087581
67 0.087656
68 0.087673
69 0.087671
70 0.087659
71 0.087637
72 0.087618
73 0.087606
74 0.087597
75 0.087592
76 0.078312
77 0.075677
78 0.074979
79 0.074951
80 0.075062
81 0.075105
82 0.075049
83 0.074988
84 0.074965
85 0.074958
86 0.074957
87 0.074960
88 0.074966
89 0.074970
90 0.074970
91 0.066931
92 0.064440
93 0.064185
94 0.064211
95 0.064189
96 0.064216
97 0.064225
98 0.064205
99 0.064195
100 0.064189
101 0.064180
102 0.064175
103 0.064174
104 0.064174
105 0.064174
106 0.057631
107 0.055111
108 0.054009
109 0.053417
110 0.053273
111 0.053314
112 0.053332
113 0.053328
114 0.053323
115 0.053323
116 0.053327
117 0.053329
118 0.053329
119 0.053330
120 0.053330
121 0.047708
122 0.046387
123 0.046047
124 0.045905
125 0.045868
126 0.045864
127 0.045877
128 0.045889
129 0.045896
130 0.045897
131 0.045894
132 0.045891
133 0.045890
134 0.045890
135 0.045889
136 0.041469
137 0.039779
138 0.039011
139 0.038808
140 0.038778
141 0.038749
142 0.038765
143 0.038775
144 0.038771
145 0.038773
146 0.038775
147 0.038775
148 0.038775
149 0.038775
150 0.038775
151 0.037386
152 0.036747
153 0.036564
154 0.036490
155 0.036421
156 0.036416
157 0.036413
158 0.036411
159 0.036411
160 0.036409
161 0.036408
162 0.036409
163 0.036409
164 0.036410
165 0.036410
166 0.034824
167 0.034288
168 0.034083
169 0.034072
170 0.034066
171 0.034056
172 0.034046
173 0.034040
174 0.034037
175 0.034036
176 0.034036
177 0.034037
178 0.034037
179 0.034037
180 0.034037
181 0.033488
182 0.033241
183 0.032969
184 0.032895
185 0.032883
186 0.032881
187 0.032875
188 0.032868
189 0.032868
190 0.032869
191 0.032869
192 0.032869
193 0.032868
194 0.032868
195 0.032868
196 0.033074
197 0.033103
198 0.033147
199 0.033197
200 0.033193
201 0.033204
202 0.033197
203 0.033188
204 0.033182
205 0.033178
206 0.033176
207 0.033175
208 0.033175
209 0.033175
210 0.033175
211 0.033379
212 0.033646
213 0.033708
214 0.033785
215 0.033798
216 0.033779
217 0.033761
218 0.033752
219 0.033744
220 0.033740
221 0.033739
222 0.033738
223 0.033737
224 0.033738
225 0.033738
226 0.033158
227 0.033149
228 0.033023
229 0.032971
230 0.032964
231 0.032966
232 0.032953
233 0.032942
234 0.032941
235 0.032940
236 0.032938
237 0.032939
238 0.032939
239 0.032939
240 0.032939
241 0.032836
242 0.032904
243 0.032970
244 0.033067
245 0.033080
246 0.033063
247 0.033044
248 0.033034
249 0.033028
250 0.033026
251 0.033025
252 0.033024
253 0.033024
254 0.033024
255 0.033024
256 0.032890
257 0.032836
258 0.032697
259 0.032585
260 0.032530
261 0.032529
262 0.032529
263 0.032532
264 0.032533
265 0.032530
266 0.032530
267 0.032530
268 0.032530
269 0.032530
270 0.032530
271 0.032712
272 0.033014
273 0.033007
274 0.033101
275 0.033175
276 0.033174
277 0.033150
278 0.033134
279 0.033126
280 0.033123
281 0.033120
282 0.033118
283 0.033118
284 0.033119
285 0.033119
286 0.032469
287 0.032263
288 0.032174
289 0.032178
290 0.032135
291 0.032129
292 0.032137
293 0.032133
294 0.032129
295 0.032126
296 0.032125
297 0.032125
298 0.032125
299 0.032125
300 0.032125
