1 0.013094
2 0.009457
3 0.007528
4 0.006706
5 0.006269
6 0.006009
7 0.005855
8 0.005758
9 0.005710
10 0.005684
11 0.005658
12 0.005646
13 0.005639
14 0.005628
15 0.005621
16 0.007796
17 0.005974
18 0.005842
19 0.005127
20 0.005108
21 0.004954
22 0.004961
23 0.004918
24 0.004923
25 0.004905
26 0.004914
27 0.004920
28 0.004930
29 0.004934
30 0.004939
31 0.004327
32 0.003977
33 0.003875
34 0.003832
35 0.003816
36 0.003821
37 0.003825
38 0.003827
39 0.003831
40 0.003833
41 0.003834
42 0.003834
43 0.003834
44 0.003834
45 0.003834
46 0.003517
47 0.003375
48 0.003298
49 0.003261
50 0.003240
51 0.003227
52 0.003215
53 0.003206
54 0.003201
55 0.003198
56 0.003196
57 0.003195
58 0.003195
59 0.003194
60 0.003194
61 0.002772
62 0.002608
63 0.002565
64 0.002564
65 0.002571
66 0.002577
67 0.002582
68 0.002584
69 0.002584
70 0.002583
71 0.002582
72 0.002582
73 0.002582
74 0.002581
75 0.002581
76 0.002331
77 0.002282
78 0.002255
79 0.002258
80 0.002271
81 0.002271
82 0.002266
83 0.002264
84 0.002263
85 0.002264
86 0.002264
87 0.002264
88 0.002264
89 0.002264
90 0.002264
91 0.002007
92 0.001920
93 0.001911
94 0.001911
95 0.001907
96 0.001909
97 0.001911
98 0.001911
99 0.001911
100 0.001911
101 0.001910
102 0.001910
103 0.001910
104 0.001910
105 0.001910
106 0.001740
107 0.001653
108 0.001618
109 0.001604
110 0.001598
111 0.001600
112 0.001599
113 0.001599
114 0.001599
115 0.001599
116 0.001599
117 0.001599
118 0.001599
119 0.001599
120 0.001599
121 0.001405
122 0.001368
123 0.001363
124 0.001362
125 0.001358
126 0.001357
127 0.001358
128 0.001359
129 0.001359
130 0.001359
131 0.001359
132 0.001359
133 0.001359
134 0.001359
135 0.001359
136 0.001248
137 0.001208
138 0.001183
139 0.001175
140 0.001174
141 0.001172
142 0.001173
143 0.001173
144 0.001173
145 0.001173
146 0.001173
147 0.001173
148 0.001173
149 0.001173
150 0.001173
151 0.001140
152 0.001115
153 0.001110
154 0.001109
155 0.001107
156 0.001107
157 0.001107
158 0.001107
159 0.001107
160 0.001106
161 0.001106
162 0.001106
163 0.001106
164 0.001107
165 0.001107
166 0.001073
167 0.001061
168 0.001057
169 0.001057
170 0.001057
171 0.001056
172 0.001056
173 0.001055
174 0.001055
175 0.001055
176 0.001055
177 0.001055
178 0.001055
179 0.001055
180 0.001055
181 0.001016
182 0.001005
183 0.000995
184 0.000992
185 0.000992
186 0.000992
187 0.000992
188 0.000992
189 0.000992
190 0.000992
191 0.000992
192 0.000992
193 0.000992
194 0.000992
195 0.000992
196 0.001006
197 0.001007
198 0.001007
199 0.001009
200 0.001010
201 0.001010
202 0.001010
203 0.001009
204 0.001009
205 0.001009
206 0.001009
207 0.001009
208 0.001009
209 0.001009
210 0.001009
211 0.001003
212 0.001018
213 0.001025
214 0.001025
215 0.001025
216 0.001025
217 0.001024
218 0.001024
219 0.001024
220 0.001024
221 0.001024
222 0.001024
223 0.001024
224 0.001024
225 0.001024
226 0.001010
227 0.001003
228 0.000995
229 0.000995
230 0.000995
231 0.000995
232 0.000995
233 0.000994
234 0.000994
235 0.000994
236 0.000994
237 0.000994
238 0.000994
239 0.000994
240 0.000994
241 0.000985
242 0.000991
243 0.000996
244 0.000999
245 0.000999
246 0.000999
247 0.000998
248 0.000998
249 0.000998
250 0.000998
251 0.000998
252 0.000998
253 0.000998
254 0.000998
255 0.000998
256 0.000997
257 0.001003
258 0.001001
259 0.000997
260 0.000995
261 0.000995
262 0.000995
263 0.000994
264 0.000994
265 0.000994
266 0.000994
267 0.000994
268 0.000994
269 0.000994
270 0.000994
271 0.000999
272 0.000998
273 0.000997
274 0.001001
275 0.001002
276 0.001001
277 0.001001
278 0.001000
279 0.001000
280 0.001000
281 0.001000
282 0.001000
283 0.001000
284 0.001000
285 0.001000
286 0.000990
287 0.000992
288 0.000987
289 0.000988
290 0.000988
291 0.000988
292 0.000988
293 0.000988
294 0.000987
295 0.000987
296 0.000987
297 0.000987
298 0.000987
299 0.000987
300 0.000987
