1 0.452581
2 0.324231
3 0.257789
4 0.226041
5 0.209231
6 0.196989
7 0.189266
8 0.184317
9 0.181688
10 0.179987
11 0.179166
12 0.178840
13 0.178315
14 0.177779
15 0.177474
16 0.211875
17 0.172505
18 0.165324
19 0.162514
20 0.159360
21 0.159656
22 0.159374
23 0.159061
24 0.159335
25 0.159760
26 0.160181
27 0.160528
28 0.160794
29 0.161042
30 0.161267
31 0.141373
32 0.131217
33 0.127289
34 0.126018
35 0.125935
36 0.125916
37 0.125824
38 0.125763
39 0.125770
40 0.125801
41 0.125832
42 0.125857
43 0.125869
44 0.125870
45 0.125870
46 0.115128
47 0.110538
48 0.108536
49 0.107954
50 0.107947
51 0.108210
52 0.108388
53 0.108412
54 0.108415
55 0.108429
56 0.108432
57 0.108430
58 0.108435
59 0.108443
60 0.108451
61 0.093672
62 0.087827
63 0.086129
64 0.085767
65 0.085664
66 0.085651
67 0.085639
68 0.085620
69 0.085599
70 0.085577
71 0.085571
72 0.085571
73 0.085566
74 0.085560
75 0.085556
76 0.072693
77 0.069026
78 0.068116
79 0.068292
80 0.068540
81 0.068795
82 0.068955
83 0.068981
84 0.068993
85 0.069015
86 0.069025
87 0.069030
88 0.069036
89 0.069042
90 0.069046
91 0.056518
92 0.050526
93 0.048655
94 0.048328
95 0.048115
96 0.048076
97 0.048140
98 0.048198
99 0.048224
100 0.048237
101 0.048258
102 0.048274
103 0.048281
104 0.048286
105 0.048289
106 0.039759
107 0.037082
108 0.036286
109 0.035936
110 0.035713
111 0.035596
112 0.035560
113 0.035554
114 0.035543
115 0.035537
116 0.035538
117 0.035538
118 0.035539
119 0.035540
120 0.035540
121 0.030769
122 0.028957
123 0.028374
124 0.028227
125 0.028128
126 0.028091
127 0.028089
128 0.028085
129 0.028084
130 0.028086
131 0.028086
132 0.028086
133 0.028086
134 0.028086
135 0.028086
136 0.025879
137 0.024865
138 0.024432
139 0.024277
140 0.024204
141 0.024179
142 0.024170
143 0.024168
144 0.024168
145 0.024168
146 0.024168
147 0.024168
148 0.024169
149 0.024169
150 0.024169
151 0.023177
152 0.022896
153 0.022802
154 0.022747
155 0.022716
156 0.022704
157 0.022701
158 0.022702
159 0.022703
160 0.022702
161 0.022701
162 0.022701
163 0.022701
164 0.022701
165 0.022701
166 0.023299
167 0.023495
168 0.023605
169 0.023672
170 0.023685
171 0.023698
172 0.023703
173 0.023705
174 0.023705
175 0.023703
176 0.023702
177 0.023702
178 0.023702
179 0.023702
180 0.023702
181 0.023561
182 0.023404
183 0.023210
184 0.023135
185 0.023112
186 0.023102
187 0.023097
188 0.023093
189 0.023092
190 0.023093
191 0.023093
192 0.023093
193 0.023093
194 0.023093
195 0.023093
196 0.023081
197 0.023094
198 0.023123
199 0.023144
200 0.023145
201 0.023144
202 0.023145
203 0.023147
204 0.023147
205 0.023146
206 0.023146
207 0.023146
208 0.023146
209 0.023146
210 0.023146
211 0.022828
212 0.022788
213 0.022767
214 0.022774
215 0.022785
216 0.022782
217 0.022779
218 0.022779
219 0.022778
220 0.022778
221 0.022778
222 0.022778
223 0.022778
224 0.022778
225 0.022778
226 0.023023
227 0.023118
228 0.023198
229 0.023246
230 0.023240
231 0.023232
232 0.023227
233 0.023228
234 0.023228
235 0.023226
236 0.023225
237 0.023225
238 0.023225
239 0.023225
240 0.023225
241 0.023199
242 0.022994
243 0.022819
244 0.022789
245 0.022785
246 0.022788
247 0.022791
248 0.022790
249 0.022789
250 0.022789
251 0.022789
252 0.022790
253 0.022790
254 0.022790
255 0.022790
256 0.022450
257 0.022447
258 0.022521
259 0.022537
260 0.022534
261 0.022544
262 0.022546
263 0.022545
264 0.022545
265 0.022546
266 0.022546
267 0.022546
268 0.022546
269 0.022546
270 0.022546
271 0.022222
272 0.022180
273 0.022139
274 0.022123
275 0.022126
276 0.022123
277 0.022118
278 0.022117
279 0.022117
280 0.022116
281 0.022115
282 0.022115
283 0.022115
284 0.022115
285 0.022115
286 0.022711
287 0.022914
288 0.023006
289 0.023062
290 0.023067
291 0.023071
292 0.023075
293 0.023077
294 0.023077
295 0.023076
296 0.023076
297 0.023075
298 0.023075
299 0.023075
300 0.023075
