1 0.013586
2 0.010491
3 0.008712
4 0.008073
5 0.007705
6 0.007467
7 0.007320
8 0.007267
9 0.007253
10 0.007231
11 0.007215
12 0.007211
13 0.007208
14 0.007207
15 0.007208
16 0.009074
17 0.007181
18 0.006664
19 0.006587
20 0.006408
21 0.006355
22 0.006341
23 0.006293
24 0.006270
25 0.006266
26 0.006259
27 0.006257
28 0.006260
29 0.006263
30 0.006265
31 0.005599
32 0.005320
33 0.005290
34 0.005234
35 0.005180
36 0.005156
37 0.005141
38 0.005137
39 0.005141
40 0.005141
41 0.005141
42 0.005141
43 0.005142
44 0.005142
45 0.005142
46 0.004741
47 0.004586
48 0.004506
49 0.004466
50 0.004448
51 0.004443
52 0.004444
53 0.004442
54 0.004438
55 0.004436
56 0.004436
57 0.004436
58 0.004436
59 0.004436
60 0.004436
61 0.004105
62 0.004007
63 0.003998
64 0.003994
65 0.003992
66 0.003989
67 0.003984
68 0.003983
69 0.003985
70 0.003986
71 0.003986
72 0.003987
73 0.003987
74 0.003987
75 0.003987
76 0.003734
77 0.003686
78 0.003682
79 0.003662
80 0.003650
81 0.003654
82 0.003656
83 0.003653
84 0.003652
85 0.003651
86 0.003651
87 0.003651
88 0.003651
89 0.003651
90 0.003651
91 0.003487
92 0.003427
93 0.003414
94 0.003417
95 0.003424
96 0.003427
97 0.003425
98 0.003424
99 0.003425
100 0.003425
101 0.003425
102 0.003425
103 0.003425
104 0.003425
105 0.003425
106 0.003269
107 0.003252
108 0.003261
109 0.003258
110 0.003254
111 0.003257
112 0.003258
113 0.003257
114 0.003257
115 0.003257
116 0.003257
117 0.003257
118 0.003258
119 0.003258
120 0.003258
121 0.003134
122 0.003088
123 0.003079
124 0.003089
125 0.003098
126 0.003102
127 0.003102
128 0.003103
129 0.003104
130 0.003104
131 0.003104
132 0.003104
133 0.003104
134 0.003104
135 0.003104
136 0.002994
137 0.002985
138 0.003000
139 0.003006
140 0.003009
141 0.003014
142 0.003017
143 0.003018
144 0.003019
145 0.003019
146 0.003019
147 0.003020
148 0.003020
149 0.003020
150 0.003020
151 0.002913
152 0.002880
153 0.002878
154 0.002895
155 0.002908
156 0.002912
157 0.002915
158 0.002918
159 0.002919
160 0.002919
161 0.002920
162 0.002920
163 0.002920
164 0.002920
165 0.002920
166 0.002826
167 0.002815
168 0.002837
169 0.002855
170 0.002866
171 0.002875
172 0.002881
173 0.002883
174 0.002885
175 0.002886
176 0.002887
177 0.002887
178 0.002887
179 0.002888
180 0.002888
181 0.002771
182 0.002739
183 0.002741
184 0.002763
185 0.002779
186 0.002787
187 0.002793
188 0.002797
189 0.002799
190 0.002800
191 0.002801
192 0.002801
193 0.002801
194 0.002801
195 0.002802
196 0.002714
197 0.002706
198 0.002737
199 0.002766
200 0.002784
201 0.002797
202 0.002805
203 0.002810
204 0.002814
205 0.002816
206 0.002817
207 0.002817
208 0.002818
209 0.002818
210 0.002818
211 0.002682
212 0.002642
213 0.002649
214 0.002673
215 0.002696
216 0.002709
217 0.002718
218 0.002724
219 0.002728
220 0.002730
221 0.002731
222 0.002732
223 0.002732
224 0.002733
225 0.002733
226 0.002632
227 0.002614
228 0.002650
229 0.002690
230 0.002716
231 0.002733
232 0.002745
233 0.002753
234 0.002758
235 0.002761
236 0.002762
237 0.002763
238 0.002764
239 0.002764
240 0.002764
241 0.002613
242 0.002563
243 0.002571
244 0.002600
245 0.002627
246 0.002645
247 0.002657
248 0.002665
249 0.002670
250 0.002673
251 0.002674
252 0.002676
253 0.002676
254 0.002677
255 0.002677
256 0.002572
257 0.002533
258 0.002567
259 0.002614
260 0.002645
261 0.002665
262 0.002679
263 0.002689
264 0.002694
265 0.002697
266 0.002699
267 0.002700
268 0.002701
269 0.002701
270 0.002701
271 0.002543
272 0.002493
273 0.002502
274 0.002532
275 0.002560
276 0.002580
277 0.002592
278 0.002600
279 0.002605
280 0.002608
281 0.002610
282 0.002612
283 0.002612
284 0.002613
285 0.002613
286 0.002523
287 0.002478
288 0.002512
289 0.002562
290 0.002594
291 0.002615
292 0.002629
293 0.002637
294 0.002642
295 0.002644
296 0.002645
297 0.002646
298 0.002646
299 0.002647
300 0.002647
