1 0.077500
2 0.077500
3 0.207813
4 0.431563
5 0.230313
6 0.082500
7 0.122500
8 0.301563
9 0.395625
10 0.133125
11 0.106875
12 0.242812
13 0.300938
14 0.254375
15 0.155938
16 0.213750
17 0.270937
18 0.218438
19 0.218125
20 0.229687
21 0.242812
22 0.210000
23 0.192188
24 0.266875
25 0.250312
26 0.205625
27 0.190938
28 0.232500
29 0.284375
30 0.213750
31 0.187812
32 0.222188
33 0.251250
34 0.241250
35 0.197813
36 0.222812
37 0.241563
38 0.216562
39 0.229375
40 0.242500
41 0.234375
42 0.208125
43 0.208437
44 0.255312
45 0.243750
46 0.209375
47 0.200313
48 0.235625
49 0.257188
50 0.214375
51 0.206250
52 0.234063
53 0.235937
54 0.231563
55 0.215312
56 0.232813
57 0.231563
58 0.214062
59 0.231250
60 0.249062
61 0.235937
62 0.201875
63 0.207813
64 0.259375
65 0.252500
66 0.197500
67 0.207500
68 0.244062
69 0.256250
70 0.212188
71 0.197500
72 0.240313
73 0.245938
74 0.230313
75 0.210000
76 0.228750
77 0.245625
78 0.209063
79 0.222188
80 0.243438
81 0.231875
82 0.211250
83 0.212188
84 0.252812
85 0.246562
86 0.206875
87 0.213125
88 0.236875
89 0.256250
90 0.213750
91 0.202813
92 0.240313
93 0.239063
94 0.226250
95 0.205937
96 0.236563
97 0.240313
98 0.209375
99 0.219375
100 0.232813
101 0.073750
102 0.085000
103 0.203437
104 0.239063
105 0.152500
106 0.072188
107 0.150312
108 0.215312
109 0.188750
110 0.125000
111 0.116250
112 0.184375
113 0.186875
114 0.145000
115 0.143750
116 0.159375
117 0.173750
118 0.144063
119 0.145625
120 0.179688
121 0.167500
122 0.144687
123 0.132500
124 0.171250
125 0.194062
126 0.146250
127 0.130938
128 0.151875
129 0.181250
130 0.176875
131 0.131250
132 0.140000
133 0.169687
134 0.173437
135 0.158438
136 0.142187
137 0.159688
138 0.160000
139 0.161875
140 0.166250
141 0.148125
142 0.154375
143 0.152188
144 0.160312
145 0.171875
146 0.156562
147 0.144687
148 0.147500
149 0.168750
150 0.180312
151 0.147500
152 0.138750
153 0.152500
154 0.178437
155 0.172187
156 0.137813
157 0.147813
158 0.158750
159 0.171250
160 0.162812
161 0.144687
162 0.155000
163 0.164062
164 0.165937
165 0.159062
166 0.150625
167 0.165937
168 0.155312
169 0.158125
170 0.169063
171 0.155938
172 0.155625
173 0.145625
174 0.161562
175 0.178125
176 0.152188
177 0.145937
178 0.149375
179 0.168750
180 0.178750
181 0.145937
182 0.142187
183 0.156562
184 0.174063
185 0.167500
186 0.145000
187 0.151562
188 0.157188
189 0.168125
190 0.167187
191 0.145000
192 0.152812
193 0.152500
194 0.166563
195 0.174687
196 0.146875
197 0.145000
198 0.154375
199 0.168750
200 0.170937
201 0.073438
202 0.086563
203 0.175937
204 0.180938
205 0.110937
206 0.074688
207 0.136563
208 0.187188
209 0.143125
210 0.098125
211 0.102813
212 0.165313
213 0.171250
214 0.110000
215 0.105313
216 0.145313
217 0.164687
218 0.134063
219 0.106563
220 0.140625
221 0.154375
222 0.131250
223 0.119688
224 0.133437
225 0.152188
226 0.136250
227 0.112187
228 0.133125
229 0.158125
230 0.145625
231 0.112812
232 0.115937
233 0.152188
234 0.155938
235 0.130625
236 0.114062
237 0.132188
238 0.152500
239 0.143437
240 0.123438
241 0.127500
242 0.142500
243 0.139063
244 0.131875
245 0.136250
246 0.139063
247 0.133125
248 0.128750
249 0.140000
250 0.144063
251 0.133437
252 0.125625
253 0.130000
254 0.150312
255 0.149688
256 0.120313
257 0.122500
258 0.139687
259 0.149062
260 0.140000
261 0.118125
262 0.134063
263 0.152188
264 0.143125
265 0.126562
266 0.123750
267 0.143437
268 0.143750
269 0.135000
270 0.130000
271 0.133125
272 0.145625
273 0.135937
274 0.128750
275 0.137500
276 0.140000
277 0.134687
278 0.133125
279 0.134063
280 0.140313
281 0.136563
282 0.129062
283 0.135937
284 0.139375
285 0.143750
286 0.130938
287 0.129062
288 0.136875
289 0.141875
290 0.137813
291 0.130000
292 0.133437
293 0.140313
294 0.138437
295 0.136250
296 0.127500
297 0.137187
298 0.143125
299 0.137187
300 0.136250
