1 0.055000
2 0.055000
3 0.155312
4 0.336562
5 0.281875
6 0.063437
7 0.084375
8 0.216875
9 0.314063
10 0.196250
11 0.091875
12 0.169063
13 0.217812
14 0.228750
15 0.185312
16 0.160000
17 0.185625
18 0.178125
19 0.202187
20 0.217188
21 0.179375
22 0.160938
23 0.169063
24 0.220000
25 0.224062
26 0.169375
27 0.155000
28 0.186250
29 0.224688
30 0.204063
31 0.170625
32 0.178437
33 0.192812
34 0.200625
35 0.193438
36 0.186875
37 0.186875
38 0.176250
39 0.196250
40 0.210938
41 0.190000
42 0.166875
43 0.177813
44 0.207500
45 0.212500
46 0.175625
47 0.166250
48 0.195312
49 0.215312
50 0.192188
51 0.168125
52 0.192812
53 0.198125
54 0.191250
55 0.190312
56 0.195000
57 0.191250
58 0.172500
59 0.193438
60 0.210938
61 0.190938
62 0.170937
63 0.170937
64 0.210625
65 0.214375
66 0.178437
67 0.168750
68 0.188750
69 0.215000
70 0.200000
71 0.170625
72 0.185938
73 0.194688
74 0.198750
75 0.199375
76 0.190312
77 0.186562
78 0.175313
79 0.193125
80 0.213125
81 0.195000
82 0.170937
83 0.173437
84 0.210625
85 0.216562
86 0.172813
87 0.168750
88 0.198437
89 0.214688
90 0.194688
91 0.170937
92 0.188438
93 0.200000
94 0.197500
95 0.188750
96 0.189375
97 0.192188
98 0.175000
99 0.187188
100 0.211875
101 0.055000
102 0.059062
103 0.162812
104 0.214375
105 0.143750
106 0.073438
107 0.122500
108 0.184375
109 0.175000
110 0.118438
111 0.113750
112 0.159062
113 0.165313
114 0.135625
115 0.134687
116 0.151562
117 0.155625
118 0.136875
119 0.138437
120 0.153438
121 0.153438
122 0.136875
123 0.135937
124 0.153750
125 0.155000
126 0.137500
127 0.137187
128 0.143750
129 0.155312
130 0.156250
131 0.139687
132 0.141875
133 0.145000
134 0.150938
135 0.149688
136 0.143437
137 0.141563
138 0.141875
139 0.151875
140 0.151562
141 0.139687
142 0.131250
143 0.143750
144 0.155000
145 0.145000
146 0.135625
147 0.145000
148 0.148438
149 0.145000
150 0.145000
151 0.144687
152 0.143750
153 0.136563
154 0.147187
155 0.156250
156 0.146250
157 0.138750
158 0.136563
159 0.154062
160 0.156875
161 0.135937
162 0.129062
163 0.148750
164 0.159062
165 0.145625
166 0.129375
167 0.141875
168 0.150938
169 0.155312
170 0.138750
171 0.138125
172 0.155000
173 0.151250
174 0.142813
175 0.146563
176 0.147187
177 0.143125
178 0.139063
179 0.145313
180 0.151562
181 0.146563
182 0.136563
183 0.142500
184 0.156250
185 0.149062
186 0.135625
187 0.138125
188 0.151875
189 0.155938
190 0.144063
191 0.134687
192 0.149062
193 0.150000
194 0.143437
195 0.145625
196 0.141250
197 0.141250
198 0.144063
199 0.153125
200 0.151875
201 0.334062
202 0.437812
203 0.554063
204 0.463125
205 0.400938
206 0.479687
207 0.560625
208 0.484687
209 0.410625
210 0.485938
211 0.558750
212 0.487812
213 0.412500
214 0.480625
215 0.557813
216 0.491250
217 0.411562
218 0.479687
219 0.558125
220 0.491875
221 0.412813
222 0.478750
223 0.557187
224 0.491875
225 0.413438
226 0.478438
227 0.555937
228 0.491875
229 0.411875
230 0.478750
231 0.557813
232 0.492812
233 0.412187
234 0.476875
235 0.555625
236 0.492812
237 0.414375
238 0.477187
239 0.555312
240 0.492500
241 0.412500
242 0.477812
243 0.555312
244 0.492812
245 0.412813
246 0.476875
247 0.555937
248 0.493125
249 0.413438
250 0.477187
251 0.554688
252 0.493125
253 0.413125
254 0.477812
255 0.555625
256 0.492500
257 0.413438
258 0.477187
259 0.554375
260 0.492500
261 0.414375
262 0.477187
263 0.554688
264 0.492500
265 0.412500
266 0.477500
267 0.555312
268 0.492812
269 0.413750
270 0.476875
271 0.554688
272 0.492500
273 0.414375
274 0.477500
275 0.554063
276 0.492500
277 0.413125
278 0.477812
279 0.555937
280 0.492500
281 0.412813
282 0.476875
283 0.554688
284 0.492812
285 0.414687
286 0.477187
287 0.554063
288 0.492188
289 0.413125
290 0.477812
291 0.555000
292 0.492500
293 0.413438
294 0.476875
295 0.555312
296 0.492812
297 0.413750
298 0.477187
299 0.554375
300 0.492812
