1 0.058438
2 0.058438
3 0.171875
4 0.328125
5 0.221250
6 0.081250
7 0.138750
8 0.250312
9 0.275938
10 0.167500
11 0.145937
12 0.215000
13 0.235937
14 0.208750
15 0.180938
16 0.205625
17 0.219375
18 0.195312
19 0.203750
20 0.220000
21 0.206250
22 0.186250
23 0.197187
24 0.225938
25 0.220312
26 0.187188
27 0.189688
28 0.216250
29 0.220938
30 0.195625
31 0.188750
32 0.217500
33 0.221875
34 0.203750
35 0.192812
36 0.213438
37 0.224375
38 0.202500
39 0.193750
40 0.209687
41 0.214062
42 0.208437
43 0.195312
44 0.207187
45 0.211250
46 0.201875
47 0.203750
48 0.209375
49 0.208437
50 0.202187
51 0.206250
52 0.211250
53 0.206250
54 0.200000
55 0.205000
56 0.221562
57 0.210000
58 0.197813
59 0.205937
60 0.222500
61 0.213438
62 0.192500
63 0.195937
64 0.220625
65 0.219375
66 0.198437
67 0.200313
68 0.210313
69 0.210938
70 0.196875
71 0.203437
72 0.216250
73 0.203437
74 0.201875
75 0.207500
76 0.210938
77 0.205000
78 0.200313
79 0.205000
80 0.217188
81 0.207500
82 0.198125
83 0.203125
84 0.215312
85 0.208437
86 0.190625
87 0.201250
88 0.220000
89 0.217812
90 0.199063
91 0.200625
92 0.212812
93 0.209375
94 0.201563
95 0.197813
96 0.214375
97 0.212500
98 0.195625
99 0.204063
100 0.217500
101 0.491563
102 0.478125
103 0.367188
104 0.383125
105 0.512188
106 0.521875
107 0.381250
108 0.389062
109 0.521250
110 0.534062
111 0.386875
112 0.391875
113 0.520312
114 0.535000
115 0.391875
116 0.394375
117 0.523438
118 0.533438
119 0.393437
120 0.395000
121 0.520625
122 0.532813
123 0.392500
124 0.395000
125 0.522188
126 0.533438
127 0.395000
128 0.396562
129 0.524062
130 0.534687
131 0.396250
132 0.395937
133 0.523125
134 0.535937
135 0.397188
136 0.395937
137 0.522500
138 0.534687
139 0.397813
140 0.396875
141 0.522500
142 0.533125
143 0.397188
144 0.396250
145 0.521250
146 0.533438
147 0.397188
148 0.395937
149 0.521563
150 0.532500
151 0.398125
152 0.396562
153 0.522188
154 0.532500
155 0.398125
156 0.397813
157 0.523125
158 0.533438
159 0.397188
160 0.397188
161 0.522500
162 0.533125
163 0.397813
164 0.397500
165 0.521875
166 0.532500
167 0.397500
168 0.397813
169 0.521563
170 0.531250
171 0.397813
172 0.398125
173 0.522188
174 0.531563
175 0.396562
176 0.398438
177 0.522188
178 0.532500
179 0.396875
180 0.397813
181 0.523750
182 0.533125
183 0.396250
184 0.397188
185 0.522500
186 0.533438
187 0.397500
188 0.397813
189 0.522188
190 0.532500
191 0.396875
192 0.397813
193 0.521563
194 0.532500
195 0.397188
196 0.398125
197 0.521875
198 0.532188
199 0.396875
200 0.398125
201 0.000000
202 0.000000
203 0.000000
204 0.000000
205 0.000000
206 0.000000
207 0.000000
208 0.000000
209 0.000000
210 0.000000
211 0.000000
212 0.000000
213 0.000000
214 0.000000
215 0.000000
216 0.000000
217 0.000000
218 0.000000
219 0.000000
220 0.000000
221 0.000000
222 0.000000
223 0.000000
224 0.000000
225 0.000000
226 0.000000
227 0.000000
228 0.000000
229 0.000000
230 0.000000
231 0.000000
232 0.000000
233 0.000000
234 0.000000
235 0.000000
236 0.000000
237 0.000000
238 0.000000
239 0.000000
240 0.000000
241 0.000000
242 0.000000
243 0.000000
244 0.000000
245 0.000000
246 0.000000
247 0.000000
248 0.000000
249 0.000000
250 0.000000
251 0.000000
252 0.000000
253 0.000000
254 0.000000
255 0.000000
256 0.000000
257 0.000000
258 0.000000
259 0.000000
260 0.000000
261 0.000000
262 0.000000
263 0.000000
264 0.000000
265 0.000000
266 0.000000
267 0.000000
268 0.000000
269 0.000000
270 0.000000
271 0.000000
272 0.000000
273 0.000000
274 0.000000
275 0.000000
276 0.000000
277 0.000000
278 0.000000
279 0.000000
280 0.000000
281 0.000000
282 0.000000
283 0.000000
284 0.000000
285 0.000000
286 0.000000
287 0.000000
288 0.000000
289 0.000000
290 0.000000
291 0.000000
292 0.000000
293 0.000000
294 0.000000
295 0.000000
296 0.000000
297 0.000000
298 0.000000
299 0.000000
300 0.000000
