1 0.097187
2 0.097187
3 0.254375
4 0.460938
5 0.178437
6 0.101250
7 0.162500
8 0.351875
9 0.380312
10 0.118750
11 0.145000
12 0.295625
13 0.348438
14 0.220000
15 0.156875
16 0.274687
17 0.308125
18 0.229687
19 0.209687
20 0.258437
21 0.283125
22 0.227187
23 0.227187
24 0.281250
25 0.272500
26 0.214062
27 0.224375
28 0.293750
29 0.270937
30 0.209063
31 0.219062
32 0.290312
33 0.283125
34 0.211562
35 0.215312
36 0.278438
37 0.285000
38 0.225000
39 0.221250
40 0.275000
41 0.275000
42 0.220000
43 0.223438
44 0.278125
45 0.269375
46 0.220625
47 0.230313
48 0.280313
49 0.268437
50 0.222188
51 0.226562
52 0.275313
53 0.270937
54 0.220938
55 0.226250
56 0.276875
57 0.271875
58 0.226875
59 0.220312
60 0.273438
61 0.273750
62 0.227187
63 0.232187
64 0.270937
65 0.273750
66 0.226875
67 0.230000
68 0.272500
69 0.263437
70 0.225625
71 0.236250
72 0.272813
73 0.265937
74 0.222188
75 0.236563
76 0.273750
77 0.257812
78 0.224688
79 0.237813
80 0.277813
81 0.258125
82 0.221875
83 0.233437
84 0.277187
85 0.266875
86 0.221562
87 0.237813
88 0.272813
89 0.266250
90 0.221562
91 0.229375
92 0.278750
93 0.265313
94 0.227187
95 0.231250
96 0.270000
97 0.265000
98 0.229687
99 0.233750
100 0.269062
101 0.097187
102 0.106250
103 0.250937
104 0.274062
105 0.140625
106 0.095312
107 0.215625
108 0.259062
109 0.182500
110 0.123438
111 0.168125
112 0.243125
113 0.201875
114 0.141250
115 0.163125
116 0.221562
117 0.215625
118 0.146250
119 0.158125
120 0.225938
121 0.208125
122 0.155938
123 0.144687
124 0.214062
125 0.229375
126 0.161250
127 0.145625
128 0.184375
129 0.233125
130 0.192812
131 0.139063
132 0.178750
133 0.211875
134 0.199687
135 0.161875
136 0.166875
137 0.206250
138 0.192188
139 0.172187
140 0.180625
141 0.195312
142 0.195937
143 0.166250
144 0.178750
145 0.206875
146 0.190938
147 0.170000
148 0.164062
149 0.203125
150 0.215312
151 0.173750
152 0.160625
153 0.180000
154 0.215625
155 0.195625
156 0.160625
157 0.172187
158 0.193438
159 0.205937
160 0.185000
161 0.165000
162 0.181250
163 0.190000
164 0.194688
165 0.189375
166 0.176250
167 0.182812
168 0.182812
169 0.194688
170 0.189062
171 0.176250
172 0.185938
173 0.182500
174 0.198750
175 0.194375
176 0.175625
177 0.182812
178 0.178750
179 0.193750
180 0.198437
181 0.174687
182 0.177187
183 0.180000
184 0.197187
185 0.195625
186 0.177187
187 0.179375
188 0.179375
189 0.198125
190 0.200000
191 0.173125
192 0.175313
193 0.180000
194 0.201563
195 0.195625
196 0.168750
197 0.178437
198 0.186875
199 0.203125
200 0.189375
201 0.091250
202 0.105313
203 0.185000
204 0.195937
205 0.129062
206 0.090625
207 0.159375
208 0.197500
209 0.158125
210 0.114375
211 0.125312
212 0.182500
213 0.178750
214 0.132500
215 0.125312
216 0.153125
217 0.176563
218 0.146250
219 0.130000
220 0.158750
221 0.160625
222 0.145937
223 0.142187
224 0.159062
225 0.166563
226 0.137500
227 0.138125
228 0.156562
229 0.169063
230 0.155312
231 0.123750
232 0.149062
233 0.171250
234 0.158438
235 0.140313
236 0.132812
237 0.160000
238 0.163438
239 0.149375
240 0.145625
241 0.143750
242 0.163125
243 0.150000
244 0.140313
245 0.156562
246 0.154688
247 0.151250
248 0.144375
249 0.155000
250 0.164375
251 0.140625
252 0.140937
253 0.160938
254 0.164375
255 0.160625
256 0.133437
257 0.140000
258 0.162812
259 0.165937
260 0.151875
261 0.126875
262 0.149062
263 0.164062
264 0.161562
265 0.145313
266 0.132188
267 0.156562
268 0.163438
269 0.154375
270 0.148125
271 0.140000
272 0.154688
273 0.160312
274 0.154688
275 0.149375
276 0.137187
277 0.152812
278 0.155938
279 0.157188
280 0.150938
281 0.137813
282 0.152812
283 0.159062
284 0.156250
285 0.152500
286 0.137813
287 0.156250
288 0.157812
289 0.154688
290 0.155000
291 0.140313
292 0.151250
293 0.152188
294 0.159688
295 0.158750
296 0.140000
297 0.152500
298 0.152500
299 0.155938
300 0.158125
