1 0.179063
2 0.179063
3 0.400313
4 0.525000
5 0.187188
6 0.177813
7 0.328750
8 0.503437
9 0.227813
10 0.177813
11 0.293125
12 0.469062
13 0.333125
14 0.180000
15 0.278438
16 0.430625
17 0.380000
18 0.187812
19 0.274062
20 0.410938
21 0.383125
22 0.214062
23 0.277187
24 0.394375
25 0.368125
26 0.240937
27 0.280625
28 0.382812
29 0.355625
30 0.257188
31 0.296250
32 0.377812
33 0.343125
34 0.265625
35 0.305937
36 0.374375
37 0.331250
38 0.265625
39 0.322188
40 0.375000
41 0.324688
42 0.258750
43 0.327813
44 0.381563
45 0.318750
46 0.249375
47 0.330625
48 0.384688
49 0.316875
50 0.247812
51 0.330937
52 0.389062
53 0.318125
54 0.245625
55 0.330000
56 0.397188
57 0.318437
58 0.241875
59 0.325625
60 0.401250
61 0.317188
62 0.240000
63 0.324688
64 0.400938
65 0.321875
66 0.243125
67 0.320937
68 0.405000
69 0.323125
70 0.242500
71 0.323437
72 0.402187
73 0.323125
74 0.242500
75 0.323125
76 0.402500
77 0.325000
78 0.245938
79 0.321250
80 0.396562
81 0.330625
82 0.246250
83 0.320312
84 0.394688
85 0.328437
86 0.248125
87 0.319688
88 0.395937
89 0.324688
90 0.250937
91 0.315937
92 0.392500
93 0.325000
94 0.254688
95 0.318125
96 0.393125
97 0.321875
98 0.254375
99 0.317500
100 0.390937
101 0.179375
102 0.178437
103 0.372188
104 0.393437
105 0.201250
106 0.177500
107 0.346250
108 0.383437
109 0.251250
110 0.179688
111 0.304375
112 0.375625
113 0.279062
114 0.195625
115 0.282500
116 0.358125
117 0.280625
118 0.223125
119 0.277187
120 0.340625
121 0.281250
122 0.234375
123 0.287813
124 0.318437
125 0.276250
126 0.247500
127 0.295312
128 0.311250
129 0.270937
130 0.256563
131 0.299063
132 0.311563
133 0.261562
134 0.256250
135 0.304375
136 0.313125
137 0.262188
138 0.250000
139 0.303438
140 0.312812
141 0.264375
142 0.242812
143 0.305000
144 0.321875
145 0.265313
146 0.245000
147 0.300625
148 0.320312
149 0.264062
150 0.249688
151 0.299063
152 0.318750
153 0.264375
154 0.245000
155 0.302500
156 0.317812
157 0.265625
158 0.248125
159 0.299687
160 0.316563
161 0.267188
162 0.251250
163 0.298125
164 0.312500
165 0.271250
166 0.248125
167 0.297187
168 0.315000
169 0.267188
170 0.251875
171 0.292187
172 0.313750
173 0.271562
174 0.253437
175 0.290625
176 0.310312
177 0.273750
178 0.251875
179 0.289687
180 0.306250
181 0.279687
182 0.252188
183 0.283438
184 0.308437
185 0.284687
186 0.255000
187 0.277500
188 0.311563
189 0.284687
190 0.259062
191 0.274062
192 0.300938
193 0.285313
194 0.263750
195 0.281250
196 0.295938
197 0.286250
198 0.265000
199 0.281250
200 0.292187
201 0.176250
202 0.183125
203 0.292187
204 0.305937
205 0.191875
206 0.184375
207 0.293750
208 0.302500
209 0.212500
210 0.178437
211 0.280625
212 0.305625
213 0.225312
214 0.189375
215 0.261562
216 0.304063
217 0.235625
218 0.196250
219 0.243750
220 0.291250
221 0.249375
222 0.203750
223 0.243750
224 0.287500
225 0.251250
226 0.211250
227 0.235313
228 0.278125
229 0.256250
230 0.217188
231 0.236250
232 0.275000
233 0.255312
234 0.216875
235 0.237500
236 0.270937
237 0.255000
238 0.228125
239 0.237813
240 0.263750
241 0.256875
242 0.229375
243 0.238750
244 0.256250
245 0.253437
246 0.230000
247 0.239375
248 0.257188
249 0.253750
250 0.240313
251 0.237813
252 0.252812
253 0.248750
254 0.241563
255 0.239375
256 0.250625
257 0.252500
258 0.242188
259 0.241563
260 0.247812
261 0.246875
262 0.239063
263 0.246875
264 0.248750
265 0.249062
266 0.242500
267 0.246562
268 0.245938
269 0.240937
270 0.243438
271 0.247812
272 0.248750
273 0.240937
274 0.249688
275 0.247188
276 0.243438
277 0.246562
278 0.240937
279 0.251563
280 0.250312
281 0.237187
282 0.241563
283 0.259062
284 0.250625
285 0.230937
286 0.242812
287 0.258125
288 0.253750
289 0.233437
290 0.234375
291 0.258750
292 0.253750
293 0.232813
294 0.235937
295 0.253437
296 0.254375
297 0.236875
298 0.235000
299 0.258750
300 0.256250
