1 0.117813
2 0.117500
3 0.286562
4 0.467187
5 0.176250
6 0.120000
7 0.156562
8 0.363750
9 0.418438
10 0.123438
11 0.140000
12 0.313437
13 0.378125
14 0.228125
15 0.145313
16 0.281875
17 0.336875
18 0.249062
19 0.195312
20 0.264375
21 0.308750
22 0.237813
23 0.225625
24 0.289687
25 0.286562
26 0.224062
27 0.220000
28 0.305000
29 0.289687
30 0.213750
31 0.215938
32 0.299687
33 0.300625
34 0.216250
35 0.214062
36 0.293125
37 0.315625
38 0.222500
39 0.210000
40 0.283125
41 0.298750
42 0.232813
43 0.213438
44 0.283438
45 0.293750
46 0.232500
47 0.226250
48 0.285000
49 0.290938
50 0.226562
51 0.224062
52 0.294375
53 0.293750
54 0.225312
55 0.215625
56 0.291250
57 0.295938
58 0.226562
59 0.217812
60 0.288750
61 0.301563
62 0.232813
63 0.218125
64 0.277500
65 0.299687
66 0.234375
67 0.221562
68 0.281562
69 0.292187
70 0.235000
71 0.230625
72 0.284062
73 0.286875
74 0.238125
75 0.231250
76 0.283750
77 0.283438
78 0.234063
79 0.230000
80 0.285938
81 0.288438
82 0.228125
83 0.233750
84 0.288438
85 0.281875
86 0.235000
87 0.225000
88 0.289062
89 0.285000
90 0.230937
91 0.231250
92 0.284375
93 0.289687
94 0.229375
95 0.233750
96 0.285000
97 0.287187
98 0.232500
99 0.230000
100 0.289687
101 0.116875
102 0.122500
103 0.270000
104 0.293750
105 0.166875
106 0.117500
107 0.221875
108 0.276250
109 0.209375
110 0.137500
111 0.188125
112 0.259062
113 0.217188
114 0.166250
115 0.187812
116 0.235313
117 0.220625
118 0.176563
119 0.190625
120 0.232500
121 0.222500
122 0.179063
123 0.181875
124 0.238437
125 0.229375
126 0.180312
127 0.182500
128 0.215625
129 0.239687
130 0.194062
131 0.177187
132 0.208437
133 0.225625
134 0.215938
135 0.183438
136 0.195625
137 0.218750
138 0.203750
139 0.205937
140 0.200937
141 0.206875
142 0.202813
143 0.193438
144 0.219375
145 0.214062
146 0.197813
147 0.193125
148 0.202813
149 0.226250
150 0.208437
151 0.189375
152 0.197500
153 0.210938
154 0.221562
155 0.202187
156 0.188125
157 0.206563
158 0.213750
159 0.210938
160 0.193125
161 0.201250
162 0.212188
163 0.202187
164 0.209375
165 0.205313
166 0.202187
167 0.203750
168 0.196250
169 0.209687
170 0.213438
171 0.202187
172 0.202500
173 0.199687
174 0.215312
175 0.212188
176 0.197813
177 0.202813
178 0.205313
179 0.216562
180 0.205937
181 0.192812
182 0.206250
183 0.205313
184 0.213125
185 0.206563
186 0.199063
187 0.208750
188 0.196875
189 0.207813
190 0.210625
191 0.206563
192 0.199375
193 0.189062
194 0.213750
195 0.220312
196 0.200937
197 0.191875
198 0.194688
199 0.224688
200 0.213750
201 0.117813
202 0.122188
203 0.204687
204 0.224375
205 0.150625
206 0.116562
207 0.189062
208 0.216562
209 0.176875
210 0.134375
211 0.154062
212 0.206875
213 0.189062
214 0.152188
215 0.157500
216 0.182812
217 0.195937
218 0.155625
219 0.157500
220 0.191562
221 0.180938
222 0.161562
223 0.158125
224 0.186562
225 0.193438
226 0.155938
227 0.158750
228 0.184688
229 0.195312
230 0.173750
231 0.146250
232 0.178750
233 0.189688
234 0.177813
235 0.161562
236 0.156875
237 0.194062
238 0.182500
239 0.164375
240 0.166875
241 0.174063
242 0.185625
243 0.166875
244 0.168437
245 0.178750
246 0.170625
247 0.175313
248 0.164687
249 0.178437
250 0.181562
251 0.165000
252 0.169375
253 0.174063
254 0.184375
255 0.175313
256 0.159375
257 0.178125
258 0.176875
259 0.181875
260 0.172187
261 0.156875
262 0.180000
263 0.179063
264 0.173437
265 0.168750
266 0.167187
267 0.182500
268 0.174375
269 0.172187
270 0.177187
271 0.168437
272 0.181562
273 0.169687
274 0.173437
275 0.183125
276 0.167500
277 0.170313
278 0.170313
279 0.182812
280 0.177813
281 0.165937
282 0.170937
283 0.171250
284 0.187812
285 0.176563
286 0.157812
287 0.176250
288 0.178125
289 0.184062
290 0.171250
291 0.158438
292 0.181562
293 0.180625
294 0.175313
295 0.174063
296 0.165000
297 0.179063
298 0.176563
299 0.177187
300 0.173750
