1 1.257899e-01
2 5.709148e-01
3 4.461572e-01
4 1.053210e-01
5 2.159771e-01
6 1.275680e-01
7 1.841835e-01
8 4.277739e-01
9 2.407831e-01
10 1.186023e-01
11 1.670620e-01
12 9.363972e-02
13 2.334053e-01
14 3.201229e-01
15 1.510825e-01
16 1.363890e-01
17 1.289942e-01
18 1.102764e-01
19 2.554206e-01
20 2.314504e-01
21 1.221332e-01
22 1.420833e-01
23 1.047861e-01
24 1.469206e-01
25 2.465206e-01
26 1.669569e-01
27 1.226189e-01
28 1.332553e-01
29 1.007575e-01
30 1.818520e-01
31 2.147762e-01
32 1.307054e-01
33 1.302822e-01
34 1.175437e-01
35 1.161236e-01
36 2.003598e-01
37 1.749111e-01
38 1.189752e-01
39 1.320500e-01
40 1.060869e-01
41 1.420665e-01
42 1.974098e-01
43 1.412870e-01
44 1.214814e-01
45 1.250220e-01
46 1.067673e-01
47 1.660624e-01
48 1.776513e-01
49 1.220775e-01
50 1.265615e-01
51 1.142387e-01
52 1.202390e-01
53 1.779259e-01
54 1.515860e-01
55 1.171800e-01
56 1.265531e-01
57 1.076060e-01
58 1.402560e-01
59 1.741456e-01
60 1.297971e-01
61 1.203427e-01
62 1.204043e-01
63 1.104995e-01
64 1.575461e-01
65 1.584885e-01
66 1.181826e-01
67 1.238192e-01
68 1.125036e-01
69 1.226908e-01
70 1.647821e-01
71 1.390337e-01
72 1.163385e-01
73 1.228083e-01
74 1.088676e-01
75 1.388017e-01
76 1.599523e-01
77 1.236116e-01
78 1.193717e-01
79 1.174357e-01
80 1.130752e-01
81 1.515356e-01
82 1.466090e-01
83 1.161786e-01
84 1.216281e-01
85 1.116429e-01
86 1.241572e-01
87 1.555945e-01
88 1.313021e-01
89 1.158163e-01
90 1.200558e-01
91 1.100820e-01
92 1.373159e-01
93 1.501106e-01
94 1.199274e-01
95 1.184261e-01
96 1.154664e-01
97 1.150256e-01
98 1.467136e-01
99 1.385028e-01
100 1.150414e-01
101 1.178144e-01
102 1.464392e-01
103 1.343576e-01
104 1.015372e-01
105 1.051741e-01
106 1.091299e-01
107 1.194227e-01
108 1.381383e-01
109 1.210013e-01
110 1.019086e-01
111 1.059384e-01
112 1.080709e-01
113 1.222715e-01
114 1.318281e-01
115 1.127935e-01
116 1.032386e-01
117 1.063215e-01
118 1.093650e-01
119 1.248808e-01
120 1.256523e-01
121 1.079276e-01
122 1.047928e-01
123 1.063485e-01
124 1.121763e-01
125 1.262216e-01
126 1.195268e-01
127 1.056004e-01
128 1.059770e-01
129 1.065853e-01
130 1.158391e-01
131 1.257248e-01
132 1.139965e-01
133 1.050984e-01
134 1.065142e-01
135 1.076227e-01
136 1.195269e-01
137 1.233492e-01
138 1.096924e-01
139 1.056211e-01
140 1.065239e-01
141 1.097879e-01
142 1.223424e-01
143 1.195611e-01
144 1.069995e-01
145 1.063933e-01
146 1.064594e-01
147 1.129836e-01
148 1.235526e-01
149 1.151799e-01
150 1.058960e-01
151 1.068633e-01
152 1.069164e-01
153 1.166786e-01
154 1.228154e-01
155 1.111214e-01
156 1.059679e-01
157 1.068562e-01
158 1.083794e-01
159 1.200534e-01
160 1.202958e-01
161 1.081177e-01
162 1.065767e-01
163 1.066009e-01
164 1.109968e-01
165 1.222579e-01
166 1.166198e-01
167 1.065073e-01
168 1.071086e-01
169 1.066077e-01
170 1.144725e-01
171 1.226926e-01
172 1.126770e-01
173 1.061685e-01
174 1.072089e-01
175 1.074346e-01
176 1.181182e-01
177 1.212157e-01
178 1.093388e-01
179 1.066175e-01
180 1.069108e-01
181 1.094260e-01
182 1.210567e-01
183 1.182004e-01
184 1.071895e-01
185 1.072323e-01
186 1.066072e-01
187 1.125228e-01
188 1.225073e-01
189 1.144177e-01
190 1.063672e-01
191 1.075187e-01
192 1.068734e-01
193 1.162191e-01
194 1.220531e-01
195 1.107867e-01
196 1.065691e-01
197 1.073144e-01
198 1.082060e-01
199 1.196885e-01
200 1.197911e-01
201 1.104561e-01
202 1.240965e-01
203 1.180698e-01
204 1.021781e-01
205 1.181138e-01
206 1.157601e-01
207 1.105788e-01
208 1.251348e-01
209 1.104872e-01
210 1.082803e-01
211 1.255158e-01
212 1.109339e-01
213 1.166119e-01
214 1.259510e-01
215 1.050332e-01
216 1.213943e-01
217 1.282496e-01
218 1.079154e-01
219 1.287423e-01
220 1.217212e-01
221 1.066165e-01
222 1.393180e-01
223 1.231140e-01
224 1.134852e-01
225 1.423224e-01
226 1.120161e-01
227 1.222371e-01
228 1.541979e-01
229 1.131029e-01
230 1.337779e-01
231 1.481055e-01
232 1.046235e-01
233 1.546169e-01
234 1.554776e-01
235 1.103342e-01
236 1.671898e-01
237 1.380385e-01
238 1.157353e-01
239 1.951967e-01
240 1.386330e-01
241 1.327887e-01
242 1.992360e-01
243 1.158360e-01
244 1.620695e-01
245 2.225746e-01
246 1.162775e-01
247 1.921974e-01
248 2.064107e-01
249 1.059242e-01
250 2.451832e-01
251 2.131416e-01
252 1.225177e-01
253 2.772904e-01
254 1.737496e-01
255 1.499204e-01
256 3.367854e-01
257 1.646672e-01
258 1.997549e-01
259 3.455816e-01
260 1.211126e-01
261 2.823959e-01
262 3.814228e-01
263 1.209408e-01
264 3.650831e-01
265 3.407077e-01
266 1.193696e-01
267 4.913591e-01
268 3.306810e-01
269 1.731952e-01
270 5.720091e-01
271 2.420984e-01
272 2.701923e-01
273 6.901608e-01
274 2.038536e-01
275 4.150983e-01
276 7.033545e-01
277 1.265296e-01
278 6.359072e-01
279 7.415226e-01
280 1.377110e-01
281 8.543409e-01
282 6.332293e-01
283 1.892519e-01
284 1.145042e+00
285 5.590956e-01
286 3.640108e-01
287 1.332216e+00
288 3.598992e-01
289 6.648596e-01
290 1.549630e+00
291 2.549296e-01
292 1.070669e+00
293 1.544063e+00
294 1.387052e-01
295 1.635799e+00
296 1.529643e+00
297 2.233618e-01
298 2.182111e+00
299 1.236301e+00
300 4.775263e-01
