1 1.520766e-01
2 6.015406e-01
3 4.631359e-01
4 1.258992e-01
5 1.932295e-01
6 1.210472e-01
7 2.245313e-01
8 4.177321e-01
9 2.347738e-01
10 1.340445e-01
11 1.455695e-01
12 1.176329e-01
13 2.622124e-01
14 2.901980e-01
15 1.566268e-01
16 1.413213e-01
17 1.219211e-01
18 1.541522e-01
19 2.566153e-01
20 2.047693e-01
21 1.380290e-01
22 1.367072e-01
23 1.222151e-01
24 1.873611e-01
25 2.240063e-01
26 1.585749e-01
27 1.366615e-01
28 1.288361e-01
29 1.396104e-01
30 1.999299e-01
31 1.862679e-01
32 1.405415e-01
33 1.352177e-01
34 1.277649e-01
35 1.604686e-01
36 1.923280e-01
37 1.580955e-01
38 1.361374e-01
39 1.319701e-01
40 1.359911e-01
41 1.732195e-01
42 1.745285e-01
43 1.431284e-01
44 1.349909e-01
45 1.311092e-01
46 1.486688e-01
47 1.739836e-01
48 1.569814e-01
49 1.375025e-01
50 1.336526e-01
51 1.352914e-01
52 1.588426e-01
53 1.659959e-01
54 1.451972e-01
55 1.358097e-01
56 1.332754e-01
57 1.430921e-01
58 1.623678e-01
59 1.552698e-01
60 1.393709e-01
61 1.350119e-01
62 1.356031e-01
63 1.506673e-01
64 1.594801e-01
65 1.464278e-01
66 1.371080e-01
67 1.348813e-01
68 1.404904e-01
69 1.547579e-01
70 1.532337e-01
71 1.410552e-01
72 1.362735e-01
73 1.362759e-01
74 1.459565e-01
75 1.544839e-01
76 1.469088e-01
77 1.384801e-01
78 1.361638e-01
79 1.393934e-01
80 1.497369e-01
81 1.511467e-01
82 1.423307e-01
83 1.374450e-01
84 1.370303e-01
85 1.432721e-01
86 1.507001e-01
87 1.468459e-01
88 1.397216e-01
89 1.372283e-01
90 1.390547e-01
91 1.464452e-01
92 1.491942e-01
93 1.431773e-01
94 1.385055e-01
95 1.377510e-01
96 1.417858e-01
97 1.478852e-01
98 1.464384e-01
99 1.407468e-01
100 1.381353e-01
101 1.535803e-01
102 1.880984e-01
103 1.681063e-01
104 1.268685e-01
105 1.258233e-01
106 1.341084e-01
107 1.534505e-01
108 1.709820e-01
109 1.496830e-01
110 1.279267e-01
111 1.287619e-01
112 1.360153e-01
113 1.540156e-01
114 1.595339e-01
115 1.404165e-01
116 1.295344e-01
117 1.311334e-01
118 1.392905e-01
119 1.534705e-01
120 1.509225e-01
121 1.358902e-01
122 1.310066e-01
123 1.332705e-01
124 1.424111e-01
125 1.515326e-01
126 1.445180e-01
127 1.339792e-01
128 1.322287e-01
129 1.354926e-01
130 1.446405e-01
131 1.486015e-01
132 1.400778e-01
133 1.334388e-01
134 1.333492e-01
135 1.377827e-01
136 1.456534e-01
137 1.453041e-01
138 1.372933e-01
139 1.335493e-01
140 1.345549e-01
141 1.398885e-01
142 1.454686e-01
143 1.422096e-01
144 1.357600e-01
145 1.339630e-01
146 1.359289e-01
147 1.415039e-01
148 1.443619e-01
149 1.396830e-01
150 1.350695e-01
151 1.345655e-01
152 1.374076e-01
153 1.424179e-01
154 1.427343e-01
155 1.378588e-01
156 1.348981e-01
157 1.353412e-01
158 1.388190e-01
159 1.425855e-01
160 1.409794e-01
161 1.366946e-01
162 1.350417e-01
163 1.362722e-01
164 1.399626e-01
165 1.421209e-01
166 1.393918e-01
167 1.360582e-01
168 1.353985e-01
169 1.372899e-01
170 1.406877e-01
171 1.412381e-01
172 1.381335e-01
173 1.358037e-01
174 1.359218e-01
175 1.382778e-01
176 1.409387e-01
177 1.401760e-01
178 1.372483e-01
179 1.358166e-01
180 1.365727e-01
181 1.391054e-01
182 1.407598e-01
183 1.391359e-01
184 1.367042e-01
185 1.360229e-01
186 1.372924e-01
187 1.396696e-01
188 1.402673e-01
189 1.382503e-01
190 1.364375e-01
191 1.363754e-01
192 1.379995e-01
193 1.399229e-01
194 1.396062e-01
195 1.375802e-01
196 1.363848e-01
197 1.368333e-01
198 1.386066e-01
199 1.398804e-01
200 1.389114e-01
201 1.394972e-01
202 1.491904e-01
203 1.422255e-01
204 1.295536e-01
205 1.328056e-01
206 1.356956e-01
207 1.389783e-01
208 1.431704e-01
209 1.360139e-01
210 1.308876e-01
211 1.337188e-01
212 1.352106e-01
213 1.387649e-01
214 1.392820e-01
215 1.333725e-01
216 1.323403e-01
217 1.342570e-01
218 1.354846e-01
219 1.383072e-01
220 1.364156e-01
221 1.325932e-01
222 1.335038e-01
223 1.344921e-01
224 1.359667e-01
225 1.374181e-01
226 1.344239e-01
227 1.328361e-01
228 1.342013e-01
229 1.346853e-01
230 1.363417e-01
231 1.361812e-01
232 1.333320e-01
233 1.334913e-01
234 1.344852e-01
235 1.349914e-01
236 1.363680e-01
237 1.348719e-01
238 1.330595e-01
239 1.341143e-01
240 1.345609e-01
241 1.353783e-01
242 1.359432e-01
243 1.338217e-01
244 1.333583e-01
245 1.344784e-01
246 1.346507e-01
247 1.356717e-01
248 1.351596e-01
249 1.332659e-01
250 1.338856e-01
251 1.345836e-01
252 1.348668e-01
253 1.356784e-01
254 1.342693e-01
255 1.332433e-01
256 1.343394e-01
257 1.345783e-01
258 1.351592e-01
259 1.353145e-01
260 1.335679e-01
261 1.335970e-01
262 1.345686e-01
263 1.346287e-01
264 1.353634e-01
265 1.346675e-01
266 1.332569e-01
267 1.340686e-01
268 1.345990e-01
269 1.348037e-01
270 1.353130e-01
271 1.339608e-01
272 1.333607e-01
273 1.344310e-01
274 1.345675e-01
275 1.350356e-01
276 1.349499e-01
277 1.334444e-01
278 1.337359e-01
279 1.345864e-01
280 1.346087e-01
281 1.351697e-01
282 1.343689e-01
283 1.332748e-01
284 1.341626e-01
285 1.345825e-01
286 1.347616e-01
287 1.350671e-01
288 1.337755e-01
289 1.334492e-01
290 1.344611e-01
291 1.345477e-01
292 1.349472e-01
293 1.346966e-01
294 1.333823e-01
295 1.338257e-01
296 1.345707e-01
297 1.345908e-01
298 1.350230e-01
299 1.341624e-01
300 1.333065e-01
