1 1.377578e-01
2 5.903602e-01
3 4.603531e-01
4 1.139643e-01
5 1.988125e-01
6 1.211301e-01
7 1.999960e-01
8 4.213259e-01
9 2.415040e-01
10 1.231916e-01
11 1.491458e-01
12 1.015910e-01
13 2.414474e-01
14 3.018708e-01
15 1.562779e-01
16 1.352428e-01
17 1.187049e-01
18 1.284781e-01
19 2.495227e-01
20 2.147347e-01
21 1.326574e-01
22 1.354518e-01
23 1.077250e-01
24 1.651208e-01
25 2.285185e-01
26 1.605324e-01
27 1.330110e-01
28 1.257821e-01
29 1.170012e-01
30 1.902793e-01
31 1.927311e-01
32 1.363436e-01
33 1.354094e-01
34 1.163193e-01
35 1.394759e-01
36 1.945368e-01
37 1.586753e-01
38 1.319157e-01
39 1.314272e-01
40 1.163837e-01
41 1.625207e-01
42 1.803499e-01
43 1.372749e-01
44 1.341255e-01
45 1.235788e-01
46 1.281625e-01
47 1.747970e-01
48 1.581165e-01
49 1.300502e-01
50 1.336220e-01
51 1.191824e-01
52 1.459021e-01
53 1.721012e-01
54 1.391098e-01
55 1.310699e-01
56 1.285068e-01
57 1.233721e-01
58 1.602985e-01
59 1.584416e-01
60 1.293982e-01
61 1.326350e-01
62 1.229479e-01
63 1.352047e-01
64 1.645532e-01
65 1.422593e-01
66 1.280694e-01
67 1.305914e-01
68 1.223569e-01
69 1.486070e-01
70 1.580314e-01
71 1.308417e-01
72 1.299614e-01
73 1.260645e-01
74 1.287767e-01
75 1.566688e-01
76 1.456197e-01
77 1.266287e-01
78 1.302731e-01
79 1.232549e-01
80 1.394150e-01
81 1.559375e-01
82 1.339206e-01
83 1.272714e-01
84 1.277475e-01
85 1.255330e-01
86 1.487310e-01
87 1.479574e-01
88 1.272121e-01
89 1.285999e-01
90 1.246807e-01
91 1.327618e-01
92 1.521214e-01
93 1.375402e-01
94 1.257054e-01
95 1.279772e-01
96 1.244113e-01
97 1.414437e-01
98 1.485517e-01
99 1.294229e-01
100 1.266915e-01
101 1.362787e-01
102 1.815999e-01
103 1.635233e-01
104 1.141993e-01
105 1.162223e-01
106 1.204223e-01
107 1.394055e-01
108 1.689720e-01
109 1.429183e-01
110 1.144880e-01
111 1.179061e-01
112 1.201939e-01
113 1.437502e-01
114 1.583749e-01
115 1.304786e-01
116 1.162844e-01
117 1.185219e-01
118 1.229956e-01
119 1.469241e-01
120 1.482221e-01
121 1.234514e-01
122 1.181524e-01
123 1.187089e-01
124 1.274716e-01
125 1.476880e-01
126 1.388810e-01
127 1.202096e-01
128 1.193306e-01
129 1.194060e-01
130 1.324033e-01
131 1.457759e-01
132 1.311514e-01
133 1.193314e-01
134 1.197218e-01
135 1.212175e-01
136 1.365879e-01
137 1.417086e-01
138 1.255831e-01
139 1.195646e-01
140 1.197284e-01
141 1.241873e-01
142 1.390856e-01
143 1.364848e-01
144 1.222246e-01
145 1.200059e-01
146 1.199595e-01
147 1.278360e-01
148 1.394522e-01
149 1.312067e-01
150 1.206639e-01
151 1.202241e-01
152 1.209224e-01
153 1.313807e-01
154 1.378095e-01
155 1.267527e-01
156 1.202406e-01
157 1.202347e-01
158 1.228030e-01
159 1.340293e-01
160 1.347372e-01
161 1.235858e-01
162 1.203078e-01
163 1.203385e-01
164 1.254006e-01
165 1.352407e-01
166 1.310414e-01
167 1.217307e-01
168 1.204343e-01
169 1.208949e-01
170 1.282155e-01
171 1.348691e-01
172 1.274956e-01
173 1.208933e-01
174 1.204854e-01
175 1.221193e-01
176 1.306367e-01
177 1.331615e-01
178 1.246404e-01
179 1.206528e-01
180 1.205764e-01
181 1.239715e-01
182 1.321490e-01
183 1.306334e-01
184 1.226969e-01
185 1.206470e-01
186 1.209391e-01
187 1.261611e-01
188 1.324868e-01
189 1.278834e-01
190 1.215979e-01
191 1.206858e-01
192 1.217671e-01
193 1.282504e-01
194 1.316875e-01
195 1.254160e-01
196 1.211033e-01
197 1.207701e-01
198 1.231003e-01
199 1.298032e-01
200 1.300434e-01
201 1.255580e-01
202 1.407816e-01
203 1.336061e-01
204 1.158040e-01
205 1.265499e-01
206 1.261667e-01
207 1.267261e-01
208 1.396038e-01
209 1.245378e-01
210 1.215238e-01
211 1.333980e-01
212 1.232971e-01
213 1.346722e-01
214 1.388596e-01
215 1.191936e-01
216 1.357824e-01
217 1.355412e-01
218 1.248386e-01
219 1.496009e-01
220 1.318004e-01
221 1.253856e-01
222 1.552545e-01
223 1.297411e-01
224 1.416591e-01
225 1.628893e-01
226 1.207233e-01
227 1.544414e-01
228 1.664404e-01
229 1.262125e-01
230 1.811378e-01
231 1.586706e-01
232 1.264084e-01
233 2.054990e-01
234 1.550469e-01
235 1.543115e-01
236 2.293704e-01
237 1.327247e-01
238 1.845241e-01
239 2.494255e-01
240 1.334388e-01
241 2.457973e-01
242 2.444775e-01
243 1.242567e-01
244 3.128256e-01
245 2.389978e-01
246 1.681954e-01
247 3.889093e-01
248 1.915559e-01
249 2.268019e-01
250 4.596724e-01
251 1.710456e-01
252 3.608520e-01
253 4.880466e-01
254 1.275930e-01
255 5.266293e-01
256 4.956620e-01
257 1.777794e-01
258 7.415412e-01
259 4.122270e-01
260 2.711620e-01
261 9.612998e-01
262 3.363575e-01
263 5.373328e-01
264 1.124639e+00
265 1.959264e-01
266 9.135714e-01
267 1.222162e+00
268 1.969587e-01
269 1.458883e+00
270 1.126318e+00
271 2.911790e-01
272 2.076610e+00
273 9.516742e-01
274 7.500479e-01
275 2.663946e+00
276 5.842606e-01
277 1.518127e+00
278 3.122150e+00
279 3.679167e-01
280 2.764517e+00
281 3.192976e+00
282 2.884541e-01
283 4.331731e+00
284 2.948745e+00
285 8.980480e-01
286 6.051436e+00
287 2.160881e+00
288 2.234880e+00
289 7.637193e+00
290 1.354363e+00
291 4.739849e+00
292 8.530719e+00
293 5.806762e-01
294 8.248155e+00
295 8.618076e+00
296 9.027422e-01
297 1.252308e+01
298 7.339841e+00
299 2.619713e+00
300 1.696814e+01
