1 1.442926e-01
2 5.874345e-01
3 4.564338e-01
4 1.207958e-01
5 1.954120e-01
6 1.209637e-01
7 2.109743e-01
8 4.144507e-01
9 2.359481e-01
10 1.317915e-01
11 1.485078e-01
12 1.095285e-01
13 2.533415e-01
14 2.931383e-01
15 1.562277e-01
16 1.440684e-01
17 1.208466e-01
18 1.436790e-01
19 2.571840e-01
20 2.065556e-01
21 1.385884e-01
22 1.417522e-01
23 1.148632e-01
24 1.832796e-01
25 2.292583e-01
26 1.568303e-01
27 1.415314e-01
28 1.298535e-01
29 1.309232e-01
30 2.051116e-01
31 1.886882e-01
32 1.390862e-01
33 1.422778e-01
34 1.219469e-01
35 1.581766e-01
36 2.015625e-01
37 1.551818e-01
38 1.390450e-01
39 1.352779e-01
40 1.275811e-01
41 1.803220e-01
42 1.799937e-01
43 1.386458e-01
44 1.412651e-01
45 1.271972e-01
46 1.453005e-01
47 1.859941e-01
48 1.552102e-01
49 1.364512e-01
50 1.379334e-01
51 1.270824e-01
52 1.647065e-01
53 1.749845e-01
54 1.391275e-01
55 1.390119e-01
56 1.311789e-01
57 1.377096e-01
58 1.746529e-01
59 1.563327e-01
60 1.345383e-01
61 1.384509e-01
62 1.281310e-01
63 1.534900e-01
64 1.708351e-01
65 1.408113e-01
66 1.362771e-01
67 1.337969e-01
68 1.334744e-01
69 1.651222e-01
70 1.575335e-01
71 1.339017e-01
72 1.374053e-01
73 1.297862e-01
74 1.453259e-01
75 1.664270e-01
76 1.432911e-01
77 1.339411e-01
78 1.349752e-01
79 1.314906e-01
80 1.568661e-01
81 1.580508e-01
82 1.346382e-01
83 1.355902e-01
84 1.313201e-01
85 1.396083e-01
86 1.615534e-01
87 1.459134e-01
88 1.325905e-01
89 1.349672e-01
90 1.308780e-01
91 1.498805e-01
92 1.575173e-01
93 1.364220e-01
94 1.337546e-01
95 1.323502e-01
96 1.358474e-01
97 1.564236e-01
98 1.480864e-01
99 1.324012e-01
100 1.342208e-01
101 1.466451e-01
102 1.987158e-01
103 1.770130e-01
104 1.208859e-01
105 1.224409e-01
106 1.273260e-01
107 1.499681e-01
108 1.822706e-01
109 1.527253e-01
110 1.211950e-01
111 1.240797e-01
112 1.276374e-01
113 1.539715e-01
114 1.686940e-01
115 1.387919e-01
116 1.229959e-01
117 1.248510e-01
118 1.311782e-01
119 1.560599e-01
120 1.566219e-01
121 1.313196e-01
122 1.246921e-01
123 1.255642e-01
124 1.359598e-01
125 1.553932e-01
126 1.464465e-01
127 1.279222e-01
128 1.257435e-01
129 1.270049e-01
130 1.404944e-01
131 1.522702e-01
132 1.386742e-01
133 1.268162e-01
134 1.263000e-01
135 1.294136e-01
136 1.437030e-01
137 1.476144e-01
138 1.334000e-01
139 1.267396e-01
140 1.268184e-01
141 1.324909e-01
142 1.450424e-01
143 1.425095e-01
144 1.302796e-01
145 1.269719e-01
146 1.277270e-01
147 1.356251e-01
148 1.445236e-01
149 1.378521e-01
150 1.287189e-01
151 1.272613e-01
152 1.292165e-01
153 1.381744e-01
154 1.425807e-01
155 1.341720e-01
156 1.281056e-01
157 1.276566e-01
158 1.311863e-01
159 1.396894e-01
160 1.398537e-01
161 1.316189e-01
162 1.279773e-01
163 1.283105e-01
164 1.333187e-01
165 1.400200e-01
166 1.369728e-01
167 1.300637e-01
168 1.280854e-01
169 1.293208e-01
170 1.352197e-01
171 1.393025e-01
172 1.344069e-01
173 1.292455e-01
174 1.283632e-01
175 1.306521e-01
176 1.365595e-01
177 1.378631e-01
178 1.324043e-01
179 1.289032e-01
180 1.288409e-01
181 1.321386e-01
182 1.371638e-01
183 1.360915e-01
184 1.310142e-01
185 1.288524e-01
186 1.295545e-01
187 1.335453e-01
188 1.370378e-01
189 1.343309e-01
190 1.301567e-01
191 1.290031e-01
192 1.304851e-01
193 1.346472e-01
194 1.363316e-01
195 1.328139e-01
196 1.297026e-01
197 1.293318e-01
198 1.315417e-01
199 1.352952e-01
200 1.352721e-01
201 1.341360e-01
202 1.467827e-01
203 1.388317e-01
204 1.222679e-01
205 1.294153e-01
206 1.320659e-01
207 1.343216e-01
208 1.422409e-01
209 1.305006e-01
210 1.258008e-01
211 1.338793e-01
212 1.310277e-01
213 1.379683e-01
214 1.391352e-01
215 1.260664e-01
216 1.337493e-01
217 1.361284e-01
218 1.325620e-01
219 1.443214e-01
220 1.334725e-01
221 1.284589e-01
222 1.440180e-01
223 1.347527e-01
224 1.409033e-01
225 1.487022e-01
226 1.267963e-01
227 1.419668e-01
228 1.502103e-01
229 1.347513e-01
230 1.577964e-01
231 1.444276e-01
232 1.288236e-01
233 1.646101e-01
234 1.469208e-01
235 1.480558e-01
236 1.755153e-01
237 1.316732e-01
238 1.534081e-01
239 1.830703e-01
240 1.408365e-01
241 1.844704e-01
242 1.771833e-01
243 1.283914e-01
244 2.039118e-01
245 1.801484e-01
246 1.577694e-01
247 2.344736e-01
248 1.534900e-01
249 1.688264e-01
250 2.568108e-01
251 1.593207e-01
252 2.292450e-01
253 2.609118e-01
254 1.315734e-01
255 2.756547e-01
256 2.674226e-01
257 1.703095e-01
258 3.532244e-01
259 2.256937e-01
260 1.869860e-01
261 4.152330e-01
262 2.186569e-01
263 2.968477e-01
264 4.580353e-01
265 1.570078e-01
266 3.978488e-01
267 4.854334e-01
268 1.932764e-01
269 5.766972e-01
270 4.331978e-01
271 2.054789e-01
272 7.380541e-01
273 4.001873e-01
274 3.871257e-01
275 8.929972e-01
276 2.695685e-01
277 5.868616e-01
278 1.000405e+00
279 2.658719e-01
280 9.660161e-01
281 9.759432e-01
282 2.328130e-01
283 1.354284e+00
284 9.152404e-01
285 4.918560e-01
286 1.790822e+00
287 6.629322e-01
288 8.410569e-01
289 2.141919e+00
290 5.345296e-01
291 1.577040e+00
292 2.283790e+00
293 3.427409e-01
294 2.430991e+00
295 2.260614e+00
296 6.144453e-01
297 3.496500e+00
298 1.845143e+00
299 1.116846e+00
300 4.476942e+00
