1 2.167141e-01
2 6.380231e-01
3 4.751540e-01
4 1.754925e-01
5 1.575701e-01
6 1.559514e-01
7 2.894657e-01
8 3.591715e-01
9 2.433634e-01
10 1.726847e-01
11 1.655291e-01
12 2.076335e-01
13 2.686668e-01
14 2.515090e-01
15 2.023899e-01
16 1.833902e-01
17 1.940136e-01
18 2.262263e-01
19 2.372017e-01
20 2.163682e-01
21 1.980921e-01
22 1.966497e-01
23 2.105186e-01
24 2.233187e-01
25 2.188040e-01
26 2.069663e-01
27 2.018003e-01
28 2.063278e-01
29 2.148402e-01
30 2.166637e-01
31 2.110322e-01
32 2.060194e-01
33 2.063177e-01
34 2.107672e-01
35 2.138323e-01
36 2.121565e-01
37 2.087055e-01
38 2.074658e-01
39 2.092646e-01
40 2.117110e-01
41 2.119082e-01
42 2.100800e-01
43 2.086405e-01
44 2.090044e-01
45 2.104843e-01
46 2.112584e-01
47 2.105793e-01
48 2.094872e-01
49 2.092273e-01
50 2.099267e-01
51 2.106651e-01
52 2.106110e-01
53 2.099721e-01
54 2.095543e-01
55 2.097644e-01
56 2.102688e-01
57 2.104610e-01
58 2.101826e-01
59 2.098258e-01
60 2.097909e-01
61 2.100602e-01
62 2.102874e-01
63 2.102284e-01
64 2.099989e-01
65 2.098798e-01
66 2.099813e-01
67 2.101554e-01
68 2.101980e-01
69 2.100848e-01
70 2.099671e-01
71 2.099742e-01
72 2.100772e-01
73 2.101469e-01
74 2.101122e-01
75 2.100290e-01
76 2.099969e-01
77 2.100422e-01
78 2.101024e-01
79 2.101088e-01
80 2.100633e-01
81 2.100247e-01
82 2.100342e-01
83 2.100733e-01
84 2.100941e-01
85 2.100769e-01
86 2.100468e-01
87 2.100391e-01
88 2.100585e-01
89 2.100792e-01
90 2.100782e-01
91 2.100602e-01
92 2.100478e-01
93 2.100536e-01
94 2.100684e-01
95 2.100743e-01
96 2.100664e-01
97 2.100556e-01
98 2.100542e-01
99 2.100623e-01
100 2.100693e-01
101 2.397013e-01
102 2.868133e-01
103 2.625920e-01
104 2.108117e-01
105 2.017638e-01
106 2.144197e-01
107 2.382416e-01
108 2.510243e-01
109 2.328063e-01
110 2.136729e-01
111 2.122510e-01
112 2.219587e-01
113 2.344275e-01
114 2.350610e-01
115 2.242444e-01
116 2.171923e-01
117 2.187109e-01
118 2.254207e-01
119 2.304279e-01
120 2.278757e-01
121 2.221535e-01
122 2.199832e-01
123 2.222497e-01
124 2.261934e-01
125 2.274074e-01
126 2.248226e-01
127 2.221061e-01
128 2.219333e-01
129 2.239245e-01
130 2.258210e-01
131 2.255053e-01
132 2.236939e-01
133 2.226201e-01
134 2.231576e-01
135 2.245232e-01
136 2.251719e-01
137 2.244655e-01
138 2.234196e-01
139 2.231766e-01
140 2.238274e-01
141 2.245860e-01
142 2.246117e-01
143 2.239805e-01
144 2.234854e-01
145 2.236055e-01
146 2.241232e-01
147 2.244421e-01
148 2.242365e-01
149 2.238101e-01
150 2.236501e-01
151 2.238766e-01
152 2.242012e-01
153 2.242629e-01
154 2.240287e-01
155 2.237958e-01
156 2.238079e-01
157 2.240161e-01
158 2.241753e-01
159 2.241193e-01
160 2.239380e-01
161 2.238434e-01
162 2.239216e-01
163 2.240670e-01
164 2.241160e-01
165 2.240278e-01
166 2.239161e-01
167 2.239028e-01
168 2.239880e-01
169 2.240689e-01
170 2.240592e-01
171 2.239810e-01
172 2.239273e-01
173 2.239515e-01
174 2.240177e-01
175 2.240501e-01
176 2.240182e-01
177 2.239646e-01
178 2.239492e-01
179 2.239833e-01
180 2.240243e-01
181 2.240276e-01
182 2.239944e-01
183 2.239649e-01
184 2.239700e-01
185 2.239997e-01
186 2.240194e-01
187 2.240093e-01
188 2.239839e-01
189 2.239723e-01
190 2.239851e-01
191 2.240054e-01
192 2.240108e-01
193 2.239974e-01
194 2.239818e-01
195 2.239809e-01
196 2.239939e-01
197 2.240051e-01
198 2.240028e-01
199 2.239912e-01
200 2.239838e-01
201 2.337395e-01
202 2.576195e-01
203 2.411752e-01
204 2.128734e-01
205 2.124591e-01
206 2.198027e-01
207 2.308080e-01
208 2.362489e-01
209 2.252748e-01
210 2.160705e-01
211 2.169366e-01
212 2.220002e-01
213 2.278027e-01
214 2.273432e-01
215 2.214605e-01
216 2.185049e-01
217 2.198291e-01
218 2.231308e-01
219 2.252950e-01
220 2.236590e-01
221 2.208252e-01
222 2.200958e-01
223 2.213846e-01
224 2.232213e-01
225 2.236230e-01
226 2.222458e-01
227 2.210126e-01
228 2.210857e-01
229 2.220731e-01
230 2.229033e-01
231 2.226692e-01
232 2.217927e-01
233 2.213476e-01
234 2.216552e-01
235 2.222819e-01
236 2.225435e-01
237 2.221928e-01
238 2.217195e-01
239 2.216359e-01
240 2.219423e-01
241 2.222728e-01
242 2.222734e-01
243 2.219901e-01
244 2.217756e-01
245 2.218336e-01
246 2.220578e-01
247 2.221939e-01
248 2.221081e-01
249 2.219270e-01
250 2.218568e-01
251 2.219486e-01
252 2.220831e-01
253 2.221136e-01
254 2.220226e-01
255 2.219260e-01
256 2.219247e-01
257 2.220041e-01
258 2.220701e-01
259 2.220550e-01
260 2.219871e-01
261 2.219461e-01
262 2.219699e-01
263 2.220237e-01
264 2.220471e-01
265 2.220198e-01
266 2.219784e-01
267 2.219684e-01
268 2.219950e-01
269 2.220251e-01
270 2.220267e-01
271 2.220023e-01
272 2.219816e-01
273 2.219855e-01
274 2.220062e-01
275 2.220196e-01
276 2.220127e-01
277 2.219958e-01
278 2.219881e-01
279 2.219962e-01
280 2.220093e-01
281 2.220129e-01
282 2.220047e-01
283 2.219950e-01
284 2.219943e-01
285 2.220018e-01
286 2.220086e-01
287 2.220076e-01
288 2.220010e-01
289 2.219966e-01
290 2.219986e-01
291 2.220040e-01
292 2.220066e-01
293 2.220041e-01
294 2.219999e-01
295 2.219986e-01
296 2.220012e-01
297 2.220043e-01
298 2.220047e-01
299 2.220023e-01
300 2.220001e-01
