1 0.344914
2 0.252701
3 0.236529
4 0.233084
5 0.232097
6 0.231752
7 0.231624
8 0.231596
9 0.231584
10 0.231576
11 0.231574
12 0.231574
13 0.231574
14 0.231575
15 0.231575
16 0.231575
17 0.231575
18 0.231575
19 0.231575
20 0.231575
21 0.231575
22 0.231575
23 0.231575
24 0.231575
25 0.231575
26 0.231575
27 0.231575
28 0.231575
29 0.231575
30 0.231575
31 0.160211
32 0.142278
33 0.140439
34 0.141203
35 0.141810
36 0.141997
37 0.142072
38 0.142108
39 0.142122
40 0.142134
41 0.142141
42 0.142146
43 0.142150
44 0.142152
45 0.142153
46 0.142154
47 0.142155
48 0.142155
49 0.142155
50 0.142156
51 0.142156
52 0.142156
53 0.142156
54 0.142156
55 0.142156
56 0.142156
57 0.142156
58 0.142156
59 0.142156
60 0.142156
61 0.129978
62 0.126208
63 0.125639
64 0.125655
65 0.125688
66 0.125698
67 0.125711
68 0.125716
69 0.125720
70 0.125722
71 0.125723
72 0.125724
73 0.125724
74 0.125724
75 0.125724
76 0.125725
77 0.125725
78 0.125725
79 0.125725
80 0.125725
81 0.125725
82 0.125725
83 0.125725
84 0.125725
85 0.125725
86 0.125725
87 0.125725
88 0.125725
89 0.125725
90 0.125725
91 0.124251
92 0.123327
93 0.123139
94 0.123180
95 0.123176
96 0.123167
97 0.123168
98 0.123169
99 0.123170
100 0.123170
101 0.123170
102 0.123170
103 0.123170
104 0.123170
105 0.123170
106 0.123171
107 0.123171
108 0.123171
109 0.123171
110 0.123171
111 0.123171
112 0.123171
113 0.123171
114 0.123171
115 0.123171
116 0.123171
117 0.123171
118 0.123171
119 0.123171
120 0.123171
