1 0.087708
2 0.072083
3 0.062917
4 0.074375
5 0.067083
6 0.080260
7 0.073594
8 0.088177
9 0.078490
10 0.093385
11 0.083021
12 0.097187
13 0.086771
14 0.100260
15 0.089948
16 0.103438
17 0.093073
18 0.105990
19 0.095417
20 0.107708
21 0.097135
22 0.108854
23 0.097969
24 0.110104
25 0.099219
26 0.110677
27 0.100156
28 0.111302
29 0.101094
30 0.111719
31 0.101771
32 0.112500
33 0.102760
34 0.112708
35 0.103542
36 0.113073
37 0.104010
38 0.113646
39 0.104375
40 0.114115
41 0.104531
42 0.114635
43 0.104896
44 0.114792
45 0.105260
46 0.115156
47 0.105469
48 0.115417
49 0.105729
50 0.115677
51 0.105885
52 0.115885
53 0.105885
54 0.115990
55 0.106094
56 0.116146
57 0.106354
58 0.116562
59 0.106563
60 0.116771
61 0.106719
62 0.117031
63 0.107083
64 0.117448
65 0.107344
66 0.117500
67 0.107396
68 0.117656
69 0.107500
70 0.117760
71 0.107448
72 0.117760
73 0.107448
74 0.117760
75 0.107448
76 0.117708
77 0.107448
78 0.117708
79 0.107396
80 0.117760
81 0.107396
82 0.117760
83 0.107448
84 0.117708
85 0.107500
86 0.117865
87 0.107552
88 0.117865
89 0.107604
90 0.117865
91 0.107552
92 0.117865
93 0.107552
94 0.117865
95 0.107552
96 0.117813
97 0.107552
98 0.117813
99 0.107604
100 0.117865
101 0.051302
102 0.043698
103 0.037240
104 0.038594
105 0.036354
106 0.036979
107 0.035729
108 0.036875
109 0.035365
110 0.037031
111 0.035469
112 0.036979
113 0.035469
114 0.036927
115 0.035729
116 0.036927
117 0.035833
118 0.037135
119 0.035781
120 0.037135
121 0.035781
122 0.037135
123 0.035885
124 0.037031
125 0.035885
126 0.036927
127 0.035885
128 0.037031
129 0.035833
130 0.037031
131 0.035885
132 0.036979
133 0.035885
134 0.036979
135 0.035990
136 0.036979
137 0.036042
138 0.036979
139 0.036042
140 0.036979
141 0.036042
142 0.036979
143 0.036042
144 0.036979
145 0.036042
146 0.037031
147 0.036094
148 0.037031
149 0.036094
150 0.037031
151 0.036146
152 0.037031
153 0.036146
154 0.037031
155 0.036146
156 0.037031
157 0.036146
158 0.036979
159 0.036146
160 0.036979
161 0.036146
162 0.036979
163 0.036146
164 0.036979
165 0.036146
166 0.036979
167 0.036146
168 0.036927
169 0.036146
170 0.036927
171 0.036146
172 0.036927
173 0.036146
174 0.036927
175 0.036146
176 0.036927
177 0.036146
178 0.036927
179 0.036146
180 0.036927
181 0.036146
182 0.036927
183 0.036146
184 0.036927
185 0.036146
186 0.036927
187 0.036146
188 0.036875
189 0.036146
190 0.036875
191 0.036146
192 0.036875
193 0.036146
194 0.036875
195 0.036146
196 0.036875
197 0.036146
198 0.036875
199 0.036146
200 0.036875
201 0.026406
202 0.026615
203 0.026719
204 0.026667
205 0.026302
206 0.026562
207 0.026250
208 0.026615
209 0.026354
210 0.026615
211 0.026354
212 0.026615
213 0.026354
214 0.026615
215 0.026302
216 0.026562
217 0.026354
218 0.026562
219 0.026302
220 0.026562
221 0.026354
222 0.026562
223 0.026406
224 0.026510
225 0.026406
226 0.026510
227 0.026406
228 0.026562
229 0.026406
230 0.026562
231 0.026406
232 0.026562
233 0.026406
234 0.026562
235 0.026406
236 0.026562
237 0.026354
238 0.026562
239 0.026354
240 0.026562
241 0.026354
242 0.026562
243 0.026354
244 0.026562
245 0.026302
246 0.026562
247 0.026302
248 0.026562
249 0.026302
250 0.026562
251 0.026302
252 0.026562
253 0.026302
254 0.026562
255 0.026302
256 0.026562
257 0.026250
258 0.026562
259 0.026250
260 0.026562
261 0.026250
262 0.026562
263 0.026250
264 0.026562
265 0.026250
266 0.026562
267 0.026250
268 0.026562
269 0.026250
270 0.026562
271 0.026250
272 0.026562
273 0.026250
274 0.026562
275 0.026250
276 0.026562
277 0.026250
278 0.026562
279 0.026250
280 0.026562
281 0.026250
282 0.026562
283 0.026250
284 0.026562
285 0.026250
286 0.026562
287 0.026250
288 0.026562
289 0.026250
290 0.026562
291 0.026250
292 0.026562
293 0.026250
294 0.026562
295 0.026250
296 0.026562
297 0.026250
298 0.026562
299 0.026250
300 0.026562
