1 1.282188e-01
2 1.361539e-01
3 1.359809e-01
4 1.363660e-01
5 1.363860e-01
6 1.363798e-01
7 1.363823e-01
8 1.363826e-01
9 1.363826e-01
10 1.363826e-01
11 1.363826e-01
12 1.363826e-01
13 1.363826e-01
14 1.363826e-01
15 1.363826e-01
16 1.363826e-01
17 1.363826e-01
18 1.363826e-01
19 1.363826e-01
20 1.363826e-01
21 1.363826e-01
22 1.363826e-01
23 1.363826e-01
24 1.363826e-01
25 1.363826e-01
26 1.363826e-01
27 1.363826e-01
28 1.363826e-01
29 1.363826e-01
30 1.363826e-01
31 1.363826e-01
32 1.363826e-01
33 1.363826e-01
34 1.363826e-01
35 1.363826e-01
36 1.363826e-01
37 1.363826e-01
38 1.363826e-01
39 1.363826e-01
40 1.363826e-01
41 1.363826e-01
42 1.363826e-01
43 1.363826e-01
44 1.363826e-01
45 1.363826e-01
46 1.363826e-01
47 1.363826e-01
48 1.363826e-01
49 1.363826e-01
50 1.363826e-01
51 1.363826e-01
52 1.363826e-01
53 1.363826e-01
54 1.363826e-01
55 1.363826e-01
56 1.363826e-01
57 1.363826e-01
58 1.363826e-01
59 1.363826e-01
60 1.363826e-01
61 1.363826e-01
62 1.363826e-01
63 1.363826e-01
64 1.363826e-01
65 1.363826e-01
66 1.363826e-01
67 1.363826e-01
68 1.363826e-01
69 1.363826e-01
70 1.363826e-01
71 1.363826e-01
72 1.363826e-01
73 1.363826e-01
74 1.363826e-01
75 1.363826e-01
76 1.363826e-01
77 1.363826e-01
78 1.363826e-01
79 1.363826e-01
80 1.363826e-01
81 1.363826e-01
82 1.363826e-01
83 1.363826e-01
84 1.363826e-01
85 1.363826e-01
86 1.363826e-01
87 1.363826e-01
88 1.363826e-01
89 1.363826e-01
90 1.363826e-01
91 1.363826e-01
92 1.363826e-01
93 1.363826e-01
94 1.363826e-01
95 1.363826e-01
96 1.363826e-01
97 1.363826e-01
98 1.363826e-01
99 1.363826e-01
100 1.363826e-01
101 2.461380e-01
102 2.388712e-01
103 2.535938e-01
104 2.511232e-01
105 2.550136e-01
106 2.525452e-01
107 2.547647e-01
108 2.527671e-01
109 2.543636e-01
110 2.528389e-01
111 2.540469e-01
112 2.528981e-01
113 2.538217e-01
114 2.529568e-01
115 2.536641e-01
116 2.530116e-01
117 2.535532e-01
118 2.530595e-01
119 2.534742e-01
120 2.530997e-01
121 2.534172e-01
122 2.531325e-01
123 2.533757e-01
124 2.531588e-01
125 2.533451e-01
126 2.531796e-01
127 2.533225e-01
128 2.531959e-01
129 2.533055e-01
130 2.532086e-01
131 2.532928e-01
132 2.532185e-01
133 2.532832e-01
134 2.532261e-01
135 2.532759e-01
136 2.532320e-01
137 2.532704e-01
138 2.532366e-01
139 2.532662e-01
140 2.532401e-01
141 2.532630e-01
142 2.532428e-01
143 2.532605e-01
144 2.532449e-01
145 2.532586e-01
146 2.532465e-01
147 2.532571e-01
148 2.532478e-01
149 2.532560e-01
150 2.532488e-01
151 2.532551e-01
152 2.532495e-01
153 2.532545e-01
154 2.532501e-01
155 2.532540e-01
156 2.532506e-01
157 2.532536e-01
158 2.532509e-01
159 2.532533e-01
160 2.532512e-01
161 2.532530e-01
162 2.532514e-01
163 2.532528e-01
164 2.532516e-01
165 2.532527e-01
166 2.532517e-01
167 2.532526e-01
168 2.532518e-01
169 2.532525e-01
170 2.532519e-01
171 2.532524e-01
172 2.532519e-01
173 2.532524e-01
174 2.532520e-01
175 2.532523e-01
176 2.532520e-01
177 2.532523e-01
178 2.532520e-01
179 2.532522e-01
180 2.532521e-01
181 2.532522e-01
182 2.532521e-01
183 2.532522e-01
184 2.532521e-01
185 2.532522e-01
186 2.532521e-01
187 2.532522e-01
188 2.532521e-01
189 2.532522e-01
190 2.532521e-01
191 2.532522e-01
192 2.532521e-01
193 2.532522e-01
194 2.532521e-01
195 2.532522e-01
196 2.532521e-01
197 2.532522e-01
198 2.532521e-01
199 2.532522e-01
200 2.532521e-01
201 2.075783e-01
202 2.047678e-01
203 2.049057e-01
204 2.043736e-01
205 2.045074e-01
206 2.044024e-01
207 2.044397e-01
208 2.044171e-01
209 2.044263e-01
210 2.044213e-01
211 2.044235e-01
212 2.044223e-01
213 2.044229e-01
214 2.044226e-01
215 2.044227e-01
216 2.044226e-01
217 2.044227e-01
218 2.044227e-01
219 2.044227e-01
220 2.044227e-01
221 2.044227e-01
222 2.044227e-01
223 2.044227e-01
224 2.044227e-01
225 2.044227e-01
226 2.044227e-01
227 2.044227e-01
228 2.044227e-01
229 2.044227e-01
230 2.044227e-01
231 2.044227e-01
232 2.044227e-01
233 2.044227e-01
234 2.044227e-01
235 2.044227e-01
236 2.044227e-01
237 2.044227e-01
238 2.044227e-01
239 2.044227e-01
240 2.044227e-01
241 2.044227e-01
242 2.044227e-01
243 2.044227e-01
244 2.044227e-01
245 2.044227e-01
246 2.044227e-01
247 2.044227e-01
248 2.044227e-01
249 2.044227e-01
250 2.044227e-01
251 2.044227e-01
252 2.044227e-01
253 2.044227e-01
254 2.044227e-01
255 2.044227e-01
256 2.044227e-01
257 2.044227e-01
258 2.044227e-01
259 2.044227e-01
260 2.044227e-01
261 2.044227e-01
262 2.044227e-01
263 2.044227e-01
264 2.044227e-01
265 2.044227e-01
266 2.044227e-01
267 2.044227e-01
268 2.044227e-01
269 2.044227e-01
270 2.044227e-01
271 2.044227e-01
272 2.044227e-01
273 2.044227e-01
274 2.044227e-01
275 2.044227e-01
276 2.044227e-01
277 2.044227e-01
278 2.044227e-01
279 2.044227e-01
280 2.044227e-01
281 2.044227e-01
282 2.044227e-01
283 2.044227e-01
284 2.044227e-01
285 2.044227e-01
286 2.044227e-01
287 2.044227e-01
288 2.044227e-01
289 2.044227e-01
290 2.044227e-01
291 2.044227e-01
292 2.044227e-01
293 2.044227e-01
294 2.044227e-01
295 2.044227e-01
296 2.044227e-01
297 2.044227e-01
298 2.044227e-01
299 2.044227e-01
300 2.044227e-01
