1 5.602553e-02
2 5.037538e-02
3 4.972473e-02
4 4.989749e-02
5 4.992165e-02
6 4.991855e-02
7 4.991999e-02
8 4.992029e-02
9 4.992028e-02
10 4.992029e-02
11 4.992029e-02
12 4.992029e-02
13 4.992029e-02
14 4.992029e-02
15 4.992029e-02
16 4.992029e-02
17 4.992029e-02
18 4.992029e-02
19 4.992029e-02
20 4.992029e-02
21 4.992029e-02
22 4.992029e-02
23 4.992029e-02
24 4.992029e-02
25 4.992029e-02
26 4.992029e-02
27 4.992029e-02
28 4.992029e-02
29 4.992029e-02
30 4.992029e-02
31 4.992029e-02
32 4.992029e-02
33 4.992029e-02
34 4.992029e-02
35 4.992029e-02
36 4.992029e-02
37 4.992029e-02
38 4.992029e-02
39 4.992029e-02
40 4.992029e-02
41 4.992029e-02
42 4.992029e-02
43 4.992029e-02
44 4.992029e-02
45 4.992029e-02
46 4.992029e-02
47 4.992029e-02
48 4.992029e-02
49 4.992029e-02
50 4.992029e-02
51 4.992029e-02
52 4.992029e-02
53 4.992029e-02
54 4.992029e-02
55 4.992029e-02
56 4.992029e-02
57 4.992029e-02
58 4.992029e-02
59 4.992029e-02
60 4.992029e-02
61 4.992029e-02
62 4.992029e-02
63 4.992029e-02
64 4.992029e-02
65 4.992029e-02
66 4.992029e-02
67 4.992029e-02
68 4.992029e-02
69 4.992029e-02
70 4.992029e-02
71 4.992029e-02
72 4.992029e-02
73 4.992029e-02
74 4.992029e-02
75 4.992029e-02
76 4.992029e-02
77 4.992029e-02
78 4.992029e-02
79 4.992029e-02
80 4.992029e-02
81 4.992029e-02
82 4.992029e-02
83 4.992029e-02
84 4.992029e-02
85 4.992029e-02
86 4.992029e-02
87 4.992029e-02
88 4.992029e-02
89 4.992029e-02
90 4.992029e-02
91 4.992029e-02
92 4.992029e-02
93 4.992029e-02
94 4.992029e-02
95 4.992029e-02
96 4.992029e-02
97 4.992029e-02
98 4.992029e-02
99 4.992029e-02
100 4.992029e-02
101 4.270721e-02
102 2.885787e-02
103 3.877403e-02
104 2.886619e-02
105 3.737205e-02
106 2.890969e-02
107 3.625810e-02
108 2.900373e-02
109 3.537145e-02
110 2.913564e-02
111 3.466215e-02
112 2.928668e-02
113 3.409034e-02
114 2.944338e-02
115 3.362564e-02
116 2.959720e-02
117 3.324509e-02
118 2.974311e-02
119 3.293122e-02
120 2.987846e-02
121 3.267062e-02
122 3.000207e-02
123 3.245292e-02
124 3.011374e-02
125 3.227005e-02
126 3.021385e-02
127 3.211562e-02
128 3.030308e-02
129 3.198459e-02
130 3.038230e-02
131 3.187291e-02
132 3.045243e-02
133 3.177732e-02
134 3.051439e-02
135 3.169519e-02
136 3.056908e-02
137 3.162435e-02
138 3.061732e-02
139 3.156305e-02
140 3.065986e-02
141 3.150981e-02
142 3.069738e-02
143 3.146342e-02
144 3.073050e-02
145 3.142288e-02
146 3.075975e-02
147 3.138734e-02
148 3.078561e-02
149 3.135609e-02
150 3.080851e-02
151 3.132854e-02
152 3.082880e-02
153 3.130417e-02
154 3.084682e-02
155 3.128256e-02
156 3.086285e-02
157 3.126335e-02
158 3.087713e-02
159 3.124621e-02
160 3.088988e-02
161 3.123089e-02
162 3.090128e-02
163 3.121715e-02
164 3.091150e-02
165 3.120480e-02
166 3.092068e-02
167 3.119367e-02
168 3.092894e-02
169 3.118362e-02
170 3.093640e-02
171 3.117451e-02
172 3.094315e-02
173 3.116624e-02
174 3.094926e-02
175 3.115870e-02
176 3.095482e-02
177 3.115183e-02
178 3.095989e-02
179 3.114554e-02
180 3.096452e-02
181 3.113977e-02
182 3.096875e-02
183 3.113447e-02
184 3.097264e-02
185 3.112959e-02
186 3.097622e-02
187 3.112508e-02
188 3.097952e-02
189 3.112091e-02
190 3.098258e-02
191 3.111704e-02
192 3.098540e-02
193 3.111345e-02
194 3.098803e-02
195 3.111010e-02
196 3.099048e-02
197 3.110699e-02
198 3.099277e-02
199 3.110407e-02
200 3.099490e-02
201 1.885833e-02
202 1.803873e-02
203 1.784967e-02
204 1.784512e-02
205 1.783277e-02
206 1.783374e-02
207 1.783242e-02
208 1.783258e-02
209 1.783243e-02
210 1.783245e-02
211 1.783243e-02
212 1.783244e-02
213 1.783243e-02
214 1.783243e-02
215 1.783243e-02
216 1.783243e-02
217 1.783243e-02
218 1.783243e-02
219 1.783243e-02
220 1.783243e-02
221 1.783243e-02
222 1.783243e-02
223 1.783243e-02
224 1.783243e-02
225 1.783243e-02
226 1.783243e-02
227 1.783243e-02
228 1.783243e-02
229 1.783243e-02
230 1.783243e-02
231 1.783243e-02
232 1.783243e-02
233 1.783243e-02
234 1.783243e-02
235 1.783243e-02
236 1.783243e-02
237 1.783243e-02
238 1.783243e-02
239 1.783243e-02
240 1.783243e-02
241 1.783243e-02
242 1.783243e-02
243 1.783243e-02
244 1.783243e-02
245 1.783243e-02
246 1.783243e-02
247 1.783243e-02
248 1.783243e-02
249 1.783243e-02
250 1.783243e-02
251 1.783243e-02
252 1.783243e-02
253 1.783243e-02
254 1.783243e-02
255 1.783243e-02
256 1.783243e-02
257 1.783243e-02
258 1.783243e-02
259 1.783243e-02
260 1.783243e-02
261 1.783243e-02
262 1.783243e-02
263 1.783243e-02
264 1.783243e-02
265 1.783243e-02
266 1.783243e-02
267 1.783243e-02
268 1.783243e-02
269 1.783243e-02
270 1.783243e-02
271 1.783243e-02
272 1.783243e-02
273 1.783243e-02
274 1.783243e-02
275 1.783243e-02
276 1.783243e-02
277 1.783243e-02
278 1.783243e-02
279 1.783243e-02
280 1.783243e-02
281 1.783243e-02
282 1.783243e-02
283 1.783243e-02
284 1.783243e-02
285 1.783243e-02
286 1.783243e-02
287 1.783243e-02
288 1.783243e-02
289 1.783243e-02
290 1.783243e-02
291 1.783243e-02
292 1.783243e-02
293 1.783243e-02
294 1.783243e-02
295 1.783243e-02
296 1.783243e-02
297 1.783243e-02
298 1.783243e-02
299 1.783243e-02
300 1.783243e-02
