1 0.000455
2 0.000909
3 0.000455
4 0.000909
5 0.000455
6 0.000909
7 0.000455
8 0.000909
9 0.000455
10 0.000909
11 0.000455
12 0.000909
13 0.000455
14 0.000909
15 0.000455
16 0.000909
17 0.000455
18 0.000909
19 0.000455
20 0.000909
21 0.000455
22 0.000909
23 0.000455
24 0.000909
25 0.000455
26 0.000909
27 0.000455
28 0.000909
29 0.000455
30 0.000909
31 0.000455
32 0.000909
33 0.000455
34 0.000909
35 0.000455
36 0.000909
37 0.000455
38 0.000909
39 0.000455
40 0.000909
41 0.000455
42 0.000909
43 0.000455
44 0.000909
45 0.000455
46 0.000909
47 0.000455
48 0.000909
49 0.000455
50 0.000909
51 0.000455
52 0.000909
53 0.000455
54 0.000909
55 0.000455
56 0.000909
57 0.000455
58 0.000909
59 0.000455
60 0.000909
61 0.000455
62 0.000909
63 0.000455
64 0.000909
65 0.000455
66 0.000909
67 0.000455
68 0.000909
69 0.000455
70 0.000909
71 0.000455
72 0.000909
73 0.000455
74 0.000909
75 0.000455
76 0.000909
77 0.000455
78 0.000909
79 0.000455
80 0.000909
81 0.000455
82 0.000909
83 0.000455
84 0.000909
85 0.000455
86 0.000909
87 0.000455
88 0.000909
89 0.000455
90 0.000909
91 0.000455
92 0.000909
93 0.000455
94 0.000909
95 0.000455
96 0.000909
97 0.000455
98 0.000909
99 0.000455
100 0.000909
101 0.000000
102 0.000227
103 0.000000
104 0.000227
105 0.000000
106 0.000227
107 0.000000
108 0.000227
109 0.000000
110 0.000227
111 0.000000
112 0.000227
113 0.000000
114 0.000227
115 0.000000
116 0.000227
117 0.000000
118 0.000227
119 0.000000
120 0.000227
121 0.000000
122 0.000227
123 0.000000
124 0.000227
125 0.000000
126 0.000227
127 0.000000
128 0.000227
129 0.000000
130 0.000227
131 0.000000
132 0.000227
133 0.000000
134 0.000227
135 0.000000
136 0.000227
137 0.000000
138 0.000227
139 0.000000
140 0.000227
141 0.000000
142 0.000227
143 0.000000
144 0.000227
145 0.000000
146 0.000227
147 0.000000
148 0.000227
149 0.000000
150 0.000227
151 0.000000
152 0.000227
153 0.000000
154 0.000227
155 0.000000
156 0.000227
157 0.000000
158 0.000227
159 0.000000
160 0.000227
161 0.000000
162 0.000227
163 0.000000
164 0.000227
165 0.000000
166 0.000227
167 0.000000
168 0.000227
169 0.000000
170 0.000227
171 0.000000
172 0.000227
173 0.000000
174 0.000227
175 0.000000
176 0.000227
177 0.000000
178 0.000227
179 0.000000
180 0.000227
181 0.000000
182 0.000227
183 0.000000
184 0.000227
185 0.000000
186 0.000227
187 0.000000
188 0.000227
189 0.000000
190 0.000227
191 0.000000
192 0.000227
193 0.000000
194 0.000227
195 0.000000
196 0.000227
197 0.000000
198 0.000227
199 0.000000
200 0.000227
201 0.000000
202 0.000227
203 0.000000
204 0.000227
205 0.000000
206 0.000227
207 0.000000
208 0.000227
209 0.000000
210 0.000227
211 0.000000
212 0.000227
213 0.000000
214 0.000227
215 0.000000
216 0.000227
217 0.000000
218 0.000227
219 0.000000
220 0.000227
221 0.000000
222 0.000227
223 0.000000
224 0.000227
225 0.000000
226 0.000227
227 0.000000
228 0.000227
229 0.000000
230 0.000227
231 0.000000
232 0.000227
233 0.000000
234 0.000227
235 0.000000
236 0.000227
237 0.000000
238 0.000227
239 0.000000
240 0.000227
241 0.000000
242 0.000227
243 0.000000
244 0.000227
245 0.000000
246 0.000227
247 0.000000
248 0.000227
249 0.000000
250 0.000227
251 0.000000
252 0.000227
253 0.000000
254 0.000227
255 0.000000
256 0.000227
257 0.000000
258 0.000227
259 0.000000
260 0.000227
261 0.000000
262 0.000227
263 0.000000
264 0.000227
265 0.000000
266 0.000227
267 0.000000
268 0.000227
269 0.000000
270 0.000227
271 0.000000
272 0.000227
273 0.000000
274 0.000227
275 0.000000
276 0.000227
277 0.000000
278 0.000227
279 0.000000
280 0.000227
281 0.000000
282 0.000227
283 0.000000
284 0.000227
285 0.000000
286 0.000227
287 0.000000
288 0.000227
289 0.000000
290 0.000227
291 0.000000
292 0.000227
293 0.000000
294 0.000227
295 0.000000
296 0.000227
297 0.000000
298 0.000227
299 0.000000
300 0.000227
