1 0.049821
2 0.007366
3 0.003795
4 0.002946
5 0.002768
6 0.002589
7 0.002634
8 0.002902
9 0.002545
10 0.002812
11 0.002812
12 0.002902
13 0.002723
14 0.002946
15 0.002768
16 0.002946
17 0.002768
18 0.002946
19 0.002768
20 0.002946
21 0.002768
22 0.002902
23 0.002768
24 0.002902
25 0.002723
26 0.002902
27 0.002723
28 0.002902
29 0.002723
30 0.002902
31 0.002723
32 0.002902
33 0.002723
34 0.002902
35 0.002723
36 0.002902
37 0.002723
38 0.002902
39 0.002723
40 0.002902
41 0.002723
42 0.002902
43 0.002723
44 0.002902
45 0.002723
46 0.002902
47 0.002723
48 0.002902
49 0.002723
50 0.002902
51 0.002723
52 0.002902
53 0.002723
54 0.002902
55 0.002723
56 0.002902
57 0.002723
58 0.002902
59 0.002723
60 0.002902
61 0.002723
62 0.002902
63 0.002723
64 0.002902
65 0.002723
66 0.002902
67 0.002723
68 0.002902
69 0.002723
70 0.002902
71 0.002723
72 0.002902
73 0.002723
74 0.002902
75 0.002723
76 0.002902
77 0.002723
78 0.002902
79 0.002723
80 0.002902
81 0.002723
82 0.002902
83 0.002723
84 0.002902
85 0.002723
86 0.002902
87 0.002723
88 0.002902
89 0.002723
90 0.002902
91 0.002723
92 0.002902
93 0.002723
94 0.002902
95 0.002723
96 0.002902
97 0.002723
98 0.002902
99 0.002723
100 0.002902
101 0.001295
102 0.001429
103 0.001384
104 0.001429
105 0.001384
106 0.001429
107 0.001384
108 0.001429
109 0.001384
110 0.001429
111 0.001384
112 0.001429
113 0.001429
114 0.001429
115 0.001429
116 0.001429
117 0.001429
118 0.001429
119 0.001429
120 0.001429
121 0.001429
122 0.001429
123 0.001429
124 0.001429
125 0.001429
126 0.001429
127 0.001429
128 0.001429
129 0.001429
130 0.001429
131 0.001429
132 0.001429
133 0.001429
134 0.001429
135 0.001429
136 0.001429
137 0.001429
138 0.001429
139 0.001429
140 0.001429
141 0.001429
142 0.001429
143 0.001429
144 0.001429
145 0.001429
146 0.001429
147 0.001429
148 0.001429
149 0.001429
150 0.001429
151 0.001429
152 0.001429
153 0.001429
154 0.001429
155 0.001429
156 0.001429
157 0.001429
158 0.001429
159 0.001429
160 0.001429
161 0.001429
162 0.001429
163 0.001429
164 0.001429
165 0.001429
166 0.001429
167 0.001429
168 0.001429
169 0.001429
170 0.001429
171 0.001429
172 0.001429
173 0.001429
174 0.001429
175 0.001429
176 0.001429
177 0.001429
178 0.001429
179 0.001429
180 0.001429
181 0.001429
182 0.001429
183 0.001429
184 0.001429
185 0.001429
186 0.001429
187 0.001429
188 0.001429
189 0.001429
190 0.001429
191 0.001429
192 0.001429
193 0.001429
194 0.001429
195 0.001429
196 0.001429
197 0.001429
198 0.001429
199 0.001429
200 0.001429
201 0.001339
202 0.001295
203 0.001295
204 0.001295
205 0.001295
206 0.001295
207 0.001295
208 0.001295
209 0.001295
210 0.001295
211 0.001295
212 0.001295
213 0.001295
214 0.001295
215 0.001295
216 0.001295
217 0.001295
218 0.001295
219 0.001295
220 0.001295
221 0.001295
222 0.001295
223 0.001295
224 0.001295
225 0.001295
226 0.001295
227 0.001295
228 0.001295
229 0.001295
230 0.001295
231 0.001295
232 0.001295
233 0.001295
234 0.001295
235 0.001295
236 0.001295
237 0.001295
238 0.001295
239 0.001295
240 0.001295
241 0.001295
242 0.001295
243 0.001295
244 0.001295
245 0.001295
246 0.001295
247 0.001295
248 0.001295
249 0.001295
250 0.001295
251 0.001295
252 0.001295
253 0.001295
254 0.001295
255 0.001295
256 0.001295
257 0.001295
258 0.001295
259 0.001295
260 0.001295
261 0.001295
262 0.001295
263 0.001295
264 0.001295
265 0.001295
266 0.001295
267 0.001295
268 0.001295
269 0.001295
270 0.001295
271 0.001295
272 0.001295
273 0.001295
274 0.001295
275 0.001295
276 0.001295
277 0.001295
278 0.001295
279 0.001295
280 0.001295
281 0.001295
282 0.001295
283 0.001295
284 0.001295
285 0.001295
286 0.001295
287 0.001295
288 0.001295
289 0.001295
290 0.001295
291 0.001295
292 0.001295
293 0.001295
294 0.001295
295 0.001295
296 0.001295
297 0.001295
298 0.001295
299 0.001295
300 0.001295
