1 0.151652
2 0.140446
3 0.132455
4 0.139152
5 0.132321
6 0.140223
7 0.133795
8 0.142321
9 0.136563
10 0.144196
11 0.138929
12 0.147857
13 0.141384
14 0.149777
15 0.144196
16 0.152812
17 0.145848
18 0.155446
19 0.148839
20 0.157723
21 0.151384
22 0.160089
23 0.152946
24 0.162321
25 0.154286
26 0.164018
27 0.154777
28 0.165179
29 0.155982
30 0.166563
31 0.157054
32 0.167411
33 0.157946
34 0.167545
35 0.158929
36 0.167946
37 0.159643
38 0.168661
39 0.159955
40 0.169107
41 0.160402
42 0.170089
43 0.161027
44 0.170223
45 0.161250
46 0.170670
47 0.161562
48 0.170714
49 0.161786
50 0.171071
51 0.162143
52 0.171607
53 0.162500
54 0.171741
55 0.162812
56 0.171741
57 0.162991
58 0.171875
59 0.163259
60 0.171696
61 0.163527
62 0.171741
63 0.163616
64 0.171920
65 0.163884
66 0.171920
67 0.164107
68 0.172143
69 0.164196
70 0.172500
71 0.164107
72 0.172634
73 0.164062
74 0.172679
75 0.164196
76 0.172545
77 0.164196
78 0.172634
79 0.164241
80 0.172679
81 0.164375
82 0.172946
83 0.164464
84 0.173036
85 0.164598
86 0.173125
87 0.164687
88 0.173125
89 0.164732
90 0.173259
91 0.164732
92 0.173259
93 0.164687
94 0.173304
95 0.164777
96 0.173393
97 0.164911
98 0.173393
99 0.165000
100 0.173348
101 0.126964
102 0.127634
103 0.124152
104 0.125491
105 0.123393
106 0.124509
107 0.123304
108 0.124241
109 0.123080
110 0.123705
111 0.122768
112 0.123482
113 0.122411
114 0.123527
115 0.122723
116 0.123438
117 0.122991
118 0.123527
119 0.123125
120 0.123527
121 0.123125
122 0.123393
123 0.123259
124 0.123304
125 0.123259
126 0.123259
127 0.123170
128 0.123304
129 0.123170
130 0.123348
131 0.123170
132 0.123393
133 0.123214
134 0.123348
135 0.123214
136 0.123393
137 0.123304
138 0.123393
139 0.123304
140 0.123438
141 0.123304
142 0.123482
143 0.123259
144 0.123438
145 0.123304
146 0.123393
147 0.123304
148 0.123393
149 0.123304
150 0.123438
151 0.123348
152 0.123438
153 0.123304
154 0.123393
155 0.123259
156 0.123393
157 0.123259
158 0.123482
159 0.123259
160 0.123482
161 0.123259
162 0.123482
163 0.123348
164 0.123482
165 0.123348
166 0.123482
167 0.123348
168 0.123482
169 0.123348
170 0.123482
171 0.123393
172 0.123482
173 0.123393
174 0.123482
175 0.123393
176 0.123438
177 0.123438
178 0.123438
179 0.123438
180 0.123438
181 0.123438
182 0.123438
183 0.123438
184 0.123438
185 0.123438
186 0.123348
187 0.123438
188 0.123348
189 0.123438
190 0.123348
191 0.123438
192 0.123348
193 0.123393
194 0.123348
195 0.123393
196 0.123348
197 0.123393
198 0.123348
199 0.123348
200 0.123348
201 0.119955
202 0.120625
203 0.119643
204 0.120714
205 0.119554
206 0.120580
207 0.119732
208 0.120313
209 0.119732
210 0.120223
211 0.119911
212 0.120179
213 0.120089
214 0.120268
215 0.120045
216 0.120357
217 0.120089
218 0.120223
219 0.120134
220 0.120179
221 0.120089
222 0.120179
223 0.120045
224 0.120045
225 0.120089
226 0.120134
227 0.120089
228 0.120134
229 0.120045
230 0.120223
231 0.120045
232 0.120223
233 0.120045
234 0.120223
235 0.120089
236 0.120223
237 0.120089
238 0.120223
239 0.120179
240 0.120268
241 0.120134
242 0.120223
243 0.120045
244 0.120223
245 0.120089
246 0.120268
247 0.120134
248 0.120313
249 0.120134
250 0.120313
251 0.120134
252 0.120357
253 0.120179
254 0.120357
255 0.120134
256 0.120402
257 0.120134
258 0.120357
259 0.120134
260 0.120357
261 0.120089
262 0.120357
263 0.120089
264 0.120357
265 0.120089
266 0.120313
267 0.120089
268 0.120268
269 0.120089
270 0.120268
271 0.120134
272 0.120268
273 0.120134
274 0.120313
275 0.120134
276 0.120313
277 0.120089
278 0.120313
279 0.120089
280 0.120313
281 0.120089
282 0.120313
283 0.120089
284 0.120313
285 0.120134
286 0.120313
287 0.120134
288 0.120357
289 0.120134
290 0.120357
291 0.120134
292 0.120357
293 0.120089
294 0.120357
295 0.120089
296 0.120313
297 0.120089
298 0.120313
299 0.120045
300 0.120268
