1 0.043661
2 0.003661
3 0.001563
4 0.000982
5 0.000937
6 0.001071
7 0.000893
8 0.000893
9 0.000714
10 0.000893
11 0.000714
12 0.000848
13 0.000759
14 0.000848
15 0.000759
16 0.000848
17 0.000759
18 0.000848
19 0.000759
20 0.000848
21 0.000759
22 0.000848
23 0.000759
24 0.000848
25 0.000759
26 0.000848
27 0.000759
28 0.000848
29 0.000759
30 0.000848
31 0.000759
32 0.000848
33 0.000759
34 0.000848
35 0.000759
36 0.000848
37 0.000759
38 0.000848
39 0.000759
40 0.000848
41 0.000759
42 0.000848
43 0.000759
44 0.000848
45 0.000759
46 0.000848
47 0.000759
48 0.000848
49 0.000759
50 0.000848
51 0.000759
52 0.000848
53 0.000759
54 0.000848
55 0.000759
56 0.000848
57 0.000759
58 0.000848
59 0.000759
60 0.000848
61 0.000759
62 0.000848
63 0.000759
64 0.000848
65 0.000759
66 0.000848
67 0.000759
68 0.000848
69 0.000759
70 0.000848
71 0.000759
72 0.000848
73 0.000759
74 0.000848
75 0.000759
76 0.000848
77 0.000759
78 0.000848
79 0.000759
80 0.000848
81 0.000759
82 0.000848
83 0.000759
84 0.000848
85 0.000759
86 0.000848
87 0.000759
88 0.000848
89 0.000759
90 0.000848
91 0.000759
92 0.000848
93 0.000759
94 0.000848
95 0.000759
96 0.000848
97 0.000759
98 0.000848
99 0.000759
100 0.000848
101 0.000625
102 0.000670
103 0.000625
104 0.000714
105 0.000625
106 0.000714
107 0.000625
108 0.000714
109 0.000625
110 0.000714
111 0.000625
112 0.000714
113 0.000625
114 0.000714
115 0.000625
116 0.000714
117 0.000625
118 0.000714
119 0.000625
120 0.000714
121 0.000625
122 0.000714
123 0.000625
124 0.000714
125 0.000625
126 0.000714
127 0.000625
128 0.000714
129 0.000625
130 0.000714
131 0.000625
132 0.000714
133 0.000625
134 0.000714
135 0.000625
136 0.000714
137 0.000625
138 0.000714
139 0.000625
140 0.000714
141 0.000625
142 0.000714
143 0.000625
144 0.000714
145 0.000625
146 0.000714
147 0.000625
148 0.000714
149 0.000625
150 0.000714
151 0.000625
152 0.000714
153 0.000625
154 0.000714
155 0.000625
156 0.000714
157 0.000625
158 0.000714
159 0.000625
160 0.000714
161 0.000625
162 0.000714
163 0.000625
164 0.000714
165 0.000625
166 0.000714
167 0.000625
168 0.000714
169 0.000625
170 0.000714
171 0.000625
172 0.000714
173 0.000625
174 0.000714
175 0.000625
176 0.000714
177 0.000625
178 0.000714
179 0.000625
180 0.000714
181 0.000625
182 0.000714
183 0.000625
184 0.000714
185 0.000625
186 0.000714
187 0.000625
188 0.000714
189 0.000625
190 0.000714
191 0.000625
192 0.000714
193 0.000625
194 0.000714
195 0.000625
196 0.000714
197 0.000625
198 0.000714
199 0.000625
200 0.000714
201 0.000714
202 0.000804
203 0.000714
204 0.000804
205 0.000714
206 0.000804
207 0.000714
208 0.000759
209 0.000714
210 0.000714
211 0.000714
212 0.000714
213 0.000714
214 0.000714
215 0.000714
216 0.000714
217 0.000714
218 0.000714
219 0.000714
220 0.000714
221 0.000714
222 0.000714
223 0.000714
224 0.000714
225 0.000714
226 0.000714
227 0.000714
228 0.000714
229 0.000714
230 0.000714
231 0.000714
232 0.000714
233 0.000714
234 0.000714
235 0.000714
236 0.000714
237 0.000714
238 0.000714
239 0.000714
240 0.000714
241 0.000714
242 0.000714
243 0.000714
244 0.000714
245 0.000714
246 0.000714
247 0.000714
248 0.000714
249 0.000714
250 0.000714
251 0.000714
252 0.000714
253 0.000714
254 0.000714
255 0.000714
256 0.000714
257 0.000714
258 0.000714
259 0.000714
260 0.000714
261 0.000714
262 0.000714
263 0.000714
264 0.000714
265 0.000714
266 0.000714
267 0.000714
268 0.000714
269 0.000714
270 0.000714
271 0.000714
272 0.000714
273 0.000714
274 0.000714
275 0.000714
276 0.000714
277 0.000714
278 0.000714
279 0.000714
280 0.000714
281 0.000714
282 0.000714
283 0.000714
284 0.000714
285 0.000714
286 0.000714
287 0.000714
288 0.000714
289 0.000714
290 0.000714
291 0.000714
292 0.000714
293 0.000714
294 0.000714
295 0.000714
296 0.000714
297 0.000714
298 0.000714
299 0.000714
300 0.000714
