1 7.259727e-02
2 6.195580e-02
3 6.238335e-02
4 6.246445e-02
5 6.244362e-02
6 6.244935e-02
7 6.244941e-02
8 6.244768e-02
9 6.244616e-02
10 6.244569e-02
11 6.244544e-02
12 6.244539e-02
13 6.244537e-02
14 6.244537e-02
15 6.244537e-02
16 6.244537e-02
17 6.244537e-02
18 6.244537e-02
19 6.244537e-02
20 6.244537e-02
21 6.244537e-02
22 6.244537e-02
23 6.244537e-02
24 6.244537e-02
25 6.244537e-02
26 6.244537e-02
27 6.244537e-02
28 6.244537e-02
29 6.244537e-02
30 6.244537e-02
31 6.244537e-02
32 6.244537e-02
33 6.244537e-02
34 6.244537e-02
35 6.244537e-02
36 6.244537e-02
37 6.244537e-02
38 6.244537e-02
39 6.244537e-02
40 6.244537e-02
41 6.244537e-02
42 6.244537e-02
43 6.244537e-02
44 6.244537e-02
45 6.244537e-02
46 6.244537e-02
47 6.244537e-02
48 6.244537e-02
49 6.244537e-02
50 6.244537e-02
51 6.244537e-02
52 6.244537e-02
53 6.244537e-02
54 6.244537e-02
55 6.244537e-02
56 6.244537e-02
57 6.244537e-02
58 6.244537e-02
59 6.244537e-02
60 6.244537e-02
61 6.244537e-02
62 6.244537e-02
63 6.244537e-02
64 6.244537e-02
65 6.244537e-02
66 6.244537e-02
67 6.244537e-02
68 6.244537e-02
69 6.244537e-02
70 6.244537e-02
71 6.244537e-02
72 6.244537e-02
73 6.244537e-02
74 6.244537e-02
75 6.244537e-02
76 6.244537e-02
77 6.244537e-02
78 6.244537e-02
79 6.244537e-02
80 6.244537e-02
81 6.244537e-02
82 6.244537e-02
83 6.244537e-02
84 6.244537e-02
85 6.244537e-02
86 6.244537e-02
87 6.244537e-02
88 6.244537e-02
89 6.244537e-02
90 6.244537e-02
91 6.244537e-02
92 6.244537e-02
93 6.244537e-02
94 6.244537e-02
95 6.244537e-02
96 6.244537e-02
97 6.244537e-02
98 6.244537e-02
99 6.244537e-02
100 6.244537e-02
101 7.793581e-02
102 7.212363e-02
103 7.639505e-02
104 7.500337e-02
105 7.616978e-02
106 7.563291e-02
107 7.602098e-02
108 7.581168e-02
109 7.595203e-02
110 7.587076e-02
111 7.592333e-02
112 7.589182e-02
113 7.591185e-02
114 7.589963e-02
115 7.590733e-02
116 7.590259e-02
117 7.590556e-02
118 7.590372e-02
119 7.590487e-02
120 7.590416e-02
121 7.590461e-02
122 7.590433e-02
123 7.590450e-02
124 7.590439e-02
125 7.590446e-02
126 7.590442e-02
127 7.590444e-02
128 7.590443e-02
129 7.590444e-02
130 7.590443e-02
131 7.590444e-02
132 7.590443e-02
133 7.590443e-02
134 7.590443e-02
135 7.590443e-02
136 7.590443e-02
137 7.590443e-02
138 7.590443e-02
139 7.590443e-02
140 7.590443e-02
141 7.590443e-02
142 7.590443e-02
143 7.590443e-02
144 7.590443e-02
145 7.590443e-02
146 7.590443e-02
147 7.590443e-02
148 7.590443e-02
149 7.590443e-02
150 7.590443e-02
151 7.590443e-02
152 7.590443e-02
153 7.590443e-02
154 7.590443e-02
155 7.590443e-02
156 7.590443e-02
157 7.590443e-02
158 7.590443e-02
159 7.590443e-02
160 7.590443e-02
161 7.590443e-02
162 7.590443e-02
163 7.590443e-02
164 7.590443e-02
165 7.590443e-02
166 7.590443e-02
167 7.590443e-02
168 7.590443e-02
169 7.590443e-02
170 7.590443e-02
171 7.590443e-02
172 7.590443e-02
173 7.590443e-02
174 7.590443e-02
175 7.590443e-02
176 7.590443e-02
177 7.590443e-02
178 7.590443e-02
179 7.590443e-02
180 7.590443e-02
181 7.590443e-02
182 7.590443e-02
183 7.590443e-02
184 7.590443e-02
185 7.590443e-02
186 7.590443e-02
187 7.590443e-02
188 7.590443e-02
189 7.590443e-02
190 7.590443e-02
191 7.590443e-02
192 7.590443e-02
193 7.590443e-02
194 7.590443e-02
195 7.590443e-02
196 7.590443e-02
197 7.590443e-02
198 7.590443e-02
199 7.590443e-02
200 7.590443e-02
201 6.179745e-02
202 5.986316e-02
203 5.970161e-02
204 5.956018e-02
205 5.955169e-02
206 5.953431e-02
207 5.953355e-02
208 5.953115e-02
209 5.953104e-02
210 5.953069e-02
211 5.953067e-02
212 5.953062e-02
213 5.953062e-02
214 5.953061e-02
215 5.953061e-02
216 5.953061e-02
217 5.953061e-02
218 5.953061e-02
219 5.953061e-02
220 5.953061e-02
221 5.953061e-02
222 5.953061e-02
223 5.953061e-02
224 5.953061e-02
225 5.953061e-02
226 5.953061e-02
227 5.953061e-02
228 5.953061e-02
229 5.953061e-02
230 5.953061e-02
231 5.953061e-02
232 5.953061e-02
233 5.953061e-02
234 5.953061e-02
235 5.953061e-02
236 5.953061e-02
237 5.953061e-02
238 5.953061e-02
239 5.953061e-02
240 5.953061e-02
241 5.953061e-02
242 5.953061e-02
243 5.953061e-02
244 5.953061e-02
245 5.953061e-02
246 5.953061e-02
247 5.953061e-02
248 5.953061e-02
249 5.953061e-02
250 5.953061e-02
251 5.953061e-02
252 5.953061e-02
253 5.953061e-02
254 5.953061e-02
255 5.953061e-02
256 5.953061e-02
257 5.953061e-02
258 5.953061e-02
259 5.953061e-02
260 5.953061e-02
261 5.953061e-02
262 5.953061e-02
263 5.953061e-02
264 5.953061e-02
265 5.953061e-02
266 5.953061e-02
267 5.953061e-02
268 5.953061e-02
269 5.953061e-02
270 5.953061e-02
271 5.953061e-02
272 5.953061e-02
273 5.953061e-02
274 5.953061e-02
275 5.953061e-02
276 5.953061e-02
277 5.953061e-02
278 5.953061e-02
279 5.953061e-02
280 5.953061e-02
281 5.953061e-02
282 5.953061e-02
283 5.953061e-02
284 5.953061e-02
285 5.953061e-02
286 5.953061e-02
287 5.953061e-02
288 5.953061e-02
289 5.953061e-02
290 5.953061e-02
291 5.953061e-02
292 5.953061e-02
293 5.953061e-02
294 5.953061e-02
295 5.953061e-02
296 5.953061e-02
297 5.953061e-02
298 5.953061e-02
299 5.953061e-02
300 5.953061e-02
