1 1.000000
2 1.000000
3 1.000000
4 1.000000
5 1.000000
6 1.000000
7 1.000000
8 1.000000
9 1.000000
10 1.000000
11 0.999349
12 0.999349
13 0.998698
14 0.998698
15 0.998698
16 0.998047
17 0.998047
18 0.998047
19 0.998047
20 0.998047
21 0.998047
22 0.998047
23 0.998047
24 0.998047
25 0.998047
26 0.998047
27 0.998047
28 0.998047
29 0.998047
30 0.998047
31 0.998047
32 0.998047
33 0.998047
34 0.998047
35 0.998047
36 0.998047
37 0.998047
38 0.998047
39 0.998047
40 0.998047
41 0.998047
42 0.998047
43 0.998047
44 0.998047
45 0.998047
46 0.998047
47 0.998047
48 0.998047
49 0.998047
50 0.998047
51 0.998047
52 0.998047
53 0.998047
54 0.998047
55 0.998047
56 0.998047
57 0.998047
58 0.998047
59 0.998047
60 0.998047
61 0.998047
62 0.998047
63 0.998047
64 0.998047
65 0.998047
66 0.998047
67 0.998047
68 0.998047
69 0.998047
70 0.998047
71 0.998047
72 0.998047
73 0.998047
74 0.998047
75 0.998047
76 0.998047
77 0.998047
78 0.998047
79 0.998047
80 0.998047
81 0.998047
82 0.998047
83 0.998047
84 0.998047
85 0.998047
86 0.998047
87 0.998047
88 0.998047
89 0.998047
90 0.998047
91 0.998047
92 0.998047
93 0.998047
94 0.998047
95 0.998047
96 0.998047
97 0.998047
98 0.998047
99 0.998047
100 0.998047
101 1.000000
102 1.000000
103 1.000000
104 1.000000
105 1.000000
106 1.000000
107 0.998047
108 0.986654
109 0.979492
110 0.975911
111 0.971680
112 0.965820
113 0.961263
114 0.960612
115 0.960286
116 0.960286
117 0.959310
118 0.958008
119 0.957357
120 0.957357
121 0.956706
122 0.956706
123 0.956055
124 0.956055
125 0.956055
126 0.956055
127 0.956055
128 0.956055
129 0.955404
130 0.955404
131 0.955404
132 0.955404
133 0.955404
134 0.955404
135 0.955404
136 0.955404
137 0.955404
138 0.955404
139 0.955404
140 0.955404
141 0.955404
142 0.955404
143 0.955404
144 0.955404
145 0.955404
146 0.955404
147 0.955404
148 0.955404
149 0.955404
150 0.955404
151 0.955404
152 0.955404
153 0.955404
154 0.955404
155 0.955404
156 0.955404
157 0.955404
158 0.955404
159 0.955404
160 0.955404
161 0.955404
162 0.955404
163 0.955404
164 0.955404
165 0.955404
166 0.955404
167 0.955404
168 0.955404
169 0.955404
170 0.955404
171 0.955404
172 0.955404
173 0.955404
174 0.955404
175 0.955404
176 0.955404
177 0.955404
178 0.955404
179 0.955404
180 0.955404
181 0.955404
182 0.955404
183 0.955404
184 0.955404
185 0.955404
186 0.955404
187 0.955404
188 0.955404
189 0.955404
190 0.955404
191 0.955404
192 0.955404
193 0.955404
194 0.955404
195 0.955404
196 0.955404
197 0.955404
198 0.955404
199 0.955404
200 0.955404
201 1.000000
202 1.000000
203 1.000000
204 1.000000
205 1.000000
206 1.000000
207 0.984701
208 0.961914
209 0.951823
210 0.937826
211 0.930990
212 0.923503
213 0.918294
214 0.915690
215 0.912435
216 0.911133
217 0.906250
218 0.905599
219 0.904297
220 0.902669
221 0.901042
222 0.900391
223 0.900391
224 0.900065
225 0.899740
226 0.899740
227 0.899740
228 0.899089
229 0.899089
230 0.899089
231 0.899089
232 0.899089
233 0.899089
234 0.899089
235 0.899089
236 0.899089
237 0.899089
238 0.899089
239 0.899089
240 0.899089
241 0.899089
242 0.899089
243 0.899089
244 0.899089
245 0.899089
246 0.899089
247 0.899089
248 0.899089
249 0.899089
250 0.899089
251 0.899089
252 0.899089
253 0.899089
254 0.899089
255 0.899089
256 0.899089
257 0.899089
258 0.899089
259 0.899089
260 0.899089
261 0.899089
262 0.899089
263 0.899089
264 0.899089
265 0.899089
266 0.899089
267 0.899089
268 0.899089
269 0.899089
270 0.899089
271 0.899089
272 0.899089
273 0.899089
274 0.899089
275 0.899089
276 0.899089
277 0.899089
278 0.899089
279 0.899089
280 0.899089
281 0.899089
282 0.899089
283 0.899089
284 0.899089
285 0.899089
286 0.899089
287 0.899089
288 0.899089
289 0.899089
290 0.899089
291 0.899089
292 0.899089
293 0.899089
294 0.899089
295 0.899089
296 0.899089
297 0.899089
298 0.899089
299 0.899089
300 0.899089
301 1.000000
302 1.000000
303 1.000000
304 1.000000
305 1.000000
306 1.000000
307 0.970052
308 0.933268
309 0.917969
310 0.901367
311 0.888346
312 0.880534
313 0.874349
314 0.868815
315 0.868490
316 0.861979
317 0.860352
318 0.860026
319 0.857747
320 0.855469
321 0.856445
322 0.856445
323 0.854492
324 0.853841
325 0.853841
326 0.853516
327 0.853516
328 0.853516
329 0.854167
330 0.854818
331 0.854818
332 0.854818
333 0.854818
334 0.854818
335 0.854818
336 0.854818
337 0.854818
338 0.854818
339 0.854818
340 0.854818
341 0.854818
342 0.854818
343 0.854818
344 0.854818
345 0.854818
346 0.854818
347 0.854818
348 0.854818
349 0.854818
350 0.854818
351 0.854818
352 0.854818
353 0.854818
354 0.854818
355 0.854818
356 0.854818
357 0.854818
358 0.854818
359 0.854818
360 0.854818
361 0.854818
362 0.854818
363 0.854818
364 0.854818
365 0.854818
366 0.854818
367 0.854818
368 0.854818
369 0.854818
370 0.854818
371 0.854818
372 0.854818
373 0.854818
374 0.854818
375 0.854818
376 0.854818
377 0.854818
378 0.854818
379 0.854818
380 0.854818
381 0.854818
382 0.854818
383 0.854818
384 0.854818
385 0.854818
386 0.854818
387 0.854818
388 0.854818
389 0.854818
390 0.854818
391 0.854818
392 0.854818
393 0.854818
394 0.854818
395 0.854818
396 0.854818
397 0.854818
398 0.854818
399 0.854818
400 0.854818
401 1.000000
402 1.000000
403 1.000000
404 1.000000
405 1.000000
406 1.000000
407 0.954102
408 0.913411
409 0.881185
410 0.865885
411 0.849935
412 0.843750
413 0.838216
414 0.830729
415 0.827799
416 0.822917
417 0.819336
418 0.815755
419 0.813802
420 0.813477
421 0.811849
422 0.811849
423 0.812500
424 0.812174
425 0.811849
426 0.811198
427 0.810872
428 0.810221
429 0.810221
430 0.810221
431 0.810221
432 0.810221
433 0.810221
434 0.810221
435 0.810221
436 0.809896
437 0.809896
438 0.809896
439 0.809896
440 0.809896
441 0.809896
442 0.809896
443 0.809896
444 0.809896
445 0.809896
446 0.809896
447 0.809896
448 0.809896
449 0.809896
450 0.809896
451 0.809570
452 0.809570
453 0.809570
454 0.809570
455 0.809570
456 0.809570
457 0.809570
458 0.809570
459 0.809570
460 0.809570
461 0.809570
462 0.809570
463 0.809570
464 0.809570
465 0.809570
466 0.809570
467 0.809570
468 0.809570
469 0.809570
470 0.809570
471 0.809570
472 0.809570
473 0.809570
474 0.809570
475 0.809570
476 0.809570
477 0.809570
478 0.809570
479 0.809570
480 0.809570
481 0.809570
482 0.809570
483 0.809570
484 0.809570
485 0.809570
486 0.809570
487 0.809570
488 0.809570
489 0.809570
490 0.809570
491 0.809570
492 0.809570
493 0.809570
494 0.809570
495 0.809570
496 0.809570
497 0.809570
498 0.809570
499 0.809570
500 0.809570
501 1.000000
502 1.000000
503 1.000000
504 1.000000
505 1.000000
506 1.000000
507 0.944661
508 0.883464
509 0.855469
510 0.834961
511 0.822917
512 0.808268
513 0.799154
514 0.791992
515 0.786458
516 0.782552
517 0.780273
518 0.779297
519 0.778320
520 0.777995
521 0.777669
522 0.776367
523 0.774089
524 0.773763
525 0.773763
526 0.773112
527 0.771484
528 0.770508
529 0.770182
530 0.769531
531 0.769531
532 0.769206
533 0.769206
534 0.769206
535 0.769206
536 0.770508
537 0.770182
538 0.770508
539 0.770508
540 0.770508
541 0.770508
542 0.770508
543 0.769857
544 0.769531
545 0.769531
546 0.769531
547 0.769531
548 0.769531
549 0.769531
550 0.769531
551 0.769531
552 0.769531
553 0.769531
554 0.769531
555 0.769531
556 0.769531
557 0.769531
558 0.769531
559 0.769531
560 0.769531
561 0.769531
562 0.769531
563 0.769531
564 0.769531
565 0.769531
566 0.769531
567 0.769531
568 0.769531
569 0.769531
570 0.769531
571 0.769531
572 0.769531
573 0.769531
574 0.769531
575 0.769531
576 0.769531
577 0.769531
578 0.769531
579 0.769531
580 0.769531
581 0.769531
582 0.769531
583 0.769531
584 0.769531
585 0.769531
586 0.769531
587 0.769531
588 0.769531
589 0.769531
590 0.769531
591 0.769531
592 0.769531
593 0.769531
594 0.769531
595 0.769531
596 0.769531
597 0.769531
598 0.769531
599 0.769531
600 0.769531
601 1.000000
602 1.000000
603 1.000000
604 1.000000
605 1.000000
606 1.000000
607 0.930664
608 0.863932
609 0.829427
610 0.808594
611 0.793294
612 0.783203
613 0.771810
614 0.760742
615 0.752279
616 0.749023
617 0.745768
618 0.743490
619 0.742839
620 0.741862
621 0.739583
622 0.738932
623 0.739583
624 0.738607
625 0.736003
626 0.734701
627 0.734049
628 0.733398
629 0.732096
630 0.732747
631 0.732096
632 0.731445
633 0.731445
634 0.731120
635 0.730469
636 0.730143
637 0.729818
638 0.730469
639 0.730794
640 0.730794
641 0.730794
642 0.730794
643 0.730794
644 0.730794
645 0.730794
646 0.730794
647 0.730794
648 0.730794
649 0.730794
650 0.730794
651 0.730469
652 0.730469
653 0.730469
654 0.730469
655 0.730469
656 0.730469
657 0.730469
658 0.730469
659 0.730469
660 0.730469
661 0.730469
662 0.730469
663 0.730469
664 0.730469
665 0.730469
666 0.730469
667 0.730469
668 0.730469
669 0.730469
670 0.730469
671 0.730469
672 0.730469
673 0.730469
674 0.730469
675 0.730469
676 0.730469
677 0.730469
678 0.730469
679 0.730469
680 0.730469
681 0.730469
682 0.730469
683 0.730469
684 0.730469
685 0.730469
686 0.730469
687 0.730469
688 0.730469
689 0.730469
690 0.730469
691 0.730469
692 0.730469
693 0.730469
694 0.730469
695 0.730469
696 0.730469
697 0.730469
698 0.730469
699 0.730469
700 0.730469
701 1.000000
702 1.000000
703 1.000000
704 1.000000
705 1.000000
706 1.000000
707 0.907552
708 0.841471
709 0.809570
710 0.785807
711 0.766276
712 0.750326
713 0.740560
714 0.731120
715 0.721029
716 0.712891
717 0.707357
718 0.705078
719 0.703776
720 0.702148
721 0.701823
722 0.698568
723 0.696615
724 0.694661
725 0.694010
726 0.694010
727 0.692708
728 0.691406
729 0.689453
730 0.689128
731 0.689128
732 0.689128
733 0.689128
734 0.688802
735 0.689128
736 0.689128
737 0.688802
738 0.688802
739 0.688802
740 0.688802
741 0.688151
742 0.688151
743 0.688151
744 0.688802
745 0.688802
746 0.687500
747 0.687500
748 0.687500
749 0.687500
750 0.687500
751 0.687500
752 0.687500
753 0.687500
754 0.687500
755 0.687500
756 0.687500
757 0.687500
758 0.686849
759 0.686523
760 0.686523
761 0.686523
762 0.686523
763 0.686523
764 0.686523
765 0.686523
766 0.686523
767 0.686523
768 0.686849
769 0.686849
770 0.686849
771 0.686849
772 0.686849
773 0.686849
774 0.686849
775 0.686849
776 0.686849
777 0.686849
778 0.686849
779 0.686849
780 0.686849
781 0.686849
782 0.686849
783 0.686849
784 0.686849
785 0.686849
786 0.686849
787 0.686849
788 0.686849
789 0.686849
790 0.686849
791 0.686849
792 0.686849
793 0.686849
794 0.686849
795 0.686849
796 0.686849
797 0.686849
798 0.686849
799 0.686849
800 0.686849
801 1.000000
802 1.000000
803 1.000000
804 1.000000
805 1.000000
806 1.000000
807 0.875651
808 0.815104
809 0.777344
810 0.750000
811 0.726888
812 0.707682
813 0.696615
814 0.686198
815 0.677083
816 0.673828
817 0.664388
818 0.657552
819 0.652018
820 0.649740
821 0.648112
822 0.645182
823 0.643555
824 0.643229
825 0.643555
826 0.642904
827 0.640951
828 0.640299
829 0.639323
830 0.638672
831 0.638346
832 0.638021
833 0.637370
834 0.635091
835 0.635091
836 0.633789
837 0.632161
838 0.632161
839 0.632161
840 0.632161
841 0.632161
842 0.632161
843 0.632161
844 0.632161
845 0.631510
846 0.631510
847 0.630859
848 0.630859
849 0.630534
850 0.630534
851 0.630534
852 0.630534
853 0.630534
854 0.630534
855 0.630534
856 0.630534
857 0.630534
858 0.630534
859 0.630534
860 0.630534
861 0.630534
862 0.630534
863 0.630534
864 0.630534
865 0.630534
866 0.630534
867 0.630534
868 0.630534
869 0.630534
870 0.630534
871 0.630534
872 0.630534
873 0.630534
874 0.630534
875 0.630534
876 0.630534
877 0.630534
878 0.630534
879 0.630534
880 0.630534
881 0.630534
882 0.630534
883 0.630534
884 0.630534
885 0.630534
886 0.630534
887 0.630534
888 0.630534
889 0.630534
890 0.630534
891 0.630534
892 0.630534
893 0.630534
894 0.630534
895 0.630534
896 0.630534
897 0.630534
898 0.630534
899 0.630534
900 0.630534
901 1.000000
902 1.000000
903 1.000000
904 1.000000
905 1.000000
906 1.000000
907 0.855794
908 0.778971
909 0.737630
910 0.711589
911 0.693685
912 0.677409
913 0.663086
914 0.651367
915 0.639974
916 0.630859
917 0.624349
918 0.618164
919 0.612630
920 0.608724
921 0.605143
922 0.603516
923 0.601562
924 0.598958
925 0.596680
926 0.595703
927 0.593424
928 0.591797
929 0.589518
930 0.588542
931 0.587240
932 0.586589
933 0.584961
934 0.584310
935 0.583659
936 0.583659
937 0.583659
938 0.582357
939 0.582357
940 0.582357
941 0.582357
942 0.581706
943 0.581380
944 0.581380
945 0.581380
946 0.581055
947 0.581055
948 0.581055
949 0.580729
950 0.580729
951 0.580729
952 0.580729
953 0.580729
954 0.580404
955 0.580078
956 0.580078
957 0.580078
958 0.579427
959 0.579427
960 0.579427
961 0.579427
962 0.579427
963 0.579427
964 0.579427
965 0.579427
966 0.579427
967 0.579427
968 0.579427
969 0.579427
970 0.579427
971 0.579427
972 0.579427
973 0.579427
974 0.579427
975 0.579427
976 0.579427
977 0.579427
978 0.579427
979 0.579427
980 0.579427
981 0.579427
982 0.579427
983 0.579427
984 0.579427
985 0.579427
986 0.579427
987 0.579427
988 0.579427
989 0.579427
990 0.579427
991 0.579427
992 0.579427
993 0.579427
994 0.579427
995 0.579427
996 0.579427
997 0.579427
998 0.579427
999 0.579427
1000 0.579427
