1 1.000000
2 1.000000
3 1.000000
4 1.000000
5 0.955241
6 0.934896
7 0.923177
8 0.919108
9 0.916829
10 0.915853
11 0.914388
12 0.913574
13 0.912598
14 0.912598
15 0.912598
16 0.912272
17 0.912272
18 0.912272
19 0.912272
20 0.912272
21 0.912272
22 0.912272
23 0.912272
24 0.912598
25 0.912598
26 0.912598
27 0.912598
28 0.912598
29 0.912598
30 0.912598
31 0.912598
32 0.912598
33 0.912598
34 0.912598
35 0.912598
36 0.912598
37 0.912598
38 0.912598
39 0.912598
40 0.912598
41 0.912598
42 0.912598
43 0.912598
44 0.912598
45 0.912598
46 0.912598
47 0.912598
48 0.912598
49 0.912598
50 0.912598
51 0.912598
52 0.912598
53 0.912598
54 0.912598
55 0.912598
56 0.912598
57 0.912598
58 0.912598
59 0.912598
60 0.912598
61 0.912598
62 0.912598
63 0.912598
64 0.912598
65 0.912598
66 0.912598
67 0.912598
68 0.912598
69 0.912598
70 0.912598
71 0.912598
72 0.912598
73 0.912598
74 0.912598
75 0.912598
76 0.912598
77 0.912598
78 0.912598
79 0.912598
80 0.912598
81 0.912598
82 0.912598
83 0.912598
84 0.912598
85 0.912598
86 0.912598
87 0.912598
88 0.912598
89 0.912598
90 0.912598
91 0.912598
92 0.912598
93 0.912598
94 0.912598
95 0.912598
96 0.912598
97 0.912598
98 0.912598
99 0.912598
100 0.912598
101 1.000000
102 1.000000
103 1.000000
104 1.000000
105 0.884115
106 0.848633
107 0.822917
108 0.803060
109 0.788900
110 0.781738
111 0.776693
112 0.770182
113 0.767090
114 0.765951
115 0.765625
116 0.765951
117 0.765462
118 0.764811
119 0.764323
120 0.764323
121 0.763997
122 0.763997
123 0.763672
124 0.763672
125 0.763672
126 0.763672
127 0.763672
128 0.763672
129 0.763346
130 0.763346
131 0.763346
132 0.763346
133 0.763346
134 0.763346
135 0.763346
136 0.763346
137 0.763346
138 0.763346
139 0.763346
140 0.763346
141 0.763346
142 0.763346
143 0.763346
144 0.763346
145 0.763346
146 0.763346
147 0.763346
148 0.763346
149 0.763346
150 0.763346
151 0.763346
152 0.763346
153 0.763346
154 0.763346
155 0.763346
156 0.763346
157 0.763346
158 0.763346
159 0.763346
160 0.763346
161 0.763346
162 0.763346
163 0.763346
164 0.763346
165 0.763346
166 0.763346
167 0.763346
168 0.763346
169 0.763346
170 0.763346
171 0.763346
172 0.763346
173 0.763346
174 0.763346
175 0.763346
176 0.763346
177 0.763346
178 0.763346
179 0.763346
180 0.763346
181 0.763346
182 0.763346
183 0.763346
184 0.763346
185 0.763346
186 0.763346
187 0.763346
188 0.763346
189 0.763346
190 0.763346
191 0.763346
192 0.763346
193 0.763346
194 0.763346
195 0.763346
196 0.763346
197 0.763346
198 0.763346
199 0.763346
200 0.763346
201 1.000000
202 1.000000
203 1.000000
204 1.000000
205 0.799479
206 0.760091
207 0.729655
208 0.697754
209 0.682780
210 0.667969
211 0.656413
212 0.648275
213 0.644206
214 0.641439
215 0.639648
216 0.637858
217 0.635417
218 0.635417
219 0.634928
220 0.634277
221 0.634115
222 0.633789
223 0.633626
224 0.634115
225 0.633952
226 0.634603
227 0.634603
228 0.634277
229 0.634277
230 0.633952
231 0.633952
232 0.634115
233 0.634115
234 0.634115
235 0.634115
236 0.634115
237 0.634115
238 0.634115
239 0.634115
240 0.634115
241 0.634115
242 0.634115
243 0.634115
244 0.634115
245 0.634115
246 0.634115
247 0.634115
248 0.634115
249 0.634115
250 0.634115
251 0.634115
252 0.634115
253 0.634115
254 0.634115
255 0.634115
256 0.634115
257 0.634115
258 0.634115
259 0.634115
260 0.634115
261 0.634115
262 0.634115
263 0.634115
264 0.634115
265 0.634115
266 0.634115
267 0.634115
268 0.634115
269 0.634115
270 0.634115
271 0.634115
272 0.634115
273 0.634115
274 0.634115
275 0.634115
276 0.634115
277 0.634115
278 0.634115
279 0.634115
280 0.634115
281 0.634115
282 0.634115
283 0.634115
284 0.634115
285 0.634115
286 0.634115
287 0.634115
288 0.634115
289 0.634115
290 0.634115
291 0.634115
292 0.634115
293 0.634115
294 0.634115
295 0.634115
296 0.634115
297 0.634115
298 0.634115
299 0.634115
300 0.634115
301 1.000000
302 1.000000
303 1.000000
304 1.000000
305 0.733236
306 0.696289
307 0.659993
308 0.621419
309 0.602702
310 0.581543
311 0.568522
312 0.557129
313 0.553548
314 0.550456
315 0.550944
316 0.548991
317 0.548340
318 0.548503
319 0.547363
320 0.546387
321 0.546875
322 0.547201
323 0.545898
324 0.545247
325 0.545085
326 0.544922
327 0.544922
328 0.545085
329 0.545085
330 0.545410
331 0.545410
332 0.545410
333 0.545410
334 0.545410
335 0.545410
336 0.545410
337 0.545736
338 0.545736
339 0.545736
340 0.545736
341 0.545736
342 0.545736
343 0.545736
344 0.545736
345 0.545736
346 0.545736
347 0.545736
348 0.545736
349 0.545736
350 0.545736
351 0.545736
352 0.545736
353 0.545736
354 0.545736
355 0.545736
356 0.545736
357 0.545736
358 0.545736
359 0.545736
360 0.545736
361 0.545736
362 0.545736
363 0.545736
364 0.545736
365 0.545736
366 0.545736
367 0.545736
368 0.545736
369 0.545736
370 0.545736
371 0.545736
372 0.545736
373 0.545736
374 0.545736
375 0.545736
376 0.545736
377 0.545736
378 0.545736
379 0.545736
380 0.545736
381 0.545736
382 0.545736
383 0.545736
384 0.545736
385 0.545736
386 0.545736
387 0.545736
388 0.545736
389 0.545736
390 0.545736
391 0.545736
392 0.545736
393 0.545736
394 0.545736
395 0.545736
396 0.545736
397 0.545736
398 0.545736
399 0.545736
400 0.545736
401 1.000000
402 1.000000
403 1.000000
404 1.000000
405 0.678385
406 0.649089
407 0.605794
408 0.569499
409 0.540039
410 0.522949
411 0.505208
412 0.496745
413 0.492839
414 0.489095
415 0.486979
416 0.485352
417 0.483561
418 0.481934
419 0.481445
420 0.481445
421 0.480632
422 0.480794
423 0.480957
424 0.480469
425 0.480143
426 0.479492
427 0.479329
428 0.479004
429 0.479329
430 0.479167
431 0.479167
432 0.479167
433 0.479167
434 0.479167
435 0.479167
436 0.479004
437 0.479004
438 0.479004
439 0.479004
440 0.479004
441 0.478841
442 0.478841
443 0.478841
444 0.478841
445 0.478841
446 0.478841
447 0.478841
448 0.478841
449 0.478841
450 0.478841
451 0.478678
452 0.478678
453 0.478678
454 0.478678
455 0.478678
456 0.478678
457 0.478678
458 0.478678
459 0.478678
460 0.478678
461 0.478678
462 0.478678
463 0.478841
464 0.478841
465 0.478841
466 0.478841
467 0.478841
468 0.478841
469 0.478841
470 0.478841
471 0.478841
472 0.478841
473 0.478841
474 0.478841
475 0.478841
476 0.478841
477 0.478841
478 0.478841
479 0.478841
480 0.478841
481 0.478841
482 0.478841
483 0.478841
484 0.478841
485 0.478841
486 0.478841
487 0.478841
488 0.478841
489 0.478841
490 0.478841
491 0.478841
492 0.478841
493 0.478841
494 0.478841
495 0.478841
496 0.478841
497 0.478841
498 0.478841
499 0.478841
500 0.478841
501 1.000000
502 1.000000
503 1.000000
504 1.000000
505 0.635091
506 0.613444
507 0.566895
508 0.525228
509 0.501139
510 0.481608
511 0.466634
512 0.455078
513 0.450033
514 0.446289
515 0.443848
516 0.442383
517 0.441732
518 0.441243
519 0.440430
520 0.439941
521 0.439779
522 0.438965
523 0.437826
524 0.437663
525 0.437663
526 0.437337
527 0.436523
528 0.436035
529 0.435710
530 0.435384
531 0.435384
532 0.435221
533 0.435221
534 0.435547
535 0.435872
536 0.436523
537 0.436361
538 0.436523
539 0.436523
540 0.436198
541 0.436198
542 0.436198
543 0.435872
544 0.435710
545 0.435710
546 0.435710
547 0.435710
548 0.435710
549 0.435710
550 0.435710
551 0.435710
552 0.435710
553 0.435710
554 0.435710
555 0.435710
556 0.435710
557 0.435710
558 0.435710
559 0.435710
560 0.435710
561 0.435710
562 0.435710
563 0.435710
564 0.435710
565 0.435710
566 0.435710
567 0.435710
568 0.435710
569 0.435710
570 0.435710
571 0.435710
572 0.435710
573 0.435710
574 0.435710
575 0.435710
576 0.435710
577 0.435710
578 0.435710
579 0.435710
580 0.435710
581 0.435710
582 0.435710
583 0.435710
584 0.435710
585 0.435710
586 0.435710
587 0.435710
588 0.435710
589 0.435710
590 0.435710
591 0.435710
592 0.435710
593 0.435710
594 0.435710
595 0.435710
596 0.435710
597 0.435710
598 0.435710
599 0.435710
600 0.435710
601 1.000000
602 1.000000
603 1.000000
604 1.000000
605 0.598307
606 0.582031
607 0.536296
608 0.495280
609 0.469564
610 0.452311
611 0.438965
612 0.430990
613 0.424967
614 0.419434
615 0.415365
616 0.413737
617 0.411947
618 0.410807
619 0.410645
620 0.410319
621 0.409180
622 0.408854
623 0.409180
624 0.408691
625 0.407064
626 0.406576
627 0.406250
628 0.406250
629 0.405599
630 0.405924
631 0.405436
632 0.405111
633 0.405273
634 0.405111
635 0.404785
636 0.404785
637 0.404622
638 0.404948
639 0.404785
640 0.404785
641 0.404785
642 0.404785
643 0.404785
644 0.404785
645 0.404785
646 0.404785
647 0.404785
648 0.404785
649 0.405111
650 0.405111
651 0.404948
652 0.404948
653 0.404948
654 0.404948
655 0.404948
656 0.404948
657 0.404948
658 0.404948
659 0.404948
660 0.404948
661 0.404948
662 0.404948
663 0.404948
664 0.404948
665 0.404948
666 0.404948
667 0.404948
668 0.404948
669 0.404948
670 0.404948
671 0.404948
672 0.404948
673 0.404948
674 0.404948
675 0.404948
676 0.404948
677 0.404948
678 0.404948
679 0.404948
680 0.404948
681 0.404948
682 0.404948
683 0.404948
684 0.404948
685 0.404948
686 0.404948
687 0.404948
688 0.404948
689 0.404948
690 0.404948
691 0.404948
692 0.404948
693 0.404948
694 0.404948
695 0.404948
696 0.404948
697 0.404948
698 0.404948
699 0.404948
700 0.404948
701 1.000000
702 1.000000
703 1.000000
704 1.000000
705 0.579915
706 0.567057
707 0.510579
708 0.470540
709 0.450033
710 0.431315
711 0.417806
712 0.408529
713 0.403971
714 0.399089
715 0.393880
716 0.389648
717 0.387044
718 0.385905
719 0.385579
720 0.384766
721 0.384766
722 0.383138
723 0.382161
724 0.381185
725 0.380697
726 0.380697
727 0.380046
728 0.379395
729 0.378418
730 0.378255
731 0.378255
732 0.378255
733 0.378255
734 0.378092
735 0.378255
736 0.378255
737 0.378092
738 0.378092
739 0.378092
740 0.378092
741 0.377767
742 0.377767
743 0.377767
744 0.378092
745 0.378092
746 0.377441
747 0.377441
748 0.377441
749 0.377441
750 0.377441
751 0.377441
752 0.377441
753 0.377441
754 0.377441
755 0.377441
756 0.377441
757 0.377441
758 0.377116
759 0.376953
760 0.376953
761 0.376953
762 0.376953
763 0.376953
764 0.376953
765 0.376953
766 0.376953
767 0.376953
768 0.377116
769 0.377116
770 0.377116
771 0.377116
772 0.377116
773 0.377116
774 0.377116
775 0.377116
776 0.377116
777 0.377116
778 0.377116
779 0.377116
780 0.377116
781 0.377116
782 0.377116
783 0.377116
784 0.377116
785 0.377116
786 0.377116
787 0.377116
788 0.377116
789 0.377116
790 0.377116
791 0.377116
792 0.377116
793 0.377116
794 0.377116
795 0.377116
796 0.377116
797 0.377116
798 0.377116
799 0.377116
800 0.377116
801 1.000000
802 1.000000
803 1.000000
804 1.000000
805 0.565267
806 0.554199
807 0.484538
808 0.450358
809 0.428548
810 0.409993
811 0.394368
812 0.383301
813 0.377279
814 0.372070
815 0.367350
816 0.365723
817 0.361003
818 0.357585
819 0.354980
820 0.353841
821 0.353027
822 0.351562
823 0.350749
824 0.350586
825 0.350749
826 0.350423
827 0.349447
828 0.349121
829 0.348633
830 0.348307
831 0.348145
832 0.347982
833 0.347819
834 0.346680
835 0.346680
836 0.346029
837 0.345378
838 0.345215
839 0.345215
840 0.345215
841 0.345215
842 0.345215
843 0.345215
844 0.345378
845 0.345052
846 0.345052
847 0.344889
848 0.344889
849 0.344727
850 0.344727
851 0.344727
852 0.344727
853 0.344727
854 0.344727
855 0.344727
856 0.344727
857 0.344727
858 0.344727
859 0.344727
860 0.344727
861 0.344727
862 0.344727
863 0.344727
864 0.344727
865 0.344727
866 0.344727
867 0.344727
868 0.344727
869 0.344727
870 0.344727
871 0.344727
872 0.344727
873 0.344727
874 0.344727
875 0.344727
876 0.344727
877 0.344727
878 0.344727
879 0.344727
880 0.344727
881 0.344727
882 0.344727
883 0.344727
884 0.344727
885 0.344727
886 0.344727
887 0.344727
888 0.344727
889 0.344727
890 0.344727
891 0.344727
892 0.344727
893 0.344727
894 0.344727
895 0.344727
896 0.344727
897 0.344727
898 0.344727
899 0.344727
900 0.344727
901 1.000000
902 1.000000
903 1.000000
904 1.000000
905 0.554036
906 0.546224
907 0.468750
908 0.426270
909 0.403158
910 0.387370
911 0.374512
912 0.364258
913 0.356771
914 0.350911
915 0.345215
916 0.340658
917 0.337402
918 0.334473
919 0.331706
920 0.330078
921 0.328288
922 0.327474
923 0.326660
924 0.325358
925 0.324219
926 0.323893
927 0.322591
928 0.321615
929 0.320475
930 0.319987
931 0.319336
932 0.319010
933 0.318197
934 0.317871
935 0.317546
936 0.317546
937 0.317546
938 0.316895
939 0.316895
940 0.316895
941 0.316895
942 0.316569
943 0.316406
944 0.316406
945 0.316406
946 0.316243
947 0.316243
948 0.316243
949 0.316081
950 0.316081
951 0.316081
952 0.316081
953 0.316081
954 0.315918
955 0.315755
956 0.315755
957 0.315755
958 0.315430
959 0.315430
960 0.315430
961 0.315430
962 0.315430
963 0.315430
964 0.315430
965 0.315430
966 0.315430
967 0.315430
968 0.315430
969 0.315430
970 0.315430
971 0.315430
972 0.315430
973 0.315430
974 0.315430
975 0.315430
976 0.315430
977 0.315430
978 0.315430
979 0.315430
980 0.315430
981 0.315430
982 0.315430
983 0.315430
984 0.315430
985 0.315430
986 0.315430
987 0.315430
988 0.315430
989 0.315430
990 0.315430
991 0.315430
992 0.315430
993 0.315430
994 0.315430
995 0.315430
996 0.315430
997 0.315430
998 0.315430
999 0.315430
1000 0.315430
