1 1.000000
2 1.000000
3 1.000000
4 1.000000
5 0.910482
6 0.869792
7 0.846354
8 0.838216
9 0.833659
10 0.831706
11 0.829427
12 0.827799
13 0.826497
14 0.826497
15 0.826497
16 0.826497
17 0.826497
18 0.826497
19 0.826497
20 0.826497
21 0.826497
22 0.826497
23 0.826497
24 0.827148
25 0.827148
26 0.827148
27 0.827148
28 0.827148
29 0.827148
30 0.827148
31 0.827148
32 0.827148
33 0.827148
34 0.827148
35 0.827148
36 0.827148
37 0.827148
38 0.827148
39 0.827148
40 0.827148
41 0.827148
42 0.827148
43 0.827148
44 0.827148
45 0.827148
46 0.827148
47 0.827148
48 0.827148
49 0.827148
50 0.827148
51 0.827148
52 0.827148
53 0.827148
54 0.827148
55 0.827148
56 0.827148
57 0.827148
58 0.827148
59 0.827148
60 0.827148
61 0.827148
62 0.827148
63 0.827148
64 0.827148
65 0.827148
66 0.827148
67 0.827148
68 0.827148
69 0.827148
70 0.827148
71 0.827148
72 0.827148
73 0.827148
74 0.827148
75 0.827148
76 0.827148
77 0.827148
78 0.827148
79 0.827148
80 0.827148
81 0.827148
82 0.827148
83 0.827148
84 0.827148
85 0.827148
86 0.827148
87 0.827148
88 0.827148
89 0.827148
90 0.827148
91 0.827148
92 0.827148
93 0.827148
94 0.827148
95 0.827148
96 0.827148
97 0.827148
98 0.827148
99 0.827148
100 0.827148
101 1.000000
102 1.000000
103 1.000000
104 1.000000
105 0.768229
106 0.697266
107 0.647786
108 0.619466
109 0.598307
110 0.587565
111 0.581706
112 0.574544
113 0.572917
114 0.571289
115 0.570964
116 0.571615
117 0.571615
118 0.571615
119 0.571289
120 0.571289
121 0.571289
122 0.571289
123 0.571289
124 0.571289
125 0.571289
126 0.571289
127 0.571289
128 0.571289
129 0.571289
130 0.571289
131 0.571289
132 0.571289
133 0.571289
134 0.571289
135 0.571289
136 0.571289
137 0.571289
138 0.571289
139 0.571289
140 0.571289
141 0.571289
142 0.571289
143 0.571289
144 0.571289
145 0.571289
146 0.571289
147 0.571289
148 0.571289
149 0.571289
150 0.571289
151 0.571289
152 0.571289
153 0.571289
154 0.571289
155 0.571289
156 0.571289
157 0.571289
158 0.571289
159 0.571289
160 0.571289
161 0.571289
162 0.571289
163 0.571289
164 0.571289
165 0.571289
166 0.571289
167 0.571289
168 0.571289
169 0.571289
170 0.571289
171 0.571289
172 0.571289
173 0.571289
174 0.571289
175 0.571289
176 0.571289
177 0.571289
178 0.571289
179 0.571289
180 0.571289
181 0.571289
182 0.571289
183 0.571289
184 0.571289
185 0.571289
186 0.571289
187 0.571289
188 0.571289
189 0.571289
190 0.571289
191 0.571289
192 0.571289
193 0.571289
194 0.571289
195 0.571289
196 0.571289
197 0.571289
198 0.571289
199 0.571289
200 0.571289
201 1.000000
202 1.000000
203 1.000000
204 1.000000
205 0.598958
206 0.520182
207 0.474609
208 0.433594
209 0.413737
210 0.398112
211 0.381836
212 0.373047
213 0.370117
214 0.367188
215 0.366862
216 0.364583
217 0.364583
218 0.365234
219 0.365560
220 0.365885
221 0.367188
222 0.367188
223 0.366862
224 0.368164
225 0.368164
226 0.369466
227 0.369466
228 0.369466
229 0.369466
230 0.368815
231 0.368815
232 0.369141
233 0.369141
234 0.369141
235 0.369141
236 0.369141
237 0.369141
238 0.369141
239 0.369141
240 0.369141
241 0.369141
242 0.369141
243 0.369141
244 0.369141
245 0.369141
246 0.369141
247 0.369141
248 0.369141
249 0.369141
250 0.369141
251 0.369141
252 0.369141
253 0.369141
254 0.369141
255 0.369141
256 0.369141
257 0.369141
258 0.369141
259 0.369141
260 0.369141
261 0.369141
262 0.369141
263 0.369141
264 0.369141
265 0.369141
266 0.369141
267 0.369141
268 0.369141
269 0.369141
270 0.369141
271 0.369141
272 0.369141
273 0.369141
274 0.369141
275 0.369141
276 0.369141
277 0.369141
278 0.369141
279 0.369141
280 0.369141
281 0.369141
282 0.369141
283 0.369141
284 0.369141
285 0.369141
286 0.369141
287 0.369141
288 0.369141
289 0.369141
290 0.369141
291 0.369141
292 0.369141
293 0.369141
294 0.369141
295 0.369141
296 0.369141
297 0.369141
298 0.369141
299 0.369141
300 0.369141
301 1.000000
302 1.000000
303 1.000000
304 1.000000
305 0.466471
306 0.392578
307 0.349935
308 0.309570
309 0.287435
310 0.261719
311 0.248698
312 0.233724
313 0.232747
314 0.232096
315 0.233398
316 0.236003
317 0.236328
318 0.236979
319 0.236979
320 0.237305
321 0.237305
322 0.237956
323 0.237305
324 0.236654
325 0.236328
326 0.236328
327 0.236328
328 0.236654
329 0.236003
330 0.236003
331 0.236003
332 0.236003
333 0.236003
334 0.236003
335 0.236003
336 0.236003
337 0.236654
338 0.236654
339 0.236654
340 0.236654
341 0.236654
342 0.236654
343 0.236654
344 0.236654
345 0.236654
346 0.236654
347 0.236654
348 0.236654
349 0.236654
350 0.236654
351 0.236654
352 0.236654
353 0.236654
354 0.236654
355 0.236654
356 0.236654
357 0.236654
358 0.236654
359 0.236654
360 0.236654
361 0.236654
362 0.236654
363 0.236654
364 0.236654
365 0.236654
366 0.236654
367 0.236654
368 0.236654
369 0.236654
370 0.236654
371 0.236654
372 0.236654
373 0.236654
374 0.236654
375 0.236654
376 0.236654
377 0.236654
378 0.236654
379 0.236654
380 0.236654
381 0.236654
382 0.236654
383 0.236654
384 0.236654
385 0.236654
386 0.236654
387 0.236654
388 0.236654
389 0.236654
390 0.236654
391 0.236654
392 0.236654
393 0.236654
394 0.236654
395 0.236654
396 0.236654
397 0.236654
398 0.236654
399 0.236654
400 0.236654
401 1.000000
402 1.000000
403 1.000000
404 1.000000
405 0.356771
406 0.298177
407 0.257487
408 0.225586
409 0.198893
410 0.180013
411 0.160482
412 0.149740
413 0.147461
414 0.147461
415 0.146159
416 0.147786
417 0.147786
418 0.148112
419 0.149089
420 0.149414
421 0.149414
422 0.149740
423 0.149414
424 0.148763
425 0.148438
426 0.147786
427 0.147786
428 0.147786
429 0.148438
430 0.148112
431 0.148112
432 0.148112
433 0.148112
434 0.148112
435 0.148112
436 0.148112
437 0.148112
438 0.148112
439 0.148112
440 0.148112
441 0.147786
442 0.147786
443 0.147786
444 0.147786
445 0.147786
446 0.147786
447 0.147786
448 0.147786
449 0.147786
450 0.147786
451 0.147786
452 0.147786
453 0.147786
454 0.147786
455 0.147786
456 0.147786
457 0.147786
458 0.147786
459 0.147786
460 0.147786
461 0.147786
462 0.147786
463 0.148112
464 0.148112
465 0.148112
466 0.148112
467 0.148112
468 0.148112
469 0.148112
470 0.148112
471 0.148112
472 0.148112
473 0.148112
474 0.148112
475 0.148112
476 0.148112
477 0.148112
478 0.148112
479 0.148112
480 0.148112
481 0.148112
482 0.148112
483 0.148112
484 0.148112
485 0.148112
486 0.148112
487 0.148112
488 0.148112
489 0.148112
490 0.148112
491 0.148112
492 0.148112
493 0.148112
494 0.148112
495 0.148112
496 0.148112
497 0.148112
498 0.148112
499 0.148112
500 0.148112
501 1.000000
502 1.000000
503 1.000000
504 1.000000
505 0.270182
506 0.226888
507 0.189128
508 0.166992
509 0.146810
510 0.128255
511 0.110352
512 0.101888
513 0.100911
514 0.100586
515 0.101237
516 0.102214
517 0.103190
518 0.103190
519 0.102539
520 0.101888
521 0.101888
522 0.101562
523 0.101562
524 0.101562
525 0.101562
526 0.101562
527 0.101562
528 0.101562
529 0.101237
530 0.101237
531 0.101237
532 0.101237
533 0.101237
534 0.101888
535 0.102539
536 0.102539
537 0.102539
538 0.102539
539 0.102539
540 0.101888
541 0.101888
542 0.101888
543 0.101888
544 0.101888
545 0.101888
546 0.101888
547 0.101888
548 0.101888
549 0.101888
550 0.101888
551 0.101888
552 0.101888
553 0.101888
554 0.101888
555 0.101888
556 0.101888
557 0.101888
558 0.101888
559 0.101888
560 0.101888
561 0.101888
562 0.101888
563 0.101888
564 0.101888
565 0.101888
566 0.101888
567 0.101888
568 0.101888
569 0.101888
570 0.101888
571 0.101888
572 0.101888
573 0.101888
574 0.101888
575 0.101888
576 0.101888
577 0.101888
578 0.101888
579 0.101888
580 0.101888
581 0.101888
582 0.101888
583 0.101888
584 0.101888
585 0.101888
586 0.101888
587 0.101888
588 0.101888
589 0.101888
590 0.101888
591 0.101888
592 0.101888
593 0.101888
594 0.101888
595 0.101888
596 0.101888
597 0.101888
598 0.101888
599 0.101888
600 0.101888
601 1.000000
602 1.000000
603 1.000000
604 1.000000
605 0.196615
606 0.164062
607 0.141927
608 0.126628
609 0.109701
610 0.096029
611 0.084635
612 0.078776
613 0.078125
614 0.078125
615 0.078451
616 0.078451
617 0.078125
618 0.078125
619 0.078451
620 0.078776
621 0.078776
622 0.078776
623 0.078776
624 0.078776
625 0.078125
626 0.078451
627 0.078451
628 0.079102
629 0.079102
630 0.079102
631 0.078776
632 0.078776
633 0.079102
634 0.079102
635 0.079102
636 0.079427
637 0.079427
638 0.079427
639 0.078776
640 0.078776
641 0.078776
642 0.078776
643 0.078776
644 0.078776
645 0.078776
646 0.078776
647 0.078776
648 0.078776
649 0.079427
650 0.079427
651 0.079427
652 0.079427
653 0.079427
654 0.079427
655 0.079427
656 0.079427
657 0.079427
658 0.079427
659 0.079427
660 0.079427
661 0.079427
662 0.079427
663 0.079427
664 0.079427
665 0.079427
666 0.079427
667 0.079427
668 0.079427
669 0.079427
670 0.079427
671 0.079427
672 0.079427
673 0.079427
674 0.079427
675 0.079427
676 0.079427
677 0.079427
678 0.079427
679 0.079427
680 0.079427
681 0.079427
682 0.079427
683 0.079427
684 0.079427
685 0.079427
686 0.079427
687 0.079427
688 0.079427
689 0.079427
690 0.079427
691 0.079427
692 0.079427
693 0.079427
694 0.079427
695 0.079427
696 0.079427
697 0.079427
698 0.079427
699 0.079427
700 0.079427
701 1.000000
702 1.000000
703 1.000000
704 1.000000
705 0.159831
706 0.134115
707 0.113607
708 0.099609
709 0.090495
710 0.076823
711 0.069336
712 0.066732
713 0.067383
714 0.067057
715 0.066732
716 0.066406
717 0.066732
718 0.066732
719 0.067383
720 0.067383
721 0.067708
722 0.067708
723 0.067708
724 0.067708
725 0.067383
726 0.067383
727 0.067383
728 0.067383
729 0.067383
730 0.067383
731 0.067383
732 0.067383
733 0.067383
734 0.067383
735 0.067383
736 0.067383
737 0.067383
738 0.067383
739 0.067383
740 0.067383
741 0.067383
742 0.067383
743 0.067383
744 0.067383
745 0.067383
746 0.067383
747 0.067383
748 0.067383
749 0.067383
750 0.067383
751 0.067383
752 0.067383
753 0.067383
754 0.067383
755 0.067383
756 0.067383
757 0.067383
758 0.067383
759 0.067383
760 0.067383
761 0.067383
762 0.067383
763 0.067383
764 0.067383
765 0.067383
766 0.067383
767 0.067383
768 0.067383
769 0.067383
770 0.067383
771 0.067383
772 0.067383
773 0.067383
774 0.067383
775 0.067383
776 0.067383
777 0.067383
778 0.067383
779 0.067383
780 0.067383
781 0.067383
782 0.067383
783 0.067383
784 0.067383
785 0.067383
786 0.067383
787 0.067383
788 0.067383
789 0.067383
790 0.067383
791 0.067383
792 0.067383
793 0.067383
794 0.067383
795 0.067383
796 0.067383
797 0.067383
798 0.067383
799 0.067383
800 0.067383
801 1.000000
802 1.000000
803 1.000000
804 1.000000
805 0.130534
806 0.108398
807 0.093424
808 0.085612
809 0.079753
810 0.069987
811 0.061849
812 0.058919
813 0.057943
814 0.057943
815 0.057617
816 0.057617
817 0.057617
818 0.057617
819 0.057943
820 0.057943
821 0.057943
822 0.057943
823 0.057943
824 0.057943
825 0.057943
826 0.057943
827 0.057943
828 0.057943
829 0.057943
830 0.057943
831 0.057943
832 0.057943
833 0.058268
834 0.058268
835 0.058268
836 0.058268
837 0.058594
838 0.058268
839 0.058268
840 0.058268
841 0.058268
842 0.058268
843 0.058268
844 0.058594
845 0.058594
846 0.058594
847 0.058919
848 0.058919
849 0.058919
850 0.058919
851 0.058919
852 0.058919
853 0.058919
854 0.058919
855 0.058919
856 0.058919
857 0.058919
858 0.058919
859 0.058919
860 0.058919
861 0.058919
862 0.058919
863 0.058919
864 0.058919
865 0.058919
866 0.058919
867 0.058919
868 0.058919
869 0.058919
870 0.058919
871 0.058919
872 0.058919
873 0.058919
874 0.058919
875 0.058919
876 0.058919
877 0.058919
878 0.058919
879 0.058919
880 0.058919
881 0.058919
882 0.058919
883 0.058919
884 0.058919
885 0.058919
886 0.058919
887 0.058919
888 0.058919
889 0.058919
890 0.058919
891 0.058919
892 0.058919
893 0.058919
894 0.058919
895 0.058919
896 0.058919
897 0.058919
898 0.058919
899 0.058919
900 0.058919
901 1.000000
902 1.000000
903 1.000000
904 1.000000
905 0.108073
906 0.092448
907 0.081706
908 0.073568
909 0.068685
910 0.063151
911 0.055339
912 0.051107
913 0.050456
914 0.050456
915 0.050456
916 0.050456
917 0.050456
918 0.050781
919 0.050781
920 0.051432
921 0.051432
922 0.051432
923 0.051758
924 0.051758
925 0.051758
926 0.052083
927 0.051758
928 0.051432
929 0.051432
930 0.051432
931 0.051432
932 0.051432
933 0.051432
934 0.051432
935 0.051432
936 0.051432
937 0.051432
938 0.051432
939 0.051432
940 0.051432
941 0.051432
942 0.051432
943 0.051432
944 0.051432
945 0.051432
946 0.051432
947 0.051432
948 0.051432
949 0.051432
950 0.051432
951 0.051432
952 0.051432
953 0.051432
954 0.051432
955 0.051432
956 0.051432
957 0.051432
958 0.051432
959 0.051432
960 0.051432
961 0.051432
962 0.051432
963 0.051432
964 0.051432
965 0.051432
966 0.051432
967 0.051432
968 0.051432
969 0.051432
970 0.051432
971 0.051432
972 0.051432
973 0.051432
974 0.051432
975 0.051432
976 0.051432
977 0.051432
978 0.051432
979 0.051432
980 0.051432
981 0.051432
982 0.051432
983 0.051432
984 0.051432
985 0.051432
986 0.051432
987 0.051432
988 0.051432
989 0.051432
990 0.051432
991 0.051432
992 0.051432
993 0.051432
994 0.051432
995 0.051432
996 0.051432
997 0.051432
998 0.051432
999 0.051432
1000 0.051432
