1 0.334432
2 0.275398
3 0.260341
4 0.256619
5 0.255994
6 0.254744
7 0.254886
8 0.254688
9 0.254744
10 0.254687
11 0.254858
12 0.254830
13 0.255057
14 0.254517
15 0.254972
16 0.300227
17 0.294489
18 0.301335
19 0.297557
20 0.300028
21 0.296080
22 0.295767
23 0.293580
24 0.295199
25 0.293324
26 0.294091
27 0.293324
28 0.293949
29 0.293324
30 0.294261
31 0.307045
32 0.316193
33 0.315483
34 0.314574
35 0.313437
36 0.312528
37 0.311477
38 0.311449
39 0.311222
40 0.311278
41 0.311307
42 0.311108
43 0.311278
44 0.311165
45 0.311193
46 0.339858
47 0.347500
48 0.346165
49 0.348438
50 0.345682
51 0.345455
52 0.345199
53 0.344375
54 0.344801
55 0.344517
56 0.344773
57 0.344773
58 0.344744
59 0.344631
60 0.344830
61 0.322216
62 0.327045
63 0.325511
64 0.324688
65 0.323324
66 0.323835
67 0.323239
68 0.323409
69 0.323722
70 0.323722
71 0.323551
72 0.323551
73 0.323466
74 0.323523
75 0.323466
76 0.303409
77 0.306080
78 0.306761
79 0.304716
80 0.304830
81 0.304233
82 0.304943
83 0.304574
84 0.304517
85 0.304261
86 0.304432
87 0.304318
88 0.304318
89 0.304176
90 0.304403
91 0.289006
92 0.289773
93 0.289687
94 0.289545
95 0.288665
96 0.288608
97 0.288409
98 0.288352
99 0.288835
100 0.288466
101 0.288608
102 0.288693
103 0.288977
104 0.288835
105 0.289034
106 0.284375
107 0.293409
108 0.293466
109 0.290739
110 0.290426
111 0.290199
112 0.290199
113 0.289631
114 0.289716
115 0.289489
116 0.289574
117 0.289687
118 0.289602
119 0.289716
120 0.289631
121 0.282500
122 0.288920
123 0.286193
124 0.287074
125 0.285739
126 0.285710
127 0.285852
128 0.286108
129 0.285568
130 0.285767
131 0.285568
132 0.285739
133 0.285369
134 0.285568
135 0.285398
136 0.282358
137 0.288864
138 0.291847
139 0.289773
140 0.288381
141 0.287983
142 0.288040
143 0.287358
144 0.287699
145 0.287472
146 0.287415
147 0.287415
148 0.287273
149 0.287358
150 0.287386
151 0.275284
152 0.280881
153 0.280057
154 0.280994
155 0.281051
156 0.280227
157 0.279460
158 0.279545
159 0.279574
160 0.279375
161 0.279403
162 0.279347
163 0.279290
164 0.279290
165 0.279176
166 0.268011
167 0.277812
168 0.279062
169 0.277813
170 0.276733
171 0.276875
172 0.276875
173 0.276619
174 0.276136
175 0.276790
176 0.276818
177 0.276903
178 0.276790
179 0.276705
180 0.276847
181 0.261733
182 0.266619
183 0.267784
184 0.266591
185 0.265852
186 0.266165
187 0.266222
188 0.266193
189 0.266023
190 0.265909
191 0.265852
192 0.265795
193 0.265767
194 0.265739
195 0.265767
196 0.260284
197 0.269290
198 0.271278
199 0.269801
200 0.269034
201 0.269176
202 0.269602
203 0.269716
204 0.269460
205 0.268949
206 0.268835
207 0.268977
208 0.269148
209 0.269290
210 0.269205
211 0.258097
212 0.263125
213 0.262926
214 0.261420
215 0.259858
216 0.259347
217 0.259972
218 0.259545
219 0.259688
220 0.259233
221 0.259034
222 0.259091
223 0.259119
224 0.259233
225 0.259318
226 0.253977
227 0.263835
228 0.266705
229 0.265625
230 0.265256
231 0.265313
232 0.265852
233 0.266023
234 0.266023
235 0.265682
236 0.265881
237 0.265710
238 0.265682
239 0.265824
240 0.265824
241 0.252557
242 0.256335
243 0.255852
244 0.255739
245 0.255000
246 0.254233
247 0.254574
248 0.253807
249 0.254432
250 0.254489
251 0.254460
252 0.254489
253 0.254460
254 0.254460
255 0.254517
256 0.248864
257 0.256051
258 0.258722
259 0.258097
260 0.256761
261 0.256818
262 0.256364
263 0.256591
264 0.256136
265 0.256420
266 0.256364
267 0.256562
268 0.256534
269 0.256420
270 0.256563
271 0.246420
272 0.250199
273 0.249432
274 0.251335
275 0.249744
276 0.249801
277 0.249858
278 0.249687
279 0.249545
280 0.249403
281 0.249375
282 0.249347
283 0.249489
284 0.249460
285 0.249460
286 0.245881
287 0.254375
288 0.256193
289 0.254375
290 0.255028
291 0.254091
292 0.254432
293 0.254545
294 0.254744
295 0.254659
296 0.254489
297 0.254403
298 0.254432
299 0.254489
300 0.254489
