1 0.326136
2 0.252898
3 0.242955
4 0.237784
5 0.236080
6 0.236932
7 0.235795
8 0.236534
9 0.235568
10 0.235398
11 0.234716
12 0.235227
13 0.234261
14 0.234716
15 0.234318
16 0.276761
17 0.271193
18 0.277386
19 0.275398
20 0.276136
21 0.273920
22 0.273352
23 0.269716
24 0.269602
25 0.268693
26 0.268977
27 0.269830
28 0.267841
29 0.267727
30 0.268011
31 0.275000
32 0.282330
33 0.281477
34 0.280114
35 0.281136
36 0.278807
37 0.279886
38 0.278920
39 0.278977
40 0.278011
41 0.278636
42 0.277159
43 0.277955
44 0.277102
45 0.278068
46 0.287614
47 0.298523
48 0.303636
49 0.300114
50 0.300284
51 0.300739
52 0.300227
53 0.300682
54 0.299886
55 0.299602
56 0.298807
57 0.299432
58 0.298409
59 0.298409
60 0.297727
61 0.276307
62 0.277330
63 0.279886
64 0.278239
65 0.276818
66 0.277102
67 0.277443
68 0.278636
69 0.277670
70 0.278125
71 0.277614
72 0.277841
73 0.277386
74 0.277443
75 0.276761
76 0.258125
77 0.271761
78 0.268295
79 0.270511
80 0.270227
81 0.269091
82 0.267557
83 0.268636
84 0.268920
85 0.268750
86 0.268239
87 0.268239
88 0.268011
89 0.268068
90 0.268295
91 0.251591
92 0.258011
93 0.258977
94 0.257045
95 0.258352
96 0.257898
97 0.257784
98 0.258295
99 0.258466
100 0.258125
101 0.257443
102 0.257557
103 0.257273
104 0.257159
105 0.256761
106 0.242273
107 0.252500
108 0.258693
109 0.259773
110 0.258636
111 0.258295
112 0.257216
113 0.258636
114 0.257784
115 0.258352
116 0.258182
117 0.257045
118 0.257386
119 0.258011
120 0.257557
121 0.245852
122 0.248750
123 0.246932
124 0.247273
125 0.249205
126 0.250114
127 0.250511
128 0.250227
129 0.249205
130 0.250057
131 0.250284
132 0.249602
133 0.249205
134 0.248920
135 0.248977
136 0.236307
137 0.245852
138 0.246648
139 0.247102
140 0.248352
141 0.247045
142 0.246989
143 0.247955
144 0.248693
145 0.247841
146 0.248580
147 0.248466
148 0.249148
149 0.247841
150 0.248580
151 0.231761
152 0.241932
153 0.241364
154 0.242443
155 0.243409
156 0.243239
157 0.241875
158 0.242841
159 0.241932
160 0.242670
161 0.242216
162 0.242500
163 0.242330
164 0.242670
165 0.241989
166 0.225966
167 0.232784
168 0.237670
169 0.240170
170 0.240227
171 0.239375
172 0.240398
173 0.239886
174 0.239261
175 0.239148
176 0.239602
177 0.239886
178 0.239659
179 0.239659
180 0.240000
181 0.227955
182 0.234205
183 0.237273
184 0.236080
185 0.235114
186 0.232727
187 0.233693
188 0.232898
189 0.233864
190 0.233580
191 0.233239
192 0.233693
193 0.233750
194 0.233011
195 0.233580
196 0.221136
197 0.231023
198 0.232330
199 0.233182
200 0.233466
201 0.234261
202 0.233693
203 0.233011
204 0.233636
205 0.233466
206 0.233523
207 0.232955
208 0.233693
209 0.232841
210 0.233068
211 0.224830
212 0.230909
213 0.231534
214 0.231364
215 0.230909
216 0.229830
217 0.231307
218 0.231136
219 0.231648
220 0.232727
221 0.232443
222 0.231591
223 0.232386
224 0.231989
225 0.231818
226 0.223239
227 0.227330
228 0.232500
229 0.230398
230 0.230909
231 0.232159
232 0.232216
233 0.232273
234 0.232159
235 0.231818
236 0.232443
237 0.232330
238 0.232841
239 0.232727
240 0.232557
241 0.221818
242 0.225227
243 0.228295
244 0.228409
245 0.228125
246 0.228352
247 0.228239
248 0.228011
249 0.227557
250 0.228920
251 0.228977
252 0.228693
253 0.228807
254 0.228580
255 0.228920
256 0.219205
257 0.224545
258 0.227784
259 0.226932
260 0.226080
261 0.226420
262 0.227216
263 0.226534
264 0.226250
265 0.227955
266 0.226875
267 0.227386
268 0.226591
269 0.226932
270 0.227045
271 0.219034
272 0.222330
273 0.224148
274 0.223977
275 0.223977
276 0.225568
277 0.226136
278 0.225000
279 0.225795
280 0.225227
281 0.225511
282 0.225114
283 0.225739
284 0.225511
285 0.226307
286 0.217784
287 0.221648
288 0.223864
289 0.223068
290 0.223807
291 0.224432
292 0.223864
293 0.223864
294 0.223523
295 0.223580
296 0.223636
297 0.223693
298 0.223182
299 0.223920
300 0.223920
