1 0.338125
2 0.292557
3 0.282216
4 0.278864
5 0.278750
6 0.277443
7 0.278409
8 0.277784
9 0.278409
10 0.277784
11 0.278068
12 0.277784
13 0.278125
14 0.278068
15 0.278068
16 0.311932
17 0.306591
18 0.307330
19 0.306648
20 0.306591
21 0.306136
22 0.305341
23 0.305227
24 0.304489
25 0.304318
26 0.304034
27 0.303750
28 0.303466
29 0.304261
30 0.303864
31 0.316193
32 0.321420
33 0.320909
34 0.321477
35 0.320057
36 0.320114
37 0.320114
38 0.320000
39 0.319602
40 0.319659
41 0.319432
42 0.319659
43 0.319659
44 0.319545
45 0.319659
46 0.360000
47 0.366818
48 0.366080
49 0.367386
50 0.365739
51 0.364943
52 0.364830
53 0.365227
54 0.365000
55 0.365170
56 0.364773
57 0.365114
58 0.364830
59 0.365114
60 0.364773
61 0.366818
62 0.365966
63 0.364659
64 0.364034
65 0.364489
66 0.364659
67 0.364602
68 0.364432
69 0.364261
70 0.364261
71 0.364205
72 0.364205
73 0.364091
74 0.364148
75 0.364091
76 0.336705
77 0.334886
78 0.335057
79 0.334205
80 0.334261
81 0.333920
82 0.333977
83 0.333864
84 0.333864
85 0.333523
86 0.333864
87 0.333693
88 0.333864
89 0.333693
90 0.333750
91 0.312102
92 0.315455
93 0.312159
94 0.314375
95 0.312898
96 0.313352
97 0.312784
98 0.313182
99 0.313068
100 0.313068
101 0.312898
102 0.313182
103 0.313068
104 0.313239
105 0.312955
106 0.308011
107 0.308920
108 0.309716
109 0.310455
110 0.309091
111 0.309602
112 0.308864
113 0.309205
114 0.308807
115 0.309261
116 0.308977
117 0.309148
118 0.308920
119 0.309034
120 0.308977
121 0.304545
122 0.306875
123 0.305852
124 0.305682
125 0.305682
126 0.305284
127 0.305625
128 0.305625
129 0.305455
130 0.305795
131 0.305625
132 0.305682
133 0.305682
134 0.305682
135 0.305682
136 0.313580
137 0.316080
138 0.312784
139 0.313295
140 0.312045
141 0.312159
142 0.312273
143 0.312955
144 0.313125
145 0.313068
146 0.312898
147 0.313011
148 0.312784
149 0.312898
150 0.312898
151 0.307614
152 0.312273
153 0.305341
154 0.304432
155 0.305341
156 0.304602
157 0.305170
158 0.304545
159 0.304943
160 0.304545
161 0.304830
162 0.304545
163 0.304830
164 0.304545
165 0.304773
166 0.305341
167 0.310284
168 0.307670
169 0.306080
170 0.305057
171 0.304659
172 0.304205
173 0.304091
174 0.303977
175 0.304205
176 0.304261
177 0.304091
178 0.304261
179 0.304148
180 0.304148
181 0.296989
182 0.295625
183 0.297273
184 0.296477
185 0.294659
186 0.294148
187 0.294432
188 0.293864
189 0.294261
190 0.293864
191 0.294261
192 0.294091
193 0.294318
194 0.294091
195 0.294318
196 0.295511
197 0.300341
198 0.296307
199 0.295000
200 0.293693
201 0.293807
202 0.294148
203 0.294716
204 0.294545
205 0.294830
206 0.294716
207 0.295227
208 0.294773
209 0.294943
210 0.294830
211 0.291023
212 0.294261
213 0.293636
214 0.292784
215 0.292159
216 0.291250
217 0.291364
218 0.290909
219 0.290625
220 0.290966
221 0.290739
222 0.290852
223 0.290455
224 0.290852
225 0.290455
226 0.291932
227 0.300000
228 0.297784
229 0.296136
230 0.295114
231 0.295057
232 0.294943
233 0.294943
234 0.294489
235 0.294716
236 0.294545
237 0.294773
238 0.294773
239 0.294773
240 0.294773
241 0.290114
242 0.292386
243 0.289545
244 0.288466
245 0.288182
246 0.288352
247 0.288693
248 0.288864
249 0.288580
250 0.288807
251 0.288864
252 0.288807
253 0.288807
254 0.288750
255 0.288864
256 0.290284
257 0.291591
258 0.289602
259 0.287841
260 0.286705
261 0.287386
262 0.286989
263 0.287102
264 0.287102
265 0.287102
266 0.287045
267 0.287045
268 0.286989
269 0.287045
270 0.287045
271 0.283523
272 0.286761
273 0.284261
274 0.283295
275 0.281705
276 0.282045
277 0.281136
278 0.281364
279 0.281364
280 0.281364
281 0.281477
282 0.281420
283 0.281420
284 0.281420
285 0.281477
286 0.284034
287 0.288580
288 0.287330
289 0.283580
290 0.284034
291 0.284091
292 0.284659
293 0.284545
294 0.284602
295 0.284489
296 0.284432
297 0.284375
298 0.284375
299 0.284375
300 0.284375
