1 0.375682
2 0.338665
3 0.330227
4 0.328011
5 0.329006
6 0.328608
7 0.329006
8 0.328977
9 0.328920
10 0.328778
11 0.328977
12 0.328750
13 0.328892
14 0.328835
15 0.328892
16 0.353381
17 0.351591
18 0.356449
19 0.352386
20 0.353750
21 0.352614
22 0.354261
23 0.352812
24 0.354403
25 0.352869
26 0.354886
27 0.353068
28 0.355199
29 0.353239
30 0.355114
31 0.377330
32 0.382244
33 0.381790
34 0.381250
35 0.381051
36 0.381335
37 0.381534
38 0.381392
39 0.381534
40 0.381392
41 0.381591
42 0.381477
43 0.381619
44 0.381477
45 0.381534
46 0.420710
47 0.425625
48 0.426307
49 0.425227
50 0.426420
51 0.425938
52 0.426477
53 0.426136
54 0.426136
55 0.425852
56 0.425767
57 0.425767
58 0.425767
59 0.425653
60 0.425653
61 0.426222
62 0.428324
63 0.426364
64 0.425682
65 0.425511
66 0.425369
67 0.425256
68 0.425227
69 0.425426
70 0.425256
71 0.425653
72 0.425398
73 0.425568
74 0.425455
75 0.425568
76 0.401619
77 0.402102
78 0.400256
79 0.400511
80 0.400625
81 0.400852
82 0.400000
83 0.400852
84 0.400227
85 0.400483
86 0.400398
87 0.400483
88 0.400398
89 0.400426
90 0.400341
91 0.382074
92 0.380625
93 0.379830
94 0.379830
95 0.378835
96 0.379148
97 0.379176
98 0.379233
99 0.379176
100 0.379517
101 0.379347
102 0.379432
103 0.379432
104 0.379432
105 0.379432
106 0.382159
107 0.381364
108 0.379886
109 0.379773
110 0.379545
111 0.379318
112 0.378892
113 0.378778
114 0.378835
115 0.378636
116 0.378722
117 0.378778
118 0.378608
119 0.378722
120 0.378665
121 0.380426
122 0.380256
123 0.378636
124 0.378835
125 0.378466
126 0.378580
127 0.379062
128 0.378722
129 0.378949
130 0.378864
131 0.378892
132 0.378864
133 0.378892
134 0.378949
135 0.378892
136 0.388580
137 0.384716
138 0.382131
139 0.381278
140 0.382244
141 0.381278
142 0.381960
143 0.381392
144 0.381847
145 0.381591
146 0.381761
147 0.381648
148 0.381591
149 0.381563
150 0.381619
151 0.377926
152 0.375199
153 0.372102
154 0.372670
155 0.371705
156 0.371847
157 0.371733
158 0.371960
159 0.371761
160 0.371903
161 0.371818
162 0.371818
163 0.371818
164 0.371818
165 0.371847
166 0.379261
167 0.378608
168 0.375000
169 0.376023
170 0.375767
171 0.375909
172 0.375540
173 0.375937
174 0.375710
175 0.375795
176 0.375739
177 0.375739
178 0.375739
179 0.375852
180 0.375795
181 0.375028
182 0.372983
183 0.371392
184 0.371051
185 0.370938
186 0.370938
187 0.370739
188 0.370994
189 0.370710
190 0.370938
191 0.370852
192 0.370966
193 0.370824
194 0.370994
195 0.370881
196 0.374602
197 0.376506
198 0.373239
199 0.372699
200 0.372188
201 0.372443
202 0.372244
203 0.372131
204 0.372131
205 0.372188
206 0.372102
207 0.372188
208 0.372074
209 0.372102
210 0.372074
211 0.370142
212 0.368437
213 0.367528
214 0.366591
215 0.366847
216 0.366136
217 0.366761
218 0.366477
219 0.366932
220 0.366733
221 0.366790
222 0.366847
223 0.366818
224 0.366790
225 0.366875
226 0.368835
227 0.368864
228 0.365511
229 0.366108
230 0.366023
231 0.365852
232 0.365966
233 0.365739
234 0.365739
235 0.365739
236 0.365739
237 0.365739
238 0.365710
239 0.365739
240 0.365710
241 0.363778
242 0.363920
243 0.359432
244 0.360341
245 0.359119
246 0.359886
247 0.359318
248 0.359744
249 0.359517
250 0.359687
251 0.359631
252 0.359659
253 0.359659
254 0.359631
255 0.359631
256 0.371193
257 0.369574
258 0.366790
259 0.367102
260 0.366847
261 0.366875
262 0.366875
263 0.366790
264 0.366818
265 0.366648
266 0.366761
267 0.366648
268 0.366761
269 0.366648
270 0.366705
271 0.367983
272 0.364744
273 0.360341
274 0.359972
275 0.359687
276 0.359460
277 0.359460
278 0.359489
279 0.359517
280 0.359517
281 0.359432
282 0.359460
283 0.359432
284 0.359460
285 0.359403
286 0.364148
287 0.365028
288 0.362443
289 0.361051
290 0.360767
291 0.360511
292 0.360369
293 0.360653
294 0.360426
295 0.360568
296 0.360511
297 0.360540
298 0.360511
299 0.360625
300 0.360483
