1 0.322614
2 0.243068
3 0.224091
4 0.219148
5 0.216989
6 0.216989
7 0.215909
8 0.215966
9 0.215852
10 0.215739
11 0.215000
12 0.215568
13 0.214602
14 0.215227
15 0.214489
16 0.263409
17 0.251307
18 0.258977
19 0.260568
20 0.265795
21 0.263466
22 0.264375
23 0.262955
24 0.260795
25 0.260170
26 0.261193
27 0.257841
28 0.258409
29 0.256705
30 0.257273
31 0.275909
32 0.291023
33 0.289602
34 0.289659
35 0.292784
36 0.289716
37 0.288693
38 0.288068
39 0.288182
40 0.287784
41 0.288352
42 0.289205
43 0.290341
44 0.289375
45 0.290000
46 0.283807
47 0.293636
48 0.295852
49 0.295795
50 0.297500
51 0.296705
52 0.296477
53 0.296193
54 0.296932
55 0.296477
56 0.296023
57 0.296648
58 0.296818
59 0.297614
60 0.297045
61 0.272670
62 0.278636
63 0.284545
64 0.282784
65 0.281080
66 0.281875
67 0.282045
68 0.282614
69 0.281989
70 0.283295
71 0.283239
72 0.283125
73 0.281761
74 0.283409
75 0.282784
76 0.253125
77 0.265455
78 0.269545
79 0.268807
80 0.269773
81 0.272386
82 0.272500
83 0.273295
84 0.273352
85 0.272784
86 0.272841
87 0.272784
88 0.271761
89 0.272557
90 0.273125
91 0.250909
92 0.256932
93 0.262500
94 0.264148
95 0.265341
96 0.263068
97 0.264205
98 0.265170
99 0.265511
100 0.262159
101 0.261818
102 0.263295
103 0.262159
104 0.263523
105 0.262727
106 0.245909
107 0.258920
108 0.257670
109 0.260170
110 0.259489
111 0.257898
112 0.259716
113 0.259943
114 0.260341
115 0.261250
116 0.260852
117 0.259545
118 0.260795
119 0.261080
120 0.261875
121 0.245398
122 0.257216
123 0.258466
124 0.261307
125 0.258523
126 0.258523
127 0.261705
128 0.260909
129 0.261420
130 0.261591
131 0.262102
132 0.260227
133 0.262216
134 0.262500
135 0.262386
136 0.239773
137 0.252670
138 0.254716
139 0.253011
140 0.255170
141 0.253864
142 0.254773
143 0.254148
144 0.254375
145 0.252500
146 0.253295
147 0.253807
148 0.254602
149 0.253693
150 0.253920
151 0.233352
152 0.242784
153 0.248239
154 0.246364
155 0.246875
156 0.247216
157 0.247955
158 0.247727
159 0.248409
160 0.248409
161 0.247557
162 0.247386
163 0.246989
164 0.247500
165 0.247670
166 0.230568
167 0.241932
168 0.245511
169 0.246989
170 0.245852
171 0.243295
172 0.244034
173 0.244602
174 0.244375
175 0.244091
176 0.244148
177 0.245000
178 0.245170
179 0.245739
180 0.244432
181 0.226932
182 0.238693
183 0.241250
184 0.242273
185 0.241761
186 0.241477
187 0.242500
188 0.242784
189 0.241420
190 0.243295
191 0.243068
192 0.244091
193 0.243295
194 0.243523
195 0.243920
196 0.222045
197 0.234091
198 0.234830
199 0.236989
200 0.237216
201 0.235682
202 0.236875
203 0.235739
204 0.234659
205 0.234261
206 0.233977
207 0.236136
208 0.235170
209 0.235852
210 0.235227
211 0.221761
212 0.230568
213 0.232386
214 0.233750
215 0.233750
216 0.234773
217 0.234716
218 0.235966
219 0.233864
220 0.234602
221 0.235795
222 0.235909
223 0.235966
224 0.234375
225 0.235284
226 0.214886
227 0.223295
228 0.226705
229 0.228295
230 0.225398
231 0.226932
232 0.227670
233 0.227386
234 0.227273
235 0.228750
236 0.228239
237 0.228125
238 0.227727
239 0.228182
240 0.228125
241 0.219602
242 0.225625
243 0.228977
244 0.230625
245 0.231250
246 0.230114
247 0.231193
248 0.230909
249 0.232102
250 0.231193
251 0.231534
252 0.230284
253 0.232159
254 0.231250
255 0.230625
256 0.212159
257 0.219205
258 0.226591
259 0.225057
260 0.228295
261 0.230511
262 0.228182
263 0.227841
264 0.229886
265 0.229034
266 0.227841
267 0.228466
268 0.228239
269 0.227784
270 0.227955
271 0.210284
272 0.219886
273 0.224773
274 0.222955
275 0.221989
276 0.225341
277 0.225057
278 0.225114
279 0.222955
280 0.224489
281 0.226420
282 0.225341
283 0.225284
284 0.225682
285 0.225966
286 0.208580
287 0.217386
288 0.220909
289 0.222557
290 0.222500
291 0.222898
292 0.222784
293 0.223295
294 0.223011
295 0.224261
296 0.223068
297 0.223693
298 0.223011
299 0.223864
300 0.223636
