1 0.370568
2 0.332500
3 0.325170
4 0.322614
5 0.324318
6 0.323409
7 0.324261
8 0.324148
9 0.323920
10 0.323977
11 0.323977
12 0.323864
13 0.323977
14 0.323920
15 0.323977
16 0.342045
17 0.342841
18 0.344205
19 0.341591
20 0.341818
21 0.341364
22 0.342102
23 0.341534
24 0.342500
25 0.341534
26 0.343409
27 0.341761
28 0.343750
29 0.341818
30 0.343920
31 0.359716
32 0.366477
33 0.367216
34 0.364602
35 0.364943
36 0.364205
37 0.364886
38 0.364375
39 0.364659
40 0.364318
41 0.364716
42 0.364545
43 0.364659
44 0.364545
45 0.364659
46 0.403920
47 0.410682
48 0.409773
49 0.409943
50 0.409602
51 0.410227
52 0.410000
53 0.410341
54 0.409602
55 0.409545
56 0.409489
57 0.409545
58 0.409432
59 0.409205
60 0.409318
61 0.415511
62 0.417330
63 0.413807
64 0.412955
65 0.412045
66 0.411932
67 0.411989
68 0.411818
69 0.412102
70 0.411875
71 0.412443
72 0.412159
73 0.412273
74 0.412216
75 0.412273
76 0.391477
77 0.392500
78 0.390284
79 0.391307
80 0.391477
81 0.391307
82 0.390739
83 0.391307
84 0.390852
85 0.390909
86 0.390852
87 0.391023
88 0.390909
89 0.391023
90 0.390909
91 0.376932
92 0.373750
93 0.372670
94 0.373977
95 0.372670
96 0.373011
97 0.372898
98 0.372784
99 0.372898
100 0.373125
101 0.373068
102 0.373182
103 0.373182
104 0.373182
105 0.373182
106 0.372386
107 0.369261
108 0.368750
109 0.368352
110 0.368125
111 0.367784
112 0.367670
113 0.367500
114 0.367614
115 0.367443
116 0.367614
117 0.367557
118 0.367500
119 0.367557
120 0.367614
121 0.369034
122 0.368750
123 0.368068
124 0.367500
125 0.367898
126 0.367670
127 0.368295
128 0.367898
129 0.368182
130 0.368125
131 0.368182
132 0.368182
133 0.368239
134 0.368239
135 0.368239
136 0.377898
137 0.373011
138 0.371648
139 0.371307
140 0.371761
141 0.371193
142 0.371534
143 0.371364
144 0.371591
145 0.371648
146 0.371591
147 0.371648
148 0.371420
149 0.371648
150 0.371534
151 0.368750
152 0.365682
153 0.362670
154 0.363182
155 0.362330
156 0.362443
157 0.362443
158 0.362670
159 0.362557
160 0.362727
161 0.362670
162 0.362614
163 0.362670
164 0.362614
165 0.362670
166 0.368580
167 0.367727
168 0.363636
169 0.364545
170 0.363807
171 0.364489
172 0.363580
173 0.364489
174 0.364034
175 0.364489
176 0.364034
177 0.364432
178 0.364205
179 0.364602
180 0.364318
181 0.362841
182 0.361250
183 0.360341
184 0.360284
185 0.360170
186 0.359943
187 0.359886
188 0.359886
189 0.359773
190 0.359830
191 0.360000
192 0.360000
193 0.359886
194 0.360000
195 0.359886
196 0.363750
197 0.365568
198 0.361875
199 0.361477
200 0.360227
201 0.361080
202 0.360795
203 0.360852
204 0.360909
205 0.360852
206 0.360795
207 0.360909
208 0.360795
209 0.360795
210 0.360795
211 0.359261
212 0.356648
213 0.354489
214 0.353239
215 0.354091
216 0.353409
217 0.354148
218 0.353693
219 0.354432
220 0.353977
221 0.354205
222 0.354091
223 0.354261
224 0.354091
225 0.354318
226 0.356307
227 0.355739
228 0.352727
229 0.353295
230 0.352955
231 0.352670
232 0.352784
233 0.352500
234 0.352557
235 0.352386
236 0.352500
237 0.352500
238 0.352443
239 0.352500
240 0.352443
241 0.353636
242 0.352159
243 0.348239
244 0.348807
245 0.347386
246 0.348580
247 0.347841
248 0.348352
249 0.347955
250 0.348182
251 0.348068
252 0.348125
253 0.348125
254 0.348125
255 0.348125
256 0.361364
257 0.363011
258 0.358239
259 0.358636
260 0.358182
261 0.358864
262 0.358466
263 0.358750
264 0.358466
265 0.358466
266 0.358466
267 0.358466
268 0.358466
269 0.358466
270 0.358466
271 0.360057
272 0.359830
273 0.355739
274 0.356080
275 0.356080
276 0.355852
277 0.355795
278 0.355739
279 0.355682
280 0.355511
281 0.355568
282 0.355568
283 0.355568
284 0.355511
285 0.355455
286 0.351136
287 0.354830
288 0.352500
289 0.350682
290 0.350625
291 0.350455
292 0.350455
293 0.350625
294 0.350511
295 0.350625
296 0.350568
297 0.350568
298 0.350568
299 0.350682
300 0.350568
