1 0.347841
2 0.302443
3 0.292557
4 0.290170
5 0.289773
6 0.289886
7 0.289602
8 0.289205
9 0.290284
10 0.289602
11 0.289830
12 0.289943
13 0.289773
14 0.289943
15 0.289659
16 0.318636
17 0.311193
18 0.312898
19 0.309886
20 0.311591
21 0.308466
22 0.312386
23 0.307500
24 0.312557
25 0.307955
26 0.312045
27 0.307614
28 0.310795
29 0.307159
30 0.310511
31 0.325625
32 0.333466
33 0.333125
34 0.330284
35 0.331136
36 0.329432
37 0.330341
38 0.329318
39 0.329716
40 0.328864
41 0.329602
42 0.329148
43 0.329489
44 0.329034
45 0.329261
46 0.364830
47 0.372102
48 0.373409
49 0.370739
50 0.372386
51 0.371477
52 0.371307
53 0.371136
54 0.370909
55 0.371477
56 0.371023
57 0.370909
58 0.371080
59 0.370852
60 0.370966
61 0.364830
62 0.367500
63 0.365170
64 0.363750
65 0.363864
66 0.363409
67 0.364148
68 0.363864
69 0.364148
70 0.363864
71 0.364318
72 0.364091
73 0.364318
74 0.364091
75 0.364261
76 0.338125
77 0.339205
78 0.339091
79 0.338750
80 0.339716
81 0.339773
82 0.340114
83 0.339375
84 0.339830
85 0.339773
86 0.339716
87 0.339830
88 0.339716
89 0.339716
90 0.339716
91 0.328920
92 0.330170
93 0.327330
94 0.326705
95 0.326818
96 0.326364
97 0.326648
98 0.326307
99 0.326534
100 0.326705
101 0.326705
102 0.326761
103 0.326648
104 0.326761
105 0.326875
106 0.323068
107 0.327102
108 0.326534
109 0.325455
110 0.325966
111 0.326080
112 0.325909
113 0.326023
114 0.326080
115 0.325739
116 0.325909
117 0.325852
118 0.325795
119 0.325795
120 0.325795
121 0.318182
122 0.321818
123 0.318750
124 0.317386
125 0.317898
126 0.317841
127 0.318182
128 0.318068
129 0.317898
130 0.317727
131 0.317841
132 0.317614
133 0.317614
134 0.317557
135 0.317727
136 0.318182
137 0.323636
138 0.320795
139 0.318807
140 0.317670
141 0.317273
142 0.316932
143 0.316705
144 0.316818
145 0.316705
146 0.316932
147 0.316989
148 0.316932
149 0.316875
150 0.316818
151 0.317102
152 0.312159
153 0.311818
154 0.309659
155 0.311080
156 0.310568
157 0.310398
158 0.309886
159 0.310114
160 0.310057
161 0.310284
162 0.310227
163 0.310341
164 0.310284
165 0.310341
166 0.307955
167 0.310284
168 0.309034
169 0.306818
170 0.306534
171 0.305568
172 0.306534
173 0.305739
174 0.306932
175 0.306591
176 0.306818
177 0.306591
178 0.306932
179 0.306648
180 0.306818
181 0.300568
182 0.300284
183 0.300114
184 0.298693
185 0.299148
186 0.298807
187 0.299205
188 0.298807
189 0.299148
190 0.299034
191 0.299091
192 0.299034
193 0.299091
194 0.298977
195 0.299034
196 0.298580
197 0.300511
198 0.297898
199 0.299091
200 0.298523
201 0.298466
202 0.298466
203 0.298523
204 0.298693
205 0.298693
206 0.298466
207 0.298523
208 0.298409
209 0.298636
210 0.298466
211 0.297443
212 0.296534
213 0.295398
214 0.293750
215 0.293580
216 0.292500
217 0.291875
218 0.291534
219 0.291591
220 0.291420
221 0.291534
222 0.291591
223 0.291705
224 0.291591
225 0.291648
226 0.294602
227 0.295057
228 0.291761
229 0.293580
230 0.292898
231 0.293466
232 0.293125
233 0.292898
234 0.292784
235 0.292784
236 0.293125
237 0.292784
238 0.293182
239 0.292955
240 0.293182
241 0.293466
242 0.289034
243 0.286364
244 0.286648
245 0.285966
246 0.285284
247 0.284886
248 0.284773
249 0.284716
250 0.284830
251 0.284716
252 0.284773
253 0.284716
254 0.284773
255 0.284659
256 0.290227
257 0.288693
258 0.288125
259 0.287159
260 0.287102
261 0.287557
262 0.287727
263 0.287841
264 0.287557
265 0.287386
266 0.287386
267 0.287443
268 0.287443
269 0.287557
270 0.287273
271 0.289034
272 0.288125
273 0.283011
274 0.283636
275 0.283068
276 0.283068
277 0.282784
278 0.281932
279 0.282045
280 0.282045
281 0.281818
282 0.281932
283 0.281875
284 0.282045
285 0.282045
286 0.280739
287 0.282784
288 0.283011
289 0.281648
290 0.281477
291 0.280739
292 0.280966
293 0.280341
294 0.280511
295 0.280795
296 0.280966
297 0.280909
298 0.280795
299 0.280795
300 0.280795
