1 0.316818
2 0.240227
3 0.224545
4 0.219375
5 0.218352
6 0.216534
7 0.217216
8 0.215568
9 0.216364
10 0.215795
11 0.216307
12 0.216080
13 0.216364
14 0.215795
15 0.216250
16 0.254602
17 0.251875
18 0.258466
19 0.258977
20 0.260455
21 0.256250
22 0.258125
23 0.257330
24 0.255739
25 0.257670
26 0.258636
27 0.257898
28 0.257557
29 0.257784
30 0.255398
31 0.264318
32 0.279943
33 0.284148
34 0.280852
35 0.278636
36 0.280227
37 0.278466
38 0.277670
39 0.277273
40 0.279318
41 0.278409
42 0.277330
43 0.277273
44 0.277500
45 0.276023
46 0.276932
47 0.285227
48 0.288750
49 0.286136
50 0.285000
51 0.285511
52 0.285739
53 0.286307
54 0.286250
55 0.284148
56 0.285455
57 0.284261
58 0.283295
59 0.283636
60 0.284091
61 0.258466
62 0.269318
63 0.270909
64 0.268920
65 0.269432
66 0.267955
67 0.268011
68 0.268352
69 0.267443
70 0.267159
71 0.268807
72 0.268068
73 0.266705
74 0.267727
75 0.267955
76 0.247273
77 0.259091
78 0.260398
79 0.261080
80 0.261818
81 0.263466
82 0.265909
83 0.265057
84 0.265227
85 0.263920
86 0.264773
87 0.265000
88 0.263636
89 0.264205
90 0.264261
91 0.246193
92 0.251761
93 0.253352
94 0.257614
95 0.254716
96 0.253182
97 0.251761
98 0.252557
99 0.252102
100 0.252330
101 0.251080
102 0.252386
103 0.252273
104 0.252102
105 0.252727
106 0.234318
107 0.248409
108 0.252045
109 0.252841
110 0.251023
111 0.250909
112 0.253182
113 0.253068
114 0.254148
115 0.254375
116 0.254602
117 0.252614
118 0.252102
119 0.253580
120 0.253807
121 0.240057
122 0.247955
123 0.250398
124 0.249091
125 0.250000
126 0.249545
127 0.249091
128 0.250682
129 0.250909
130 0.249943
131 0.248466
132 0.248693
133 0.247784
134 0.247500
135 0.248125
136 0.229034
137 0.240000
138 0.243352
139 0.242330
140 0.243920
141 0.245057
142 0.245852
143 0.245170
144 0.244716
145 0.242784
146 0.244034
147 0.246250
148 0.246648
149 0.245057
150 0.245511
151 0.224886
152 0.234602
153 0.236989
154 0.238125
155 0.237557
156 0.237102
157 0.236761
158 0.237898
159 0.237784
160 0.235511
161 0.234830
162 0.235966
163 0.236989
164 0.235852
165 0.236136
166 0.220568
167 0.237045
168 0.239830
169 0.238864
170 0.239489
171 0.237955
172 0.239148
173 0.239261
174 0.241136
175 0.240227
176 0.238750
177 0.241023
178 0.240170
179 0.240227
180 0.240284
181 0.226023
182 0.233636
183 0.235511
184 0.234943
185 0.235966
186 0.235057
187 0.235284
188 0.237216
189 0.235170
190 0.235398
191 0.234716
192 0.234602
193 0.235000
194 0.235852
195 0.235852
196 0.219943
197 0.231591
198 0.235511
199 0.238636
200 0.237670
201 0.236989
202 0.235966
203 0.237330
204 0.236534
205 0.236591
206 0.234602
207 0.235227
208 0.236193
209 0.235795
210 0.235625
211 0.217386
212 0.224432
213 0.227670
214 0.223182
215 0.224602
216 0.224261
217 0.225739
218 0.225739
219 0.225909
220 0.226364
221 0.226250
222 0.226761
223 0.226250
224 0.226080
225 0.226250
226 0.213295
227 0.223523
228 0.226818
229 0.225909
230 0.227159
231 0.226420
232 0.226193
233 0.226989
234 0.228352
235 0.227159
236 0.228920
237 0.227727
238 0.228977
239 0.228750
240 0.228864
241 0.212898
242 0.221307
243 0.223523
244 0.221818
245 0.222500
246 0.224261
247 0.223182
248 0.223693
249 0.223182
250 0.224659
251 0.224489
252 0.223807
253 0.223693
254 0.224602
255 0.224375
256 0.209261
257 0.220455
258 0.222955
259 0.224602
260 0.224091
261 0.224545
262 0.226023
263 0.227614
264 0.227273
265 0.227159
266 0.225966
267 0.226364
268 0.227614
269 0.225795
270 0.225625
271 0.213466
272 0.218295
273 0.221023
274 0.218125
275 0.217386
276 0.218409
277 0.217841
278 0.219318
279 0.218750
280 0.219773
281 0.220057
282 0.219830
283 0.219716
284 0.221591
285 0.220625
286 0.207443
287 0.216023
288 0.218409
289 0.219489
290 0.218068
291 0.220398
292 0.219148
293 0.220284
294 0.219943
295 0.220114
296 0.220909
297 0.220795
298 0.219375
299 0.219375
300 0.220739
