1 0.380795
2 0.344830
3 0.335284
4 0.333409
5 0.333693
6 0.333807
7 0.333750
8 0.333807
9 0.333920
10 0.333580
11 0.333977
12 0.333636
13 0.333807
14 0.333750
15 0.333807
16 0.364716
17 0.360341
18 0.368693
19 0.363182
20 0.365682
21 0.363864
22 0.366420
23 0.364091
24 0.366307
25 0.364205
26 0.366364
27 0.364375
28 0.366648
29 0.364659
30 0.366307
31 0.394943
32 0.398011
33 0.396364
34 0.397898
35 0.397159
36 0.398466
37 0.398182
38 0.398409
39 0.398409
40 0.398466
41 0.398466
42 0.398409
43 0.398580
44 0.398409
45 0.398409
46 0.437500
47 0.440568
48 0.442841
49 0.440511
50 0.443239
51 0.441648
52 0.442955
53 0.441932
54 0.442670
55 0.442159
56 0.442045
57 0.441989
58 0.442102
59 0.442102
60 0.441989
61 0.436932
62 0.439318
63 0.438920
64 0.438409
65 0.438977
66 0.438807
67 0.438523
68 0.438636
69 0.438750
70 0.438636
71 0.438864
72 0.438636
73 0.438864
74 0.438693
75 0.438864
76 0.411761
77 0.411705
78 0.410227
79 0.409716
80 0.409773
81 0.410398
82 0.409261
83 0.410398
84 0.409602
85 0.410057
86 0.409943
87 0.409943
88 0.409886
89 0.409830
90 0.409773
91 0.387216
92 0.387500
93 0.386989
94 0.385682
95 0.385000
96 0.385284
97 0.385455
98 0.385682
99 0.385455
100 0.385909
101 0.385625
102 0.385682
103 0.385682
104 0.385682
105 0.385682
106 0.391932
107 0.393466
108 0.391023
109 0.391193
110 0.390966
111 0.390852
112 0.390114
113 0.390057
114 0.390057
115 0.389830
116 0.389830
117 0.390000
118 0.389716
119 0.389886
120 0.389716
121 0.391818
122 0.391761
123 0.389205
124 0.390170
125 0.389034
126 0.389489
127 0.389830
128 0.389545
129 0.389716
130 0.389602
131 0.389602
132 0.389545
133 0.389545
134 0.389659
135 0.389545
136 0.399261
137 0.396420
138 0.392614
139 0.391250
140 0.392727
141 0.391364
142 0.392386
143 0.391420
144 0.392102
145 0.391534
146 0.391932
147 0.391648
148 0.391761
149 0.391477
150 0.391705
151 0.387102
152 0.384716
153 0.381534
154 0.382159
155 0.381080
156 0.381250
157 0.381023
158 0.381250
159 0.380966
160 0.381080
161 0.380966
162 0.381023
163 0.380966
164 0.381023
165 0.381023
166 0.389943
167 0.389489
168 0.386364
169 0.387500
170 0.387727
171 0.387330
172 0.387500
173 0.387386
174 0.387386
175 0.387102
176 0.387443
177 0.387045
178 0.387273
179 0.387102
180 0.387273
181 0.387216
182 0.384716
183 0.382443
184 0.381818
185 0.381705
186 0.381932
187 0.381591
188 0.382102
189 0.381648
190 0.382045
191 0.381705
192 0.381932
193 0.381761
194 0.381989
195 0.381875
196 0.385455
197 0.387443
198 0.384602
199 0.383920
200 0.384148
201 0.383807
202 0.383693
203 0.383409
204 0.383352
205 0.383523
206 0.383409
207 0.383466
208 0.383352
209 0.383409
210 0.383352
211 0.381023
212 0.380227
213 0.380568
214 0.379943
215 0.379602
216 0.378864
217 0.379375
218 0.379261
219 0.379432
220 0.379489
221 0.379375
222 0.379602
223 0.379375
224 0.379489
225 0.379432
226 0.381364
227 0.381989
228 0.378295
229 0.378920
230 0.379091
231 0.379034
232 0.379148
233 0.378977
234 0.378920
235 0.379091
236 0.378977
237 0.378977
238 0.378977
239 0.378977
240 0.378977
241 0.373920
242 0.375682
243 0.370625
244 0.371875
245 0.370852
246 0.371193
247 0.370795
248 0.371136
249 0.371080
250 0.371193
251 0.371193
252 0.371193
253 0.371193
254 0.371136
255 0.371136
256 0.381023
257 0.376136
258 0.375341
259 0.375568
260 0.375511
261 0.374886
262 0.375284
263 0.374830
264 0.375170
265 0.374830
266 0.375057
267 0.374830
268 0.375057
269 0.374830
270 0.374943
271 0.375909
272 0.369659
273 0.364943
274 0.363864
275 0.363295
276 0.363068
277 0.363125
278 0.363239
279 0.363352
280 0.363523
281 0.363295
282 0.363352
283 0.363295
284 0.363409
285 0.363352
286 0.377159
287 0.375227
288 0.372386
289 0.371420
290 0.370909
291 0.370568
292 0.370284
293 0.370682
294 0.370341
295 0.370511
296 0.370455
297 0.370511
298 0.370455
299 0.370568
300 0.370398
