1 0.316193
2 0.241705
3 0.230170
4 0.222727
5 0.221364
6 0.219886
7 0.220682
8 0.219659
9 0.221193
10 0.219489
11 0.221136
12 0.219318
13 0.221364
14 0.219432
15 0.221648
16 0.257614
17 0.258864
18 0.266136
19 0.265114
20 0.265341
21 0.263295
22 0.264943
23 0.262330
24 0.264886
25 0.262386
26 0.264261
27 0.261534
28 0.262557
29 0.259602
30 0.261932
31 0.265398
32 0.278011
33 0.274489
34 0.274886
35 0.274602
36 0.273807
37 0.274943
38 0.274773
39 0.275057
40 0.274261
41 0.273750
42 0.272955
43 0.273466
44 0.273636
45 0.273466
46 0.276818
47 0.291193
48 0.296534
49 0.294545
50 0.292443
51 0.291932
52 0.291250
53 0.289489
54 0.289091
55 0.288636
56 0.288750
57 0.289148
58 0.289489
59 0.289432
60 0.290114
61 0.258068
62 0.263295
63 0.264602
64 0.262955
65 0.264716
66 0.264034
67 0.263239
68 0.261591
69 0.262443
70 0.261250
71 0.263580
72 0.262330
73 0.262330
74 0.261648
75 0.262670
76 0.247670
77 0.255739
78 0.259261
79 0.260625
80 0.259489
81 0.257955
82 0.257500
83 0.256193
84 0.256307
85 0.255966
86 0.255966
87 0.255852
88 0.256080
89 0.255341
90 0.255795
91 0.233239
92 0.244602
93 0.246420
94 0.246932
95 0.247330
96 0.248864
97 0.246420
98 0.246534
99 0.246761
100 0.247102
101 0.246136
102 0.247045
103 0.246364
104 0.246250
105 0.245511
106 0.232841
107 0.243523
108 0.244545
109 0.246307
110 0.246420
111 0.245739
112 0.243636
113 0.242443
114 0.244318
115 0.244091
116 0.243352
117 0.242045
118 0.244545
119 0.244261
120 0.244375
121 0.225625
122 0.227841
123 0.231875
124 0.230511
125 0.234659
126 0.234602
127 0.231761
128 0.232614
129 0.231818
130 0.230852
131 0.230852
132 0.230795
133 0.231193
134 0.231591
135 0.231193
136 0.223807
137 0.232557
138 0.237841
139 0.236136
140 0.239148
141 0.240852
142 0.240341
143 0.239148
144 0.238693
145 0.239318
146 0.239148
147 0.238523
148 0.238693
149 0.238636
150 0.238807
151 0.219830
152 0.225511
153 0.228011
154 0.225455
155 0.226477
156 0.225909
157 0.225057
158 0.224830
159 0.225227
160 0.225568
161 0.225000
162 0.225966
163 0.225511
164 0.224773
165 0.224886
166 0.213068
167 0.226932
168 0.228864
169 0.229205
170 0.229432
171 0.227784
172 0.227386
173 0.227443
174 0.228409
175 0.228352
176 0.228750
177 0.226420
178 0.227159
179 0.226250
180 0.226761
181 0.210852
182 0.219205
183 0.225398
184 0.223466
185 0.221705
186 0.222557
187 0.222500
188 0.223125
189 0.222330
190 0.222955
191 0.223068
192 0.223409
193 0.223693
194 0.223068
195 0.222557
196 0.210284
197 0.221023
198 0.223182
199 0.224091
200 0.222386
201 0.221818
202 0.222955
203 0.221420
204 0.223011
205 0.222955
206 0.221761
207 0.221136
208 0.222727
209 0.222159
210 0.222841
211 0.205625
212 0.214602
213 0.219432
214 0.219432
215 0.216761
216 0.217500
217 0.217159
218 0.215227
219 0.216307
220 0.215568
221 0.216193
222 0.215909
223 0.215568
224 0.216136
225 0.216648
226 0.203977
227 0.212614
228 0.219943
229 0.219091
230 0.219034
231 0.216705
232 0.216875
233 0.217045
234 0.216761
235 0.215795
236 0.216761
237 0.216023
238 0.216307
239 0.215455
240 0.215568
241 0.203580
242 0.208580
243 0.212614
244 0.216875
245 0.213523
246 0.213295
247 0.213125
248 0.214148
249 0.214659
250 0.215284
251 0.214489
252 0.214034
253 0.215114
254 0.215057
255 0.214148
256 0.201534
257 0.212330
258 0.216136
259 0.213636
260 0.214716
261 0.214659
262 0.215057
263 0.214318
264 0.215114
265 0.214489
266 0.214886
267 0.214375
268 0.215341
269 0.214432
270 0.214659
271 0.202500
272 0.209545
273 0.210000
274 0.210114
275 0.208920
276 0.207955
277 0.208466
278 0.208580
279 0.208523
280 0.208636
281 0.208920
282 0.208920
283 0.208977
284 0.209602
285 0.208807
286 0.197670
287 0.204886
288 0.211477
289 0.214375
290 0.213011
291 0.213750
292 0.214432
293 0.213125
294 0.212898
295 0.212330
296 0.211023
297 0.211591
298 0.212330
299 0.211477
300 0.211705
