1 0.337841
2 0.277670
3 0.261193
4 0.259716
5 0.258011
6 0.257841
7 0.256591
8 0.257159
9 0.256534
10 0.256989
11 0.256591
12 0.257102
13 0.257045
14 0.256761
15 0.256705
16 0.303068
17 0.295000
18 0.299716
19 0.298352
20 0.299545
21 0.296648
22 0.294148
23 0.292500
24 0.293693
25 0.291932
26 0.293125
27 0.291818
28 0.293352
29 0.291250
30 0.293352
31 0.308125
32 0.317102
33 0.314602
34 0.315170
35 0.314034
36 0.313636
37 0.311989
38 0.311989
39 0.311705
40 0.311932
41 0.311705
42 0.311818
43 0.311648
44 0.311818
45 0.311875
46 0.344716
47 0.350795
48 0.348693
49 0.351648
50 0.349659
51 0.348182
52 0.348011
53 0.347614
54 0.348068
55 0.347955
56 0.347898
57 0.347784
58 0.347727
59 0.347784
60 0.347898
61 0.321591
62 0.329261
63 0.327670
64 0.327330
65 0.325739
66 0.326875
67 0.325625
68 0.326193
69 0.326080
70 0.326364
71 0.326023
72 0.326420
73 0.326080
74 0.326364
75 0.326136
76 0.301705
77 0.306080
78 0.306023
79 0.303807
80 0.303750
81 0.302841
82 0.302784
83 0.302670
84 0.302386
85 0.302557
86 0.302330
87 0.302443
88 0.302330
89 0.302102
90 0.302330
91 0.289659
92 0.290795
93 0.291080
94 0.290966
95 0.290000
96 0.289034
97 0.289545
98 0.288409
99 0.289432
100 0.289034
101 0.289318
102 0.289545
103 0.289886
104 0.289716
105 0.289943
106 0.287955
107 0.295682
108 0.294773
109 0.292955
110 0.291875
111 0.291989
112 0.292159
113 0.291477
114 0.291420
115 0.291136
116 0.291364
117 0.291250
118 0.291193
119 0.291193
120 0.291136
121 0.282386
122 0.287557
123 0.284943
124 0.282955
125 0.283068
126 0.282557
127 0.283466
128 0.283466
129 0.282386
130 0.282955
131 0.282500
132 0.282727
133 0.282443
134 0.282784
135 0.282727
136 0.283807
137 0.286534
138 0.288807
139 0.285455
140 0.284886
141 0.284545
142 0.284261
143 0.283409
144 0.283636
145 0.283807
146 0.283693
147 0.283864
148 0.283693
149 0.283864
150 0.283977
151 0.276534
152 0.281534
153 0.282273
154 0.282841
155 0.282614
156 0.281705
157 0.280568
158 0.281080
159 0.280852
160 0.280455
161 0.280568
162 0.280511
163 0.280455
164 0.280341
165 0.280398
166 0.267614
167 0.275795
168 0.279545
169 0.278125
170 0.276591
171 0.277898
172 0.277670
173 0.277500
174 0.277045
175 0.277500
176 0.277784
177 0.277784
178 0.277614
179 0.277614
180 0.277784
181 0.261136
182 0.267841
183 0.270398
184 0.268466
185 0.266705
186 0.267670
187 0.267898
188 0.266932
189 0.266932
190 0.266932
191 0.266818
192 0.266705
193 0.266477
194 0.266534
195 0.266648
196 0.262841
197 0.269034
198 0.273295
199 0.272614
200 0.270511
201 0.270625
202 0.271534
203 0.271477
204 0.271136
205 0.270455
206 0.270511
207 0.270795
208 0.271193
209 0.271307
210 0.271250
211 0.257727
212 0.262670
213 0.263807
214 0.261477
215 0.260000
216 0.259886
217 0.260227
218 0.259886
219 0.260455
220 0.259773
221 0.259659
222 0.259716
223 0.259830
224 0.259830
225 0.260000
226 0.256818
227 0.266591
228 0.268523
229 0.267898
230 0.267159
231 0.268352
232 0.268011
233 0.267898
234 0.267955
235 0.267557
236 0.268125
237 0.267898
238 0.267898
239 0.267955
240 0.267955
241 0.252330
242 0.258011
243 0.259091
244 0.258864
245 0.258352
246 0.256818
247 0.256932
248 0.255966
249 0.256591
250 0.256364
251 0.256477
252 0.256477
253 0.256420
254 0.256420
255 0.256477
256 0.251193
257 0.256818
258 0.259432
259 0.258352
260 0.257330
261 0.256705
262 0.257216
263 0.257159
264 0.256364
265 0.256364
266 0.256591
267 0.256761
268 0.256705
269 0.256534
270 0.256761
271 0.247557
272 0.252500
273 0.252898
274 0.254091
275 0.252386
276 0.252784
277 0.252898
278 0.251932
279 0.252273
280 0.251761
281 0.251705
282 0.251648
283 0.251761
284 0.251648
285 0.251761
286 0.249943
287 0.256648
288 0.257216
289 0.255227
290 0.255455
291 0.255114
292 0.255170
293 0.255625
294 0.255682
295 0.255341
296 0.255227
297 0.255170
298 0.255227
299 0.255114
300 0.255284
