1 0.331023
2 0.273125
3 0.259489
4 0.253523
5 0.253977
6 0.251648
7 0.253182
8 0.252216
9 0.252955
10 0.252386
11 0.253125
12 0.252557
13 0.253068
14 0.252273
15 0.253239
16 0.297386
17 0.293977
18 0.302955
19 0.296761
20 0.300511
21 0.295511
22 0.297386
23 0.294659
24 0.296705
25 0.294716
26 0.295057
27 0.294830
28 0.294545
29 0.295398
30 0.295170
31 0.305966
32 0.315284
33 0.316364
34 0.313977
35 0.312841
36 0.311420
37 0.310966
38 0.310909
39 0.310739
40 0.310625
41 0.310909
42 0.310398
43 0.310909
44 0.310511
45 0.310511
46 0.335000
47 0.344205
48 0.343636
49 0.345227
50 0.341705
51 0.342727
52 0.342386
53 0.341136
54 0.341534
55 0.341080
56 0.341648
57 0.341761
58 0.341761
59 0.341477
60 0.341761
61 0.322841
62 0.324830
63 0.323352
64 0.322045
65 0.320909
66 0.320795
67 0.320852
68 0.320625
69 0.321364
70 0.321080
71 0.321080
72 0.320682
73 0.320852
74 0.320682
75 0.320795
76 0.305114
77 0.306080
78 0.307500
79 0.305625
80 0.305909
81 0.305625
82 0.307102
83 0.306477
84 0.306648
85 0.305966
86 0.306534
87 0.306193
88 0.306307
89 0.306250
90 0.306477
91 0.288352
92 0.288750
93 0.288295
94 0.288125
95 0.287330
96 0.288182
97 0.287273
98 0.288295
99 0.288239
100 0.287898
101 0.287898
102 0.287841
103 0.288068
104 0.287955
105 0.288125
106 0.280795
107 0.291136
108 0.292159
109 0.288523
110 0.288977
111 0.288409
112 0.288239
113 0.287784
114 0.288011
115 0.287841
116 0.287784
117 0.288125
118 0.288011
119 0.288239
120 0.288125
121 0.282614
122 0.290284
123 0.287443
124 0.291193
125 0.288409
126 0.288864
127 0.288239
128 0.288750
129 0.288750
130 0.288580
131 0.288636
132 0.288750
133 0.288295
134 0.288352
135 0.288068
136 0.280909
137 0.291193
138 0.294886
139 0.294091
140 0.291875
141 0.291420
142 0.291818
143 0.291307
144 0.291761
145 0.291136
146 0.291136
147 0.290966
148 0.290852
149 0.290852
150 0.290795
151 0.274034
152 0.280227
153 0.277841
154 0.279148
155 0.279489
156 0.278750
157 0.278352
158 0.278011
159 0.278295
160 0.278295
161 0.278239
162 0.278182
163 0.278125
164 0.278239
165 0.277955
166 0.268409
167 0.279830
168 0.278580
169 0.277500
170 0.276875
171 0.275852
172 0.276080
173 0.275739
174 0.275227
175 0.276080
176 0.275852
177 0.276023
178 0.275966
179 0.275795
180 0.275909
181 0.262330
182 0.265398
183 0.265170
184 0.264716
185 0.265000
186 0.264659
187 0.264545
188 0.265455
189 0.265114
190 0.264886
191 0.264886
192 0.264886
193 0.265057
194 0.264943
195 0.264886
196 0.257727
197 0.269545
198 0.269261
199 0.266989
200 0.267557
201 0.267727
202 0.267670
203 0.267955
204 0.267784
205 0.267443
206 0.267159
207 0.267159
208 0.267102
209 0.267273
210 0.267159
211 0.258466
212 0.263580
213 0.262045
214 0.261364
215 0.259716
216 0.258807
217 0.259716
218 0.259205
219 0.258920
220 0.258693
221 0.258409
222 0.258466
223 0.258409
224 0.258636
225 0.258636
226 0.251136
227 0.261080
228 0.264886
229 0.263352
230 0.263352
231 0.262273
232 0.263693
233 0.264148
234 0.264091
235 0.263807
236 0.263636
237 0.263523
238 0.263466
239 0.263693
240 0.263693
241 0.252784
242 0.254659
243 0.252614
244 0.252614
245 0.251648
246 0.251648
247 0.252216
248 0.251648
249 0.252273
250 0.252614
251 0.252443
252 0.252500
253 0.252500
254 0.252500
255 0.252557
256 0.246534
257 0.255284
258 0.258011
259 0.257841
260 0.256193
261 0.256932
262 0.255511
263 0.256023
264 0.255909
265 0.256477
266 0.256136
267 0.256364
268 0.256364
269 0.256307
270 0.256364
271 0.245284
272 0.247898
273 0.245966
274 0.248580
275 0.247102
276 0.246818
277 0.246818
278 0.247443
279 0.246818
280 0.247045
281 0.247045
282 0.247045
283 0.247216
284 0.247273
285 0.247159
286 0.241818
287 0.252102
288 0.255170
289 0.253523
290 0.254602
291 0.253068
292 0.253693
293 0.253466
294 0.253807
295 0.253977
296 0.253750
297 0.253636
298 0.253636
299 0.253864
300 0.253693
