1 0.970407
2 0.525824
3 0.528687
4 0.551147
5 0.551932
6 0.551378
7 0.551428
8 0.551438
9 0.551433
10 0.551434
11 0.551434
12 0.551434
13 0.551434
14 0.551434
15 0.551434
16 0.468157
17 0.461343
18 0.460795
19 0.454389
20 0.457827
21 0.453647
22 0.456636
23 0.453731
24 0.455977
25 0.453923
26 0.455573
27 0.454093
28 0.455310
29 0.454224
30 0.455131
31 0.512359
32 0.515696
33 0.514059
34 0.513307
35 0.513571
36 0.513499
37 0.513568
38 0.513526
39 0.513553
40 0.513536
41 0.513547
42 0.513539
43 0.513544
44 0.513541
45 0.513543
46 0.507941
47 0.517424
48 0.520344
49 0.520432
50 0.520624
51 0.520478
52 0.520586
53 0.520520
54 0.520564
55 0.520536
56 0.520554
57 0.520542
58 0.520550
59 0.520545
60 0.520548
61 0.534781
62 0.539005
63 0.539308
64 0.539269
65 0.539338
66 0.539313
67 0.539319
68 0.539316
69 0.539317
70 0.539316
71 0.539317
72 0.539317
73 0.539317
74 0.539317
75 0.539317
76 0.485789
77 0.491619
78 0.493615
79 0.493636
80 0.493672
81 0.493664
82 0.493680
83 0.493678
84 0.493681
85 0.493680
86 0.493680
87 0.493680
88 0.493680
89 0.493680
90 0.493680
91 0.481279
92 0.484973
93 0.485688
94 0.485667
95 0.485647
96 0.485652
97 0.485656
98 0.485656
99 0.485657
100 0.485657
101 0.485657
102 0.485657
103 0.485657
104 0.485657
105 0.485657
106 0.461690
107 0.468017
108 0.469653
109 0.469724
110 0.469775
111 0.469777
112 0.469791
113 0.469788
114 0.469790
115 0.469790
116 0.469790
117 0.469790
118 0.469790
119 0.469790
120 0.469790
121 0.464256
122 0.467471
123 0.467980
124 0.467825
125 0.467891
126 0.467869
127 0.467885
128 0.467879
129 0.467882
130 0.467881
131 0.467882
132 0.467881
133 0.467881
134 0.467881
135 0.467881
136 0.445488
137 0.450585
138 0.451597
139 0.451554
140 0.451577
141 0.451565
142 0.451580
143 0.451575
144 0.451578
145 0.451577
146 0.451577
147 0.451577
148 0.451577
149 0.451577
150 0.451577
151 0.440822
152 0.446060
153 0.447185
154 0.447248
155 0.447252
156 0.447256
157 0.447259
158 0.447258
159 0.447259
160 0.447259
161 0.447259
162 0.447259
163 0.447259
164 0.447259
165 0.447259
166 0.434529
167 0.439669
168 0.440615
169 0.440619
170 0.440619
171 0.440635
172 0.440644
173 0.440643
174 0.440644
175 0.440644
176 0.440644
177 0.440644
178 0.440644
179 0.440644
180 0.440644
181 0.436424
182 0.441295
183 0.442127
184 0.442197
185 0.442199
186 0.442202
187 0.442207
188 0.442206
189 0.442208
190 0.442207
191 0.442207
192 0.442207
193 0.442207
194 0.442207
195 0.442207
196 0.426937
197 0.431787
198 0.432417
199 0.432290
200 0.432276
201 0.432277
202 0.432283
203 0.432282
204 0.432282
205 0.432282
206 0.432282
207 0.432282
208 0.432282
209 0.432282
210 0.432282
211 0.427671
212 0.432784
213 0.433670
214 0.433746
215 0.433740
216 0.433735
217 0.433742
218 0.433740
219 0.433741
220 0.433741
221 0.433741
222 0.433741
223 0.433741
224 0.433741
225 0.433741
226 0.418781
227 0.422925
228 0.423372
229 0.423251
230 0.423247
231 0.423246
232 0.423252
233 0.423251
234 0.423251
235 0.423251
236 0.423251
237 0.423251
238 0.423251
239 0.423251
240 0.423251
241 0.418400
242 0.424432
243 0.425173
244 0.425248
245 0.425233
246 0.425243
247 0.425246
248 0.425246
249 0.425246
250 0.425246
251 0.425246
252 0.425246
253 0.425246
254 0.425246
255 0.425246
256 0.413739
257 0.417930
258 0.418261
259 0.418184
260 0.418164
261 0.418174
262 0.418177
263 0.418178
264 0.418178
265 0.418178
266 0.418178
267 0.418178
268 0.418178
269 0.418178
270 0.418178
271 0.415790
272 0.421180
273 0.421873
274 0.422028
275 0.422029
276 0.422037
277 0.422038
278 0.422038
279 0.422039
280 0.422038
281 0.422039
282 0.422039
283 0.422039
284 0.422039
285 0.422039
286 0.409139
287 0.413419
288 0.413585
289 0.413478
290 0.413456
291 0.413465
292 0.413468
293 0.413468
294 0.413468
295 0.413468
296 0.413468
297 0.413468
298 0.413468
299 0.413468
300 0.413468
