1 0.953374
2 0.488564
3 0.485706
4 0.511579
5 0.512444
6 0.511725
7 0.511855
8 0.511877
9 0.511865
10 0.511866
11 0.511867
12 0.511867
13 0.511867
14 0.511867
15 0.511867
16 0.435109
17 0.425441
18 0.423432
19 0.418507
20 0.420241
21 0.417706
22 0.419226
23 0.417616
24 0.418751
25 0.417683
26 0.418491
27 0.417767
28 0.418336
29 0.417838
30 0.418238
31 0.463729
32 0.470664
33 0.468395
34 0.467956
35 0.468007
36 0.468034
37 0.468033
38 0.468033
39 0.468032
40 0.468032
41 0.468032
42 0.468032
43 0.468032
44 0.468032
45 0.468032
46 0.455720
47 0.465698
48 0.469306
49 0.469503
50 0.469603
51 0.469586
52 0.469614
53 0.469608
54 0.469613
55 0.469611
56 0.469612
57 0.469611
58 0.469612
59 0.469612
60 0.469612
61 0.473378
62 0.480004
63 0.480963
64 0.480915
65 0.480935
66 0.480931
67 0.480933
68 0.480932
69 0.480932
70 0.480932
71 0.480932
72 0.480932
73 0.480932
74 0.480932
75 0.480932
76 0.433025
77 0.439521
78 0.441797
79 0.441803
80 0.441823
81 0.441804
82 0.441819
83 0.441816
84 0.441819
85 0.441818
86 0.441819
87 0.441818
88 0.441819
89 0.441819
90 0.441819
91 0.430626
92 0.434197
93 0.434867
94 0.434826
95 0.434807
96 0.434812
97 0.434813
98 0.434812
99 0.434812
100 0.434812
101 0.434812
102 0.434812
103 0.434812
104 0.434812
105 0.434812
106 0.408644
107 0.415856
108 0.417262
109 0.417208
110 0.417167
111 0.417159
112 0.417159
113 0.417158
114 0.417158
115 0.417158
116 0.417158
117 0.417158
118 0.417158
119 0.417158
120 0.417158
121 0.410164
122 0.414630
123 0.415512
124 0.415523
125 0.415544
126 0.415555
127 0.415561
128 0.415561
129 0.415561
130 0.415561
131 0.415561
132 0.415561
133 0.415561
134 0.415561
135 0.415561
136 0.394972
137 0.403077
138 0.404389
139 0.404412
140 0.404409
141 0.404411
142 0.404415
143 0.404415
144 0.404415
145 0.404415
146 0.404415
147 0.404415
148 0.404415
149 0.404415
150 0.404415
151 0.398070
152 0.402909
153 0.403947
154 0.403969
155 0.403999
156 0.404016
157 0.404022
158 0.404023
159 0.404024
160 0.404024
161 0.404024
162 0.404024
163 0.404024
164 0.404024
165 0.404024
166 0.384432
167 0.391282
168 0.392365
169 0.392346
170 0.392335
171 0.392342
172 0.392346
173 0.392347
174 0.392347
175 0.392347
176 0.392347
177 0.392347
178 0.392347
179 0.392347
180 0.392347
181 0.388241
182 0.391947
183 0.392722
184 0.392748
185 0.392751
186 0.392765
187 0.392769
188 0.392769
189 0.392769
190 0.392769
191 0.392769
192 0.392769
193 0.392769
194 0.392769
195 0.392769
196 0.377584
197 0.384678
198 0.385379
199 0.385403
200 0.385389
201 0.385404
202 0.385407
203 0.385408
204 0.385408
205 0.385408
206 0.385408
207 0.385408
208 0.385408
209 0.385408
210 0.385408
211 0.381368
212 0.385651
213 0.386582
214 0.386651
215 0.386649
216 0.386661
217 0.386665
218 0.386666
219 0.386666
220 0.386666
221 0.386666
222 0.386666
223 0.386666
224 0.386666
225 0.386666
226 0.373653
227 0.380169
228 0.381123
229 0.381172
230 0.381173
231 0.381185
232 0.381188
233 0.381189
234 0.381189
235 0.381189
236 0.381189
237 0.381189
238 0.381189
239 0.381189
240 0.381189
241 0.376322
242 0.380733
243 0.381480
244 0.381525
245 0.381524
246 0.381536
247 0.381538
248 0.381539
249 0.381540
250 0.381540
251 0.381540
252 0.381540
253 0.381540
254 0.381540
255 0.381540
256 0.369126
257 0.375221
258 0.375932
259 0.376001
260 0.375998
261 0.376014
262 0.376016
263 0.376017
264 0.376018
265 0.376018
266 0.376018
267 0.376018
268 0.376018
269 0.376018
270 0.376018
271 0.371386
272 0.376144
273 0.376917
274 0.376939
275 0.376934
276 0.376949
277 0.376952
278 0.376954
279 0.376954
280 0.376954
281 0.376954
282 0.376954
283 0.376954
284 0.376954
285 0.376954
286 0.366114
287 0.371879
288 0.372522
289 0.372642
290 0.372633
291 0.372652
292 0.372654
293 0.372656
294 0.372656
295 0.372657
296 0.372657
297 0.372657
298 0.372657
299 0.372657
300 0.372657
