1 0.950552
2 0.581917
3 0.596523
4 0.609835
5 0.609671
6 0.609435
7 0.609470
8 0.609473
9 0.609472
10 0.609472
11 0.609472
12 0.609472
13 0.609472
14 0.609472
15 0.609472
16 0.521056
17 0.522731
18 0.516875
19 0.515159
20 0.515518
21 0.514011
22 0.514928
23 0.513850
24 0.514607
25 0.513885
26 0.514422
27 0.513946
28 0.514312
29 0.513998
30 0.514245
31 0.560278
32 0.551712
33 0.553004
34 0.551356
35 0.552268
36 0.551647
37 0.552089
38 0.551753
39 0.552002
40 0.551808
41 0.551957
42 0.551839
43 0.551931
44 0.551858
45 0.551915
46 0.566352
47 0.574609
48 0.575666
49 0.575845
50 0.575864
51 0.575887
52 0.575881
53 0.575888
54 0.575883
55 0.575886
56 0.575884
57 0.575885
58 0.575884
59 0.575885
60 0.575885
61 0.612100
62 0.613998
63 0.614847
64 0.614508
65 0.614777
66 0.614687
67 0.614741
68 0.614714
69 0.614729
70 0.614721
71 0.614725
72 0.614723
73 0.614724
74 0.614723
75 0.614724
76 0.572420
77 0.577425
78 0.578600
79 0.578941
80 0.578924
81 0.578942
82 0.578938
83 0.578942
84 0.578940
85 0.578941
86 0.578941
87 0.578941
88 0.578941
89 0.578941
90 0.578941
91 0.567270
92 0.567886
93 0.568878
94 0.568824
95 0.568929
96 0.568890
97 0.568910
98 0.568901
99 0.568906
100 0.568903
101 0.568905
102 0.568904
103 0.568904
104 0.568904
105 0.568904
106 0.544394
107 0.548761
108 0.549363
109 0.549568
110 0.549528
111 0.549564
112 0.549552
113 0.549560
114 0.549556
115 0.549558
116 0.549557
117 0.549557
118 0.549557
119 0.549557
120 0.549557
121 0.547287
122 0.548395
123 0.548943
124 0.548836
125 0.548909
126 0.548883
127 0.548897
128 0.548891
129 0.548894
130 0.548892
131 0.548893
132 0.548893
133 0.548893
134 0.548893
135 0.548893
136 0.534177
137 0.538218
138 0.538924
139 0.539130
140 0.539130
141 0.539156
142 0.539151
143 0.539156
144 0.539153
145 0.539155
146 0.539154
147 0.539155
148 0.539154
149 0.539155
150 0.539154
151 0.534517
152 0.536264
153 0.536847
154 0.536943
155 0.536990
156 0.536984
157 0.536992
158 0.536989
159 0.536991
160 0.536990
161 0.536991
162 0.536990
163 0.536991
164 0.536990
165 0.536991
166 0.520884
167 0.525254
168 0.525880
169 0.526008
170 0.526005
171 0.526021
172 0.526019
173 0.526021
174 0.526020
175 0.526021
176 0.526021
177 0.526021
178 0.526021
179 0.526021
180 0.526021
181 0.522397
182 0.524161
183 0.524943
184 0.524885
185 0.524942
186 0.524920
187 0.524932
188 0.524926
189 0.524929
190 0.524928
191 0.524929
192 0.524928
193 0.524928
194 0.524928
195 0.524928
196 0.508714
197 0.513236
198 0.513606
199 0.513790
200 0.513759
201 0.513788
202 0.513782
203 0.513786
204 0.513784
205 0.513785
206 0.513785
207 0.513785
208 0.513785
209 0.513785
210 0.513785
211 0.509471
212 0.510946
213 0.511441
214 0.511468
215 0.511491
216 0.511487
217 0.511493
218 0.511490
219 0.511492
220 0.511491
221 0.511492
222 0.511491
223 0.511492
224 0.511491
225 0.511492
226 0.499504
227 0.503342
228 0.503722
229 0.503840
230 0.503832
231 0.503847
232 0.503846
233 0.503848
234 0.503847
235 0.503848
236 0.503848
237 0.503848
238 0.503848
239 0.503848
240 0.503848
241 0.501488
242 0.502565
243 0.502964
244 0.502998
245 0.503022
246 0.503019
247 0.503023
248 0.503021
249 0.503022
250 0.503022
251 0.503022
252 0.503022
253 0.503022
254 0.503022
255 0.503022
256 0.491851
257 0.496184
258 0.496300
259 0.496498
260 0.496462
261 0.496494
262 0.496484
263 0.496490
264 0.496488
265 0.496489
266 0.496488
267 0.496489
268 0.496488
269 0.496489
270 0.496489
271 0.494555
272 0.495748
273 0.496128
274 0.496132
275 0.496157
276 0.496153
277 0.496157
278 0.496155
279 0.496156
280 0.496156
281 0.496156
282 0.496156
283 0.496156
284 0.496156
285 0.496156
286 0.486742
287 0.489996
288 0.490382
289 0.490436
290 0.490441
291 0.490448
292 0.490448
293 0.490449
294 0.490449
295 0.490449
296 0.490449
297 0.490449
298 0.490449
299 0.490449
300 0.490449
