1 0.931283
2 0.506243
3 0.509610
4 0.530726
5 0.531233
6 0.530688
7 0.530757
8 0.530773
9 0.530768
10 0.530769
11 0.530770
12 0.530769
13 0.530769
14 0.530769
15 0.530769
16 0.457075
17 0.446990
18 0.446727
19 0.441018
20 0.443552
21 0.440590
22 0.442372
23 0.440570
24 0.441812
25 0.440614
26 0.441505
27 0.440657
28 0.441320
29 0.440688
30 0.441201
31 0.504022
32 0.507262
33 0.505840
34 0.504516
35 0.505074
36 0.504799
37 0.504981
38 0.504877
39 0.504937
40 0.504902
41 0.504922
42 0.504911
43 0.504917
44 0.504914
45 0.504916
46 0.497004
47 0.506861
48 0.509016
49 0.509315
50 0.509125
51 0.509220
52 0.509158
53 0.509201
54 0.509173
55 0.509191
56 0.509179
57 0.509187
58 0.509182
59 0.509185
60 0.509183
61 0.521480
62 0.524866
63 0.524914
64 0.524841
65 0.524875
66 0.524868
67 0.524872
68 0.524870
69 0.524871
70 0.524871
71 0.524871
72 0.524871
73 0.524871
74 0.524871
75 0.524871
76 0.479700
77 0.484193
78 0.486847
79 0.486980
80 0.487032
81 0.487036
82 0.487049
83 0.487048
84 0.487049
85 0.487049
86 0.487049
87 0.487049
88 0.487049
89 0.487049
90 0.487049
91 0.466547
92 0.468447
93 0.469017
94 0.468936
95 0.469028
96 0.469036
97 0.469046
98 0.469046
99 0.469047
100 0.469046
101 0.469046
102 0.469046
103 0.469046
104 0.469046
105 0.469046
106 0.448509
107 0.454586
108 0.455929
109 0.456027
110 0.456096
111 0.456102
112 0.456113
113 0.456113
114 0.456115
115 0.456114
116 0.456115
117 0.456115
118 0.456115
119 0.456115
120 0.456115
121 0.449974
122 0.453964
123 0.454298
124 0.454443
125 0.454349
126 0.454356
127 0.454343
128 0.454348
129 0.454345
130 0.454347
131 0.454346
132 0.454346
133 0.454346
134 0.454346
135 0.454346
136 0.432279
137 0.438924
138 0.440035
139 0.440046
140 0.440078
141 0.440096
142 0.440096
143 0.440099
144 0.440098
145 0.440099
146 0.440099
147 0.440099
148 0.440099
149 0.440099
150 0.440099
151 0.434461
152 0.438265
153 0.439324
154 0.439391
155 0.439402
156 0.439401
157 0.439405
158 0.439405
159 0.439405
160 0.439405
161 0.439405
162 0.439405
163 0.439405
164 0.439405
165 0.439405
166 0.423130
167 0.428728
168 0.429271
169 0.429364
170 0.429339
171 0.429361
172 0.429357
173 0.429362
174 0.429361
175 0.429362
176 0.429361
177 0.429362
178 0.429361
179 0.429361
180 0.429361
181 0.422931
182 0.427098
183 0.427468
184 0.427607
185 0.427561
186 0.427585
187 0.427573
188 0.427579
189 0.427576
190 0.427578
191 0.427577
192 0.427577
193 0.427577
194 0.427577
195 0.427577
196 0.411893
197 0.416022
198 0.416460
199 0.416514
200 0.416478
201 0.416479
202 0.416475
203 0.416476
204 0.416476
205 0.416476
206 0.416476
207 0.416476
208 0.416476
209 0.416476
210 0.416476
211 0.411718
212 0.415917
213 0.416444
214 0.416465
215 0.416428
216 0.416442
217 0.416438
218 0.416441
219 0.416440
220 0.416440
221 0.416440
222 0.416440
223 0.416440
224 0.416440
225 0.416440
226 0.404346
227 0.409855
228 0.410422
229 0.410488
230 0.410481
231 0.410490
232 0.410491
233 0.410492
234 0.410492
235 0.410492
236 0.410492
237 0.410492
238 0.410492
239 0.410492
240 0.410492
241 0.404519
242 0.407845
243 0.408498
244 0.408524
245 0.408514
246 0.408520
247 0.408516
248 0.408517
249 0.408516
250 0.408517
251 0.408517
252 0.408517
253 0.408517
254 0.408517
255 0.408517
256 0.397566
257 0.402962
258 0.403424
259 0.403557
260 0.403531
261 0.403545
262 0.403541
263 0.403544
264 0.403543
265 0.403544
266 0.403544
267 0.403544
268 0.403544
269 0.403544
270 0.403544
271 0.399826
272 0.402650
273 0.403282
274 0.403313
275 0.403321
276 0.403331
277 0.403330
278 0.403331
279 0.403331
280 0.403331
281 0.403331
282 0.403331
283 0.403331
284 0.403331
285 0.403331
286 0.393711
287 0.399721
288 0.400387
289 0.400530
290 0.400523
291 0.400538
292 0.400539
293 0.400541
294 0.400541
295 0.400542
296 0.400542
297 0.400542
298 0.400542
299 0.400542
300 0.400542
