1 0.945769
2 0.450955
3 0.433302
4 0.465871
5 0.468136
6 0.466874
7 0.467042
8 0.467112
9 0.467085
10 0.467084
11 0.467087
12 0.467087
13 0.467086
14 0.467086
15 0.467086
16 0.396200
17 0.383582
18 0.383462
19 0.377281
20 0.379531
21 0.377243
22 0.378491
23 0.377382
24 0.378077
25 0.377503
26 0.377898
27 0.377581
28 0.377810
29 0.377627
30 0.377764
31 0.433905
32 0.448134
33 0.442928
34 0.441784
35 0.441908
36 0.441961
37 0.441953
38 0.441950
39 0.441951
40 0.441951
41 0.441951
42 0.441951
43 0.441951
44 0.441951
45 0.441951
46 0.433210
47 0.442974
48 0.447658
49 0.447898
50 0.447840
51 0.447825
52 0.447857
53 0.447858
54 0.447859
55 0.447859
56 0.447859
57 0.447859
58 0.447859
59 0.447859
60 0.447859
61 0.433244
62 0.440098
63 0.441883
64 0.441928
65 0.441854
66 0.441850
67 0.441850
68 0.441850
69 0.441850
70 0.441850
71 0.441850
72 0.441850
73 0.441850
74 0.441850
75 0.441850
76 0.395178
77 0.400319
78 0.403134
79 0.402985
80 0.402927
81 0.402947
82 0.402945
83 0.402941
84 0.402940
85 0.402940
86 0.402940
87 0.402940
88 0.402940
89 0.402940
90 0.402940
91 0.397148
92 0.405225
93 0.406086
94 0.405974
95 0.405902
96 0.405922
97 0.405930
98 0.405929
99 0.405929
100 0.405930
101 0.405930
102 0.405930
103 0.405930
104 0.405930
105 0.405930
106 0.377619
107 0.383989
108 0.386093
109 0.386131
110 0.386152
111 0.386167
112 0.386168
113 0.386169
114 0.386169
115 0.386170
116 0.386170
117 0.386170
118 0.386170
119 0.386170
120 0.386170
121 0.382876
122 0.390276
123 0.391398
124 0.391145
125 0.391012
126 0.391015
127 0.391008
128 0.391006
129 0.391007
130 0.391007
131 0.391007
132 0.391007
133 0.391007
134 0.391007
135 0.391007
136 0.368549
137 0.377834
138 0.380068
139 0.379948
140 0.379971
141 0.380002
142 0.380001
143 0.380004
144 0.380006
145 0.380006
146 0.380006
147 0.380006
148 0.380006
149 0.380006
150 0.380006
151 0.372263
152 0.377140
153 0.378140
154 0.378079
155 0.378003
156 0.378016
157 0.378023
158 0.378024
159 0.378024
160 0.378024
161 0.378024
162 0.378024
163 0.378024
164 0.378024
165 0.378024
166 0.361466
167 0.369760
168 0.371245
169 0.371122
170 0.371112
171 0.371126
172 0.371135
173 0.371138
174 0.371138
175 0.371138
176 0.371138
177 0.371138
178 0.371138
179 0.371138
180 0.371138
181 0.361999
182 0.369115
183 0.370522
184 0.370353
185 0.370323
186 0.370311
187 0.370305
188 0.370304
189 0.370304
190 0.370304
191 0.370304
192 0.370304
193 0.370304
194 0.370304
195 0.370304
196 0.355512
197 0.363817
198 0.365370
199 0.365414
200 0.365434
201 0.365446
202 0.365451
203 0.365453
204 0.365453
205 0.365454
206 0.365454
207 0.365454
208 0.365454
209 0.365454
210 0.365454
211 0.351487
212 0.357047
213 0.358459
214 0.358280
215 0.358220
216 0.358235
217 0.358236
218 0.358237
219 0.358237
220 0.358237
221 0.358237
222 0.358237
223 0.358237
224 0.358237
225 0.358237
226 0.343674
227 0.350796
228 0.352093
229 0.352052
230 0.352009
231 0.352012
232 0.352011
233 0.352012
234 0.352012
235 0.352012
236 0.352012
237 0.352012
238 0.352012
239 0.352012
240 0.352012
241 0.346694
242 0.352519
243 0.352964
244 0.352760
245 0.352740
246 0.352725
247 0.352725
248 0.352727
249 0.352727
250 0.352727
251 0.352727
252 0.352727
253 0.352727
254 0.352727
255 0.352727
256 0.338908
257 0.345999
258 0.347469
259 0.347511
260 0.347518
261 0.347540
262 0.347545
263 0.347546
264 0.347547
265 0.347547
266 0.347547
267 0.347547
268 0.347547
269 0.347547
270 0.347547
271 0.340016
272 0.346099
273 0.346937
274 0.346861
275 0.346814
276 0.346798
277 0.346805
278 0.346806
279 0.346805
280 0.346806
281 0.346806
282 0.346806
283 0.346806
284 0.346806
285 0.346806
286 0.330811
287 0.338316
288 0.339518
289 0.339392
290 0.339413
291 0.339425
292 0.339423
293 0.339423
294 0.339423
295 0.339422
296 0.339422
297 0.339422
298 0.339422
299 0.339422
300 0.339422
