1 0.960093
2 0.495972
3 0.490208
4 0.516377
5 0.517681
6 0.516909
7 0.517009
8 0.517039
9 0.517028
10 0.517028
11 0.517029
12 0.517029
13 0.517029
14 0.517029
15 0.517029
16 0.439749
17 0.427678
18 0.428341
19 0.422208
20 0.425110
21 0.421756
22 0.423967
23 0.421841
24 0.423405
25 0.422008
26 0.423089
27 0.422151
28 0.422898
29 0.422257
30 0.422777
31 0.470475
32 0.477295
33 0.475225
34 0.474704
35 0.474777
36 0.474806
37 0.474804
38 0.474803
39 0.474802
40 0.474802
41 0.474802
42 0.474802
43 0.474802
44 0.474802
45 0.474802
46 0.457180
47 0.467114
48 0.470900
49 0.471198
50 0.471207
51 0.471227
52 0.471235
53 0.471240
54 0.471238
55 0.471240
56 0.471239
57 0.471240
58 0.471239
59 0.471240
60 0.471239
61 0.477584
62 0.483988
63 0.485030
64 0.484830
65 0.484887
66 0.484869
67 0.484873
68 0.484871
69 0.484872
70 0.484872
71 0.484872
72 0.484872
73 0.484872
74 0.484872
75 0.484872
76 0.437216
77 0.444205
78 0.446790
79 0.446795
80 0.446801
81 0.446781
82 0.446798
83 0.446794
84 0.446797
85 0.446796
86 0.446796
87 0.446796
88 0.446796
89 0.446796
90 0.446796
91 0.436943
92 0.440936
93 0.441566
94 0.441533
95 0.441533
96 0.441545
97 0.441545
98 0.441545
99 0.441545
100 0.441545
101 0.441545
102 0.441545
103 0.441545
104 0.441545
105 0.441545
106 0.418063
107 0.425070
108 0.426570
109 0.426565
110 0.426490
111 0.426488
112 0.426488
113 0.426486
114 0.426486
115 0.426486
116 0.426486
117 0.426486
118 0.426486
119 0.426486
120 0.426486
121 0.419104
122 0.423262
123 0.424002
124 0.424034
125 0.424032
126 0.424049
127 0.424054
128 0.424056
129 0.424056
130 0.424056
131 0.424056
132 0.424056
133 0.424056
134 0.424056
135 0.424056
136 0.402407
137 0.410861
138 0.412232
139 0.412306
140 0.412300
141 0.412302
142 0.412306
143 0.412306
144 0.412306
145 0.412306
146 0.412306
147 0.412306
148 0.412306
149 0.412306
150 0.412306
151 0.405939
152 0.410174
153 0.411317
154 0.411350
155 0.411390
156 0.411409
157 0.411415
158 0.411416
159 0.411416
160 0.411416
161 0.411416
162 0.411416
163 0.411416
164 0.411416
165 0.411416
166 0.390416
167 0.397830
168 0.399094
169 0.399045
170 0.399010
171 0.399006
172 0.399012
173 0.399012
174 0.399013
175 0.399013
176 0.399013
177 0.399013
178 0.399013
179 0.399013
180 0.399013
181 0.396962
182 0.400526
183 0.401293
184 0.401401
185 0.401407
186 0.401420
187 0.401420
188 0.401420
189 0.401420
190 0.401420
191 0.401420
192 0.401420
193 0.401420
194 0.401420
195 0.401420
196 0.388021
197 0.395442
198 0.396249
199 0.396173
200 0.396135
201 0.396145
202 0.396149
203 0.396149
204 0.396149
205 0.396149
206 0.396150
207 0.396150
208 0.396150
209 0.396150
210 0.396150
211 0.389809
212 0.393394
213 0.394343
214 0.394436
215 0.394446
216 0.394458
217 0.394459
218 0.394461
219 0.394461
220 0.394461
221 0.394461
222 0.394461
223 0.394461
224 0.394461
225 0.394461
226 0.382359
227 0.388805
228 0.389708
229 0.389672
230 0.389620
231 0.389628
232 0.389629
233 0.389629
234 0.389628
235 0.389629
236 0.389629
237 0.389629
238 0.389629
239 0.389629
240 0.389629
241 0.384189
242 0.388192
243 0.388989
244 0.389059
245 0.389081
246 0.389086
247 0.389089
248 0.389088
249 0.389089
250 0.389089
251 0.389089
252 0.389089
253 0.389089
254 0.389089
255 0.389089
256 0.378382
257 0.384355
258 0.385260
259 0.385229
260 0.385203
261 0.385212
262 0.385216
263 0.385216
264 0.385216
265 0.385216
266 0.385216
267 0.385216
268 0.385216
269 0.385216
270 0.385216
271 0.379003
272 0.383811
273 0.384659
274 0.384697
275 0.384715
276 0.384728
277 0.384734
278 0.384734
279 0.384734
280 0.384734
281 0.384734
282 0.384734
283 0.384734
284 0.384734
285 0.384734
286 0.375196
287 0.380689
288 0.381412
289 0.381481
290 0.381432
291 0.381447
292 0.381450
293 0.381450
294 0.381450
295 0.381451
296 0.381451
297 0.381451
298 0.381451
299 0.381451
300 0.381451
