1 0.928905
2 0.456611
3 0.444393
4 0.472482
5 0.474077
6 0.473242
7 0.473408
8 0.473450
9 0.473433
10 0.473435
11 0.473436
12 0.473435
13 0.473435
14 0.473435
15 0.473435
16 0.391571
17 0.387458
18 0.383506
19 0.379685
20 0.380398
21 0.378561
22 0.379415
23 0.378148
24 0.378930
25 0.378006
26 0.378648
27 0.377962
28 0.378472
29 0.377954
30 0.378355
31 0.429987
32 0.438099
33 0.436509
34 0.434408
35 0.435502
36 0.434585
37 0.435304
38 0.434682
39 0.435172
40 0.434752
41 0.435088
42 0.434801
43 0.435034
44 0.434836
45 0.434999
46 0.424652
47 0.435976
48 0.439215
49 0.439358
50 0.439321
51 0.439287
52 0.439308
53 0.439298
54 0.439306
55 0.439301
56 0.439305
57 0.439302
58 0.439304
59 0.439303
60 0.439303
61 0.429285
62 0.433971
63 0.435039
64 0.434815
65 0.434860
66 0.434831
67 0.434852
68 0.434838
69 0.434845
70 0.434841
71 0.434844
72 0.434842
73 0.434843
74 0.434842
75 0.434843
76 0.389533
77 0.397036
78 0.399321
79 0.399421
80 0.399414
81 0.399447
82 0.399454
83 0.399458
84 0.399457
85 0.399458
86 0.399458
87 0.399458
88 0.399458
89 0.399458
90 0.399458
91 0.383114
92 0.388484
93 0.389367
94 0.389218
95 0.389191
96 0.389198
97 0.389198
98 0.389198
99 0.389198
100 0.389198
101 0.389198
102 0.389198
103 0.389198
104 0.389198
105 0.389198
106 0.366731
107 0.373691
108 0.375228
109 0.375256
110 0.375278
111 0.375291
112 0.375296
113 0.375296
114 0.375297
115 0.375297
116 0.375297
117 0.375297
118 0.375297
119 0.375297
120 0.375297
121 0.363480
122 0.369120
123 0.369930
124 0.369897
125 0.369874
126 0.369891
127 0.369897
128 0.369899
129 0.369899
130 0.369900
131 0.369900
132 0.369900
133 0.369900
134 0.369900
135 0.369900
136 0.353238
137 0.359668
138 0.360917
139 0.361021
140 0.360980
141 0.361011
142 0.361000
143 0.361007
144 0.361004
145 0.361006
146 0.361005
147 0.361006
148 0.361005
149 0.361005
150 0.361005
151 0.353870
152 0.359302
153 0.359988
154 0.359853
155 0.359820
156 0.359836
157 0.359840
158 0.359843
159 0.359843
160 0.359843
161 0.359843
162 0.359843
163 0.359843
164 0.359843
165 0.359843
166 0.341796
167 0.349102
168 0.350218
169 0.350301
170 0.350258
171 0.350285
172 0.350277
173 0.350282
174 0.350280
175 0.350282
176 0.350281
177 0.350281
178 0.350281
179 0.350281
180 0.350281
181 0.343698
182 0.348862
183 0.349224
184 0.349188
185 0.349162
186 0.349174
187 0.349174
188 0.349176
189 0.349176
190 0.349176
191 0.349176
192 0.349176
193 0.349176
194 0.349176
195 0.349176
196 0.336692
197 0.343681
198 0.345053
199 0.345104
200 0.345083
201 0.345101
202 0.345099
203 0.345101
204 0.345100
205 0.345100
206 0.345100
207 0.345100
208 0.345100
209 0.345100
210 0.345100
211 0.335050
212 0.340985
213 0.341582
214 0.341553
215 0.341501
216 0.341518
217 0.341512
218 0.341518
219 0.341516
220 0.341517
221 0.341516
222 0.341517
223 0.341516
224 0.341516
225 0.341516
226 0.328885
227 0.335089
228 0.336050
229 0.336071
230 0.336052
231 0.336072
232 0.336073
233 0.336074
234 0.336074
235 0.336074
236 0.336074
237 0.336074
238 0.336074
239 0.336074
240 0.336074
241 0.330151
242 0.335736
243 0.336072
244 0.335994
245 0.335982
246 0.335986
247 0.335990
248 0.335991
249 0.335991
250 0.335991
251 0.335991
252 0.335992
253 0.335992
254 0.335992
255 0.335992
256 0.325208
257 0.331179
258 0.332244
259 0.332270
260 0.332270
261 0.332276
262 0.332278
263 0.332278
264 0.332278
265 0.332278
266 0.332278
267 0.332279
268 0.332278
269 0.332279
270 0.332278
271 0.323956
272 0.330379
273 0.330982
274 0.331117
275 0.331106
276 0.331137
277 0.331132
278 0.331141
279 0.331138
280 0.331140
281 0.331139
282 0.331140
283 0.331139
284 0.331140
285 0.331139
286 0.320156
287 0.325793
288 0.326548
289 0.326616
290 0.326588
291 0.326606
292 0.326599
293 0.326604
294 0.326601
295 0.326603
296 0.326602
297 0.326602
298 0.326602
299 0.326602
300 0.326602
