1 0.934865
2 0.467249
3 0.453757
4 0.480889
5 0.482309
6 0.481565
7 0.481763
8 0.481803
9 0.481788
10 0.481789
11 0.481790
12 0.481790
13 0.481790
14 0.481790
15 0.481790
16 0.393296
17 0.392875
18 0.387148
19 0.383934
20 0.384278
21 0.382588
22 0.383295
23 0.382083
24 0.382795
25 0.381895
26 0.382498
27 0.381826
28 0.382310
29 0.381805
30 0.382185
31 0.428150
32 0.437425
33 0.435602
34 0.434234
35 0.434933
36 0.434317
37 0.434791
38 0.434360
39 0.434702
40 0.434399
41 0.434644
42 0.434430
43 0.434606
44 0.434453
45 0.434580
46 0.427934
47 0.439491
48 0.442929
49 0.443122
50 0.443115
51 0.443076
52 0.443094
53 0.443087
54 0.443091
55 0.443089
56 0.443090
57 0.443090
58 0.443090
59 0.443090
60 0.443090
61 0.431856
62 0.437232
63 0.437821
64 0.437786
65 0.437765
66 0.437781
67 0.437784
68 0.437786
69 0.437786
70 0.437786
71 0.437786
72 0.437786
73 0.437786
74 0.437786
75 0.437786
76 0.395475
77 0.401738
78 0.403843
79 0.403855
80 0.403943
81 0.403947
82 0.403970
83 0.403967
84 0.403970
85 0.403969
86 0.403970
87 0.403969
88 0.403970
89 0.403969
90 0.403970
91 0.385680
92 0.390903
93 0.391537
94 0.391448
95 0.391443
96 0.391441
97 0.391439
98 0.391438
99 0.391439
100 0.391439
101 0.391439
102 0.391439
103 0.391439
104 0.391439
105 0.391439
106 0.370341
107 0.377478
108 0.379172
109 0.379233
110 0.379261
111 0.379270
112 0.379276
113 0.379276
114 0.379277
115 0.379277
116 0.379277
117 0.379277
118 0.379277
119 0.379277
120 0.379277
121 0.366031
122 0.372186
123 0.373214
124 0.373140
125 0.373122
126 0.373127
127 0.373136
128 0.373138
129 0.373139
130 0.373139
131 0.373139
132 0.373139
133 0.373139
134 0.373139
135 0.373139
136 0.357407
137 0.363287
138 0.364432
139 0.364364
140 0.364349
141 0.364349
142 0.364346
143 0.364345
144 0.364346
145 0.364346
146 0.364346
147 0.364346
148 0.364346
149 0.364346
150 0.364346
151 0.355921
152 0.361275
153 0.361777
154 0.361642
155 0.361560
156 0.361587
157 0.361583
158 0.361590
159 0.361587
160 0.361589
161 0.361588
162 0.361589
163 0.361588
164 0.361588
165 0.361588
166 0.343967
167 0.351065
168 0.352276
169 0.352462
170 0.352462
171 0.352474
172 0.352476
173 0.352475
174 0.352476
175 0.352476
176 0.352476
177 0.352476
178 0.352476
179 0.352476
180 0.352476
181 0.343328
182 0.348355
183 0.348699
184 0.348606
185 0.348569
186 0.348572
187 0.348573
188 0.348574
189 0.348573
190 0.348574
191 0.348574
192 0.348574
193 0.348574
194 0.348574
195 0.348574
196 0.338740
197 0.346401
198 0.347815
199 0.347922
200 0.347924
201 0.347937
202 0.347938
203 0.347937
204 0.347937
205 0.347937
206 0.347937
207 0.347937
208 0.347937
209 0.347937
210 0.347937
211 0.333611
212 0.339078
213 0.339758
214 0.339758
215 0.339737
216 0.339741
217 0.339742
218 0.339745
219 0.339744
220 0.339744
221 0.339744
222 0.339744
223 0.339744
224 0.339744
225 0.339744
226 0.331606
227 0.338492
228 0.339495
229 0.339498
230 0.339477
231 0.339484
232 0.339488
233 0.339486
234 0.339487
235 0.339486
236 0.339486
237 0.339486
238 0.339486
239 0.339486
240 0.339486
241 0.330576
242 0.336384
243 0.336797
244 0.336780
245 0.336755
246 0.336750
247 0.336755
248 0.336757
249 0.336757
250 0.336757
251 0.336757
252 0.336757
253 0.336757
254 0.336757
255 0.336757
256 0.328204
257 0.333917
258 0.334964
259 0.334998
260 0.335029
261 0.335016
262 0.335024
263 0.335021
264 0.335024
265 0.335022
266 0.335023
267 0.335023
268 0.335023
269 0.335023
270 0.335023
271 0.324520
272 0.331578
273 0.332127
274 0.332145
275 0.332162
276 0.332170
277 0.332174
278 0.332177
279 0.332176
280 0.332177
281 0.332176
282 0.332177
283 0.332177
284 0.332177
285 0.332177
286 0.324338
287 0.330021
288 0.330806
289 0.330814
290 0.330842
291 0.330838
292 0.330847
293 0.330843
294 0.330846
295 0.330844
296 0.330845
297 0.330845
298 0.330845
299 0.330845
300 0.330845
