1 0.950845
2 0.516034
3 0.519149
4 0.540937
5 0.541583
6 0.541033
7 0.541093
8 0.541105
9 0.541101
10 0.541102
11 0.541102
12 0.541102
13 0.541102
14 0.541102
15 0.541102
16 0.462616
17 0.454167
18 0.453761
19 0.447703
20 0.450690
21 0.447119
22 0.449504
23 0.447151
24 0.448894
25 0.447269
26 0.448539
27 0.447375
28 0.448315
29 0.447456
30 0.448166
31 0.508190
32 0.511479
33 0.509950
34 0.508912
35 0.509323
36 0.509149
37 0.509274
38 0.509201
39 0.509245
40 0.509219
41 0.509235
42 0.509225
43 0.509231
44 0.509227
45 0.509229
46 0.502472
47 0.512142
48 0.514680
49 0.514874
50 0.514874
51 0.514849
52 0.514872
53 0.514861
54 0.514869
55 0.514863
56 0.514867
57 0.514865
58 0.514866
59 0.514865
60 0.514866
61 0.528130
62 0.531936
63 0.532111
64 0.532055
65 0.532106
66 0.532090
67 0.532095
68 0.532093
69 0.532094
70 0.532093
71 0.532094
72 0.532094
73 0.532094
74 0.532094
75 0.532094
76 0.482744
77 0.487906
78 0.490231
79 0.490308
80 0.490352
81 0.490350
82 0.490365
83 0.490363
84 0.490365
85 0.490364
86 0.490364
87 0.490364
88 0.490364
89 0.490364
90 0.490364
91 0.473913
92 0.476710
93 0.477353
94 0.477302
95 0.477337
96 0.477344
97 0.477351
98 0.477351
99 0.477352
100 0.477352
101 0.477352
102 0.477352
103 0.477352
104 0.477352
105 0.477352
106 0.455100
107 0.461301
108 0.462791
109 0.462876
110 0.462936
111 0.462939
112 0.462952
113 0.462951
114 0.462952
115 0.462952
116 0.462952
117 0.462952
118 0.462952
119 0.462952
120 0.462952
121 0.457115
122 0.460718
123 0.461139
124 0.461134
125 0.461120
126 0.461113
127 0.461114
128 0.461113
129 0.461114
130 0.461114
131 0.461114
132 0.461114
133 0.461114
134 0.461114
135 0.461114
136 0.438884
137 0.444754
138 0.445816
139 0.445800
140 0.445827
141 0.445831
142 0.445838
143 0.445837
144 0.445838
145 0.445838
146 0.445838
147 0.445838
148 0.445838
149 0.445838
150 0.445838
151 0.437641
152 0.442162
153 0.443255
154 0.443319
155 0.443327
156 0.443329
157 0.443332
158 0.443332
159 0.443332
160 0.443332
161 0.443332
162 0.443332
163 0.443332
164 0.443332
165 0.443332
166 0.428830
167 0.434198
168 0.434943
169 0.434991
170 0.434979
171 0.434998
172 0.435001
173 0.435003
174 0.435002
175 0.435003
176 0.435003
177 0.435003
178 0.435003
179 0.435003
180 0.435003
181 0.429677
182 0.434196
183 0.434798
184 0.434902
185 0.434880
186 0.434893
187 0.434890
188 0.434893
189 0.434892
190 0.434892
191 0.434892
192 0.434892
193 0.434892
194 0.434892
195 0.434892
196 0.419415
197 0.423905
198 0.424438
199 0.424402
200 0.424377
201 0.424378
202 0.424379
203 0.424379
204 0.424379
205 0.424379
206 0.424379
207 0.424379
208 0.424379
209 0.424379
210 0.424379
211 0.419695
212 0.424351
213 0.425057
214 0.425105
215 0.425084
216 0.425089
217 0.425090
218 0.425091
219 0.425091
220 0.425091
221 0.425091
222 0.425091
223 0.425091
224 0.425091
225 0.425091
226 0.411564
227 0.416390
228 0.416897
229 0.416870
230 0.416864
231 0.416868
232 0.416871
233 0.416871
234 0.416872
235 0.416872
236 0.416872
237 0.416872
238 0.416872
239 0.416872
240 0.416872
241 0.411459
242 0.416138
243 0.416836
244 0.416886
245 0.416873
246 0.416882
247 0.416881
248 0.416881
249 0.416881
250 0.416881
251 0.416881
252 0.416882
253 0.416881
254 0.416882
255 0.416881
256 0.405652
257 0.410446
258 0.410843
259 0.410870
260 0.410847
261 0.410859
262 0.410859
263 0.410861
264 0.410860
265 0.410861
266 0.410861
267 0.410861
268 0.410861
269 0.410861
270 0.410861
271 0.407808
272 0.411915
273 0.412577
274 0.412671
275 0.412675
276 0.412684
277 0.412684
278 0.412685
279 0.412685
280 0.412685
281 0.412685
282 0.412685
283 0.412685
284 0.412685
285 0.412685
286 0.401425
287 0.406570
288 0.406986
289 0.407004
290 0.406990
291 0.407002
292 0.407003
293 0.407004
294 0.407004
295 0.407005
296 0.407005
297 0.407005
298 0.407005
299 0.407005
300 0.407005
