1 0.964988
2 0.638317
3 0.651356
4 0.660847
5 0.660855
6 0.660713
7 0.660725
8 0.660727
9 0.660727
10 0.660727
11 0.660727
12 0.660727
13 0.660727
14 0.660727
15 0.660727
16 0.562659
17 0.570277
18 0.562519
19 0.564363
20 0.562541
21 0.563196
22 0.562537
23 0.562805
24 0.562551
25 0.562647
26 0.562562
27 0.562580
28 0.562566
29 0.562551
30 0.562566
31 0.605172
32 0.595630
33 0.597887
34 0.596423
35 0.597224
36 0.596729
37 0.597049
38 0.596828
39 0.596980
40 0.596869
41 0.596949
42 0.596890
43 0.596934
44 0.596900
45 0.596926
46 0.606941
47 0.611263
48 0.611261
49 0.611478
50 0.611394
51 0.611471
52 0.611419
53 0.611457
54 0.611428
55 0.611449
56 0.611433
57 0.611445
58 0.611436
59 0.611442
60 0.611438
61 0.643007
62 0.642691
63 0.643857
64 0.643404
65 0.643695
66 0.643543
67 0.643636
68 0.643579
69 0.643615
70 0.643592
71 0.643607
72 0.643597
73 0.643604
74 0.643600
75 0.643602
76 0.622761
77 0.627036
78 0.627262
79 0.627674
80 0.627527
81 0.627617
82 0.627566
83 0.627597
84 0.627579
85 0.627590
86 0.627583
87 0.627587
88 0.627585
89 0.627586
90 0.627585
91 0.620284
92 0.619129
93 0.619946
94 0.619739
95 0.619883
96 0.619807
97 0.619851
98 0.619825
99 0.619840
100 0.619831
101 0.619837
102 0.619833
103 0.619835
104 0.619834
105 0.619835
106 0.608583
107 0.610793
108 0.611021
109 0.611103
110 0.611099
111 0.611104
112 0.611103
113 0.611104
114 0.611104
115 0.611104
116 0.611104
117 0.611104
118 0.611104
119 0.611104
120 0.611104
121 0.612899
122 0.613703
123 0.613976
124 0.613924
125 0.613951
126 0.613947
127 0.613948
128 0.613949
129 0.613948
130 0.613949
131 0.613948
132 0.613949
133 0.613948
134 0.613949
135 0.613949
136 0.605988
137 0.608155
138 0.608865
139 0.608963
140 0.609011
141 0.608990
142 0.609009
143 0.608995
144 0.609005
145 0.608998
146 0.609003
147 0.609000
148 0.609002
149 0.609001
150 0.609002
151 0.609453
152 0.610210
153 0.610739
154 0.610722
155 0.610757
156 0.610748
157 0.610754
158 0.610752
159 0.610753
160 0.610752
161 0.610752
162 0.610752
163 0.610752
164 0.610752
165 0.610752
166 0.600181
167 0.602773
168 0.603189
169 0.603382
170 0.603363
171 0.603394
172 0.603380
173 0.603390
174 0.603384
175 0.603388
176 0.603386
177 0.603387
178 0.603386
179 0.603387
180 0.603386
181 0.601362
182 0.602313
183 0.602855
184 0.602840
185 0.602880
186 0.602865
187 0.602875
188 0.602869
189 0.602873
190 0.602871
191 0.602872
192 0.602871
193 0.602872
194 0.602871
195 0.602871
196 0.595284
197 0.597130
198 0.597678
199 0.597755
200 0.597792
201 0.597780
202 0.597789
203 0.597784
204 0.597787
205 0.597786
206 0.597787
207 0.597786
208 0.597786
209 0.597786
210 0.597786
211 0.596689
212 0.597497
213 0.598010
214 0.597972
215 0.598031
216 0.598007
217 0.598022
218 0.598013
219 0.598019
220 0.598015
221 0.598017
222 0.598016
223 0.598017
224 0.598016
225 0.598017
226 0.587012
227 0.589575
228 0.590092
229 0.590228
230 0.590221
231 0.590229
232 0.590227
233 0.590228
234 0.590228
235 0.590228
236 0.590228
237 0.590228
238 0.590228
239 0.590228
240 0.590228
241 0.589999
242 0.590770
243 0.591147
244 0.591123
245 0.591176
246 0.591156
247 0.591169
248 0.591162
249 0.591166
250 0.591164
251 0.591165
252 0.591164
253 0.591165
254 0.591165
255 0.591165
256 0.587524
257 0.589383
258 0.590018
259 0.590093
260 0.590099
261 0.590107
262 0.590102
263 0.590107
264 0.590103
265 0.590106
266 0.590104
267 0.590105
268 0.590104
269 0.590105
270 0.590105
271 0.590452
272 0.591804
273 0.592257
274 0.592202
275 0.592261
276 0.592235
277 0.592252
278 0.592242
279 0.592248
280 0.592244
281 0.592247
282 0.592245
283 0.592246
284 0.592246
285 0.592246
286 0.582180
287 0.583706
288 0.583922
289 0.584002
290 0.583999
291 0.583999
292 0.584001
293 0.583999
294 0.584001
295 0.583999
296 0.584001
297 0.584000
298 0.584000
299 0.584000
300 0.584000
