1 0.952095
2 0.584590
3 0.597926
4 0.611246
5 0.611213
6 0.610989
7 0.611020
8 0.611023
9 0.611021
10 0.611022
11 0.611022
12 0.611022
13 0.611022
14 0.611022
15 0.611022
16 0.521133
17 0.523105
18 0.516919
19 0.515583
20 0.515611
21 0.514382
22 0.515076
23 0.514160
24 0.514803
25 0.514157
26 0.514646
27 0.514196
28 0.514551
29 0.514238
30 0.514491
31 0.562624
32 0.553833
33 0.555015
34 0.553463
35 0.554274
36 0.553737
37 0.554101
38 0.553829
39 0.554024
40 0.553874
41 0.553987
42 0.553898
43 0.553966
44 0.553912
45 0.553954
46 0.563731
47 0.572061
48 0.573081
49 0.573325
50 0.573301
51 0.573354
52 0.573326
53 0.573349
54 0.573332
55 0.573344
56 0.573335
57 0.573341
58 0.573337
59 0.573340
60 0.573338
61 0.615104
62 0.617293
63 0.618117
64 0.617862
65 0.618107
66 0.618026
67 0.618075
68 0.618050
69 0.618064
70 0.618057
71 0.618061
72 0.618059
73 0.618060
74 0.618059
75 0.618060
76 0.577903
77 0.582388
78 0.583638
79 0.583919
80 0.583939
81 0.583941
82 0.583946
83 0.583945
84 0.583946
85 0.583945
86 0.583946
87 0.583945
88 0.583945
89 0.583945
90 0.583945
91 0.567380
92 0.567889
93 0.568863
94 0.568800
95 0.568910
96 0.568863
97 0.568890
98 0.568877
99 0.568884
100 0.568880
101 0.568882
102 0.568881
103 0.568882
104 0.568881
105 0.568882
106 0.542175
107 0.546191
108 0.546675
109 0.546875
110 0.546822
111 0.546852
112 0.546841
113 0.546847
114 0.546844
115 0.546846
116 0.546845
117 0.546846
118 0.546845
119 0.546845
120 0.546845
121 0.544884
122 0.545343
123 0.545983
124 0.545831
125 0.545948
126 0.545909
127 0.545933
128 0.545922
129 0.545928
130 0.545925
131 0.545926
132 0.545926
133 0.545926
134 0.545926
135 0.545926
136 0.533019
137 0.537745
138 0.538569
139 0.538808
140 0.538810
141 0.538832
142 0.538829
143 0.538833
144 0.538831
145 0.538832
146 0.538832
147 0.538832
148 0.538832
149 0.538832
150 0.538832
151 0.538829
152 0.540577
153 0.541282
154 0.541311
155 0.541388
156 0.541367
157 0.541381
158 0.541375
159 0.541378
160 0.541377
161 0.541378
162 0.541377
163 0.541377
164 0.541377
165 0.541377
166 0.523746
167 0.528213
168 0.528768
169 0.528968
170 0.528949
171 0.528972
172 0.528969
173 0.528971
174 0.528971
175 0.528971
176 0.528971
177 0.528971
178 0.528971
179 0.528971
180 0.528971
181 0.525629
182 0.527081
183 0.527749
184 0.527727
185 0.527785
186 0.527767
187 0.527778
188 0.527773
189 0.527776
190 0.527774
191 0.527775
192 0.527775
193 0.527775
194 0.527775
195 0.527775
196 0.511459
197 0.515561
198 0.516098
199 0.516230
200 0.516224
201 0.516236
202 0.516237
203 0.516237
204 0.516238
205 0.516237
206 0.516238
207 0.516238
208 0.516238
209 0.516238
210 0.516238
211 0.512597
212 0.513887
213 0.514353
214 0.514319
215 0.514358
216 0.514342
217 0.514353
218 0.514348
219 0.514350
220 0.514349
221 0.514350
222 0.514349
223 0.514350
224 0.514350
225 0.514350
226 0.503168
227 0.506733
228 0.507226
229 0.507361
230 0.507366
231 0.507379
232 0.507380
233 0.507381
234 0.507381
235 0.507381
236 0.507381
237 0.507381
238 0.507381
239 0.507381
240 0.507381
241 0.507579
242 0.508779
243 0.509209
244 0.509240
245 0.509267
246 0.509262
247 0.509267
248 0.509266
249 0.509267
250 0.509266
251 0.509266
252 0.509266
253 0.509266
254 0.509266
255 0.509266
256 0.497811
257 0.501958
258 0.502190
259 0.502348
260 0.502321
261 0.502341
262 0.502337
263 0.502340
264 0.502339
265 0.502339
266 0.502339
267 0.502339
268 0.502339
269 0.502339
270 0.502339
271 0.500365
272 0.501441
273 0.501832
274 0.501822
275 0.501855
276 0.501846
277 0.501852
278 0.501850
279 0.501851
280 0.501851
281 0.501851
282 0.501851
283 0.501851
284 0.501851
285 0.501851
286 0.492330
287 0.495363
288 0.495731
289 0.495798
290 0.495795
291 0.495802
292 0.495802
293 0.495803
294 0.495803
295 0.495803
296 0.495803
297 0.495803
298 0.495803
299 0.495803
300 0.495803
