1 0.937724
2 0.451568
3 0.430209
4 0.461612
5 0.464860
6 0.463725
7 0.463765
8 0.463812
9 0.463793
10 0.463796
11 0.463799
12 0.463799
13 0.463799
14 0.463799
15 0.463799
16 0.395350
17 0.381845
18 0.381688
19 0.376750
20 0.378040
21 0.376347
22 0.377212
23 0.376329
24 0.376897
25 0.376396
26 0.376753
27 0.376455
28 0.376678
29 0.376496
30 0.376636
31 0.436915
32 0.452499
33 0.446353
34 0.444794
35 0.444926
36 0.444999
37 0.444998
38 0.444998
39 0.444999
40 0.444999
41 0.444999
42 0.445000
43 0.445000
44 0.445000
45 0.445000
46 0.443326
47 0.454497
48 0.459255
49 0.459768
50 0.459687
51 0.459712
52 0.459720
53 0.459722
54 0.459723
55 0.459723
56 0.459723
57 0.459723
58 0.459723
59 0.459723
60 0.459723
61 0.452782
62 0.457420
63 0.458611
64 0.458892
65 0.458832
66 0.458872
67 0.458885
68 0.458881
69 0.458880
70 0.458880
71 0.458880
72 0.458880
73 0.458880
74 0.458880
75 0.458880
76 0.410922
77 0.414891
78 0.418310
79 0.418172
80 0.418026
81 0.418051
82 0.418062
83 0.418064
84 0.418063
85 0.418063
86 0.418063
87 0.418063
88 0.418063
89 0.418063
90 0.418063
91 0.407603
92 0.412721
93 0.413744
94 0.413575
95 0.413487
96 0.413504
97 0.413510
98 0.413508
99 0.413507
100 0.413507
101 0.413507
102 0.413507
103 0.413507
104 0.413507
105 0.413507
106 0.391771
107 0.400589
108 0.402769
109 0.402607
110 0.402516
111 0.402524
112 0.402530
113 0.402531
114 0.402531
115 0.402531
116 0.402531
117 0.402531
118 0.402531
119 0.402531
120 0.402531
121 0.393628
122 0.399856
123 0.399897
124 0.399609
125 0.399596
126 0.399602
127 0.399608
128 0.399609
129 0.399609
130 0.399609
131 0.399609
132 0.399609
133 0.399609
134 0.399609
135 0.399609
136 0.379125
137 0.386958
138 0.389500
139 0.389575
140 0.389538
141 0.389547
142 0.389555
143 0.389555
144 0.389554
145 0.389554
146 0.389554
147 0.389554
148 0.389554
149 0.389554
150 0.389554
151 0.378982
152 0.384396
153 0.385200
154 0.384947
155 0.384947
156 0.384978
157 0.384982
158 0.384983
159 0.384983
160 0.384983
161 0.384983
162 0.384983
163 0.384983
164 0.384983
165 0.384983
166 0.366255
167 0.373080
168 0.374920
169 0.375013
170 0.374976
171 0.374996
172 0.375005
173 0.375007
174 0.375008
175 0.375008
176 0.375008
177 0.375008
178 0.375008
179 0.375008
180 0.375008
181 0.363879
182 0.369828
183 0.370499
184 0.370211
185 0.370115
186 0.370104
187 0.370104
188 0.370107
189 0.370107
190 0.370107
191 0.370107
192 0.370107
193 0.370107
194 0.370107
195 0.370107
196 0.355099
197 0.362392
198 0.364276
199 0.364373
200 0.364365
201 0.364373
202 0.364373
203 0.364372
204 0.364373
205 0.364373
206 0.364373
207 0.364373
208 0.364373
209 0.364373
210 0.364373
211 0.349738
212 0.356170
213 0.357317
214 0.357184
215 0.357157
216 0.357153
217 0.357158
218 0.357159
219 0.357160
220 0.357160
221 0.357160
222 0.357160
223 0.357160
224 0.357160
225 0.357160
226 0.343873
227 0.350014
228 0.351582
229 0.351525
230 0.351511
231 0.351522
232 0.351524
233 0.351524
234 0.351524
235 0.351524
236 0.351524
237 0.351524
238 0.351524
239 0.351524
240 0.351524
241 0.348991
242 0.353802
243 0.354245
244 0.354212
245 0.354238
246 0.354246
247 0.354246
248 0.354245
249 0.354245
250 0.354245
251 0.354245
252 0.354245
253 0.354245
254 0.354245
255 0.354245
256 0.339873
257 0.347289
258 0.348958
259 0.348833
260 0.348790
261 0.348798
262 0.348800
263 0.348801
264 0.348802
265 0.348801
266 0.348801
267 0.348801
268 0.348801
269 0.348801
270 0.348801
271 0.344345
272 0.349160
273 0.349912
274 0.349793
275 0.349776
276 0.349782
277 0.349786
278 0.349786
279 0.349785
280 0.349785
281 0.349786
282 0.349786
283 0.349786
284 0.349786
285 0.349786
286 0.337378
287 0.343882
288 0.345412
289 0.345316
290 0.345311
291 0.345331
292 0.345334
293 0.345333
294 0.345332
295 0.345332
296 0.345332
297 0.345332
298 0.345332
299 0.345332
300 0.345332
