1 0.961546
2 0.552360
3 0.562937
4 0.580423
5 0.580353
6 0.580011
7 0.580085
8 0.580091
9 0.580087
10 0.580087
11 0.580087
12 0.580087
13 0.580087
14 0.580087
15 0.580087
16 0.503857
17 0.495894
18 0.494366
19 0.490790
20 0.491529
21 0.490221
22 0.490653
23 0.490086
24 0.490308
25 0.490052
26 0.490153
27 0.490043
28 0.490079
29 0.490038
30 0.490042
31 0.553609
32 0.551685
33 0.551111
34 0.549122
35 0.550106
36 0.549468
37 0.549907
38 0.549603
39 0.549810
40 0.549663
41 0.549766
42 0.549692
43 0.549745
44 0.549707
45 0.549734
46 0.557405
47 0.567561
48 0.570489
49 0.570456
50 0.570598
51 0.570511
52 0.570556
53 0.570527
54 0.570545
55 0.570532
56 0.570541
57 0.570535
58 0.570539
59 0.570536
60 0.570538
61 0.596701
62 0.598196
63 0.598823
64 0.598766
65 0.598854
66 0.598822
67 0.598831
68 0.598828
69 0.598829
70 0.598829
71 0.598829
72 0.598829
73 0.598829
74 0.598829
75 0.598829
76 0.540886
77 0.546126
78 0.547410
79 0.547680
80 0.547676
81 0.547683
82 0.547687
83 0.547686
84 0.547687
85 0.547686
86 0.547687
87 0.547686
88 0.547686
89 0.547686
90 0.547686
91 0.535361
92 0.535112
93 0.535572
94 0.535479
95 0.535485
96 0.535480
97 0.535483
98 0.535482
99 0.535482
100 0.535482
101 0.535482
102 0.535482
103 0.535482
104 0.535482
105 0.535482
106 0.505429
107 0.511481
108 0.512826
109 0.512856
110 0.512914
111 0.512905
112 0.512918
113 0.512913
114 0.512916
115 0.512915
116 0.512916
117 0.512915
118 0.512915
119 0.512915
120 0.512915
121 0.516535
122 0.518354
123 0.519089
124 0.519100
125 0.519112
126 0.519102
127 0.519111
128 0.519109
129 0.519110
130 0.519110
131 0.519110
132 0.519110
133 0.519110
134 0.519110
135 0.519110
136 0.492677
137 0.499257
138 0.500571
139 0.500713
140 0.500756
141 0.500769
142 0.500772
143 0.500772
144 0.500772
145 0.500772
146 0.500772
147 0.500772
148 0.500772
149 0.500772
150 0.500772
151 0.504853
152 0.507590
153 0.508053
154 0.508089
155 0.508076
156 0.508079
157 0.508078
158 0.508079
159 0.508079
160 0.508079
161 0.508079
162 0.508079
163 0.508079
164 0.508079
165 0.508079
166 0.482890
167 0.487967
168 0.488775
169 0.488909
170 0.488914
171 0.488933
172 0.488935
173 0.488936
174 0.488937
175 0.488936
176 0.488937
177 0.488937
178 0.488937
179 0.488937
180 0.488937
181 0.485853
182 0.487892
183 0.488589
184 0.488658
185 0.488654
186 0.488661
187 0.488662
188 0.488663
189 0.488663
190 0.488663
191 0.488663
192 0.488663
193 0.488663
194 0.488663
195 0.488663
196 0.469144
197 0.474492
198 0.475310
199 0.475350
200 0.475414
201 0.475412
202 0.475423
203 0.475420
204 0.475423
205 0.475422
206 0.475422
207 0.475422
208 0.475422
209 0.475422
210 0.475422
211 0.478118
212 0.480871
213 0.481175
214 0.481243
215 0.481224
216 0.481240
217 0.481237
218 0.481241
219 0.481240
220 0.481240
221 0.481240
222 0.481240
223 0.481240
224 0.481240
225 0.481240
226 0.464443
227 0.469027
228 0.469545
229 0.469584
230 0.469604
231 0.469612
232 0.469614
233 0.469614
234 0.469615
235 0.469615
236 0.469615
237 0.469615
238 0.469615
239 0.469615
240 0.469615
241 0.470245
242 0.472354
243 0.472891
244 0.472930
245 0.472930
246 0.472938
247 0.472938
248 0.472940
249 0.472940
250 0.472940
251 0.472940
252 0.472940
253 0.472940
254 0.472940
255 0.472940
256 0.455787
257 0.460490
258 0.460908
259 0.460972
260 0.460989
261 0.461000
262 0.461003
263 0.461004
264 0.461004
265 0.461004
266 0.461004
267 0.461004
268 0.461004
269 0.461004
270 0.461004
271 0.460758
272 0.463184
273 0.463662
274 0.463730
275 0.463722
276 0.463730
277 0.463730
278 0.463731
279 0.463731
280 0.463731
281 0.463731
282 0.463731
283 0.463731
284 0.463731
285 0.463731
286 0.449806
287 0.454404
288 0.454718
289 0.454774
290 0.454781
291 0.454790
292 0.454792
293 0.454793
294 0.454793
295 0.454793
296 0.454793
297 0.454793
298 0.454793
299 0.454793
300 0.454793
