1 0.922945
2 0.445972
3 0.435029
4 0.464074
5 0.465845
6 0.464919
7 0.465054
8 0.465096
9 0.465079
10 0.465080
11 0.465081
12 0.465081
13 0.465081
14 0.465081
15 0.465081
16 0.389847
17 0.382041
18 0.379864
19 0.375435
20 0.376519
21 0.374534
22 0.375536
23 0.374214
24 0.375065
25 0.374117
26 0.374798
27 0.374097
28 0.374633
29 0.374102
30 0.374526
31 0.431824
32 0.438772
33 0.437416
34 0.434582
35 0.436070
36 0.434854
37 0.435817
38 0.435005
39 0.435642
40 0.435105
41 0.435533
42 0.435173
43 0.435463
44 0.435220
45 0.435417
46 0.421370
47 0.432462
48 0.435500
49 0.435595
50 0.435527
51 0.435499
52 0.435523
53 0.435509
54 0.435522
55 0.435513
56 0.435519
57 0.435515
58 0.435518
59 0.435516
60 0.435517
61 0.426714
62 0.430710
63 0.432257
64 0.431845
65 0.431956
66 0.431881
67 0.431919
68 0.431890
69 0.431905
70 0.431896
71 0.431901
72 0.431898
73 0.431900
74 0.431899
75 0.431900
76 0.383591
77 0.392335
78 0.394799
79 0.394988
80 0.394885
81 0.394946
82 0.394938
83 0.394948
84 0.394945
85 0.394947
86 0.394946
87 0.394946
88 0.394946
89 0.394946
90 0.394946
91 0.380548
92 0.386065
93 0.387198
94 0.386989
95 0.386939
96 0.386954
97 0.386957
98 0.386959
99 0.386958
100 0.386958
101 0.386958
102 0.386958
103 0.386958
104 0.386958
105 0.386958
106 0.363121
107 0.369903
108 0.371284
109 0.371279
110 0.371295
111 0.371312
112 0.371315
113 0.371316
114 0.371317
115 0.371317
116 0.371317
117 0.371317
118 0.371317
119 0.371317
120 0.371317
121 0.360930
122 0.366053
123 0.366646
124 0.366654
125 0.366626
126 0.366655
127 0.366657
128 0.366660
129 0.366660
130 0.366661
131 0.366661
132 0.366661
133 0.366661
134 0.366661
135 0.366661
136 0.349068
137 0.356048
138 0.357402
139 0.357678
140 0.357611
141 0.357674
142 0.357653
143 0.357669
144 0.357663
145 0.357666
146 0.357664
147 0.357665
148 0.357665
149 0.357665
150 0.357665
151 0.351818
152 0.357329
153 0.358198
154 0.358064
155 0.358080
156 0.358085
157 0.358097
158 0.358097
159 0.358098
160 0.358098
161 0.358098
162 0.358098
163 0.358098
164 0.358098
165 0.358098
166 0.339625
167 0.347138
168 0.348161
169 0.348140
170 0.348053
171 0.348096
172 0.348079
173 0.348090
174 0.348085
175 0.348087
176 0.348086
177 0.348087
178 0.348087
179 0.348087
180 0.348087
181 0.344067
182 0.349368
183 0.349749
184 0.349770
185 0.349754
186 0.349775
187 0.349775
188 0.349779
189 0.349778
190 0.349778
191 0.349778
192 0.349778
193 0.349778
194 0.349778
195 0.349778
196 0.334643
197 0.340962
198 0.342290
199 0.342286
200 0.342243
201 0.342265
202 0.342261
203 0.342265
204 0.342263
205 0.342264
206 0.342263
207 0.342264
208 0.342264
209 0.342264
210 0.342264
211 0.336489
212 0.342892
213 0.343406
214 0.343349
215 0.343264
216 0.343296
217 0.343282
218 0.343292
219 0.343288
220 0.343290
221 0.343289
222 0.343289
223 0.343289
224 0.343289
225 0.343289
226 0.326163
227 0.331687
228 0.332605
229 0.332643
230 0.332628
231 0.332659
232 0.332658
233 0.332663
234 0.332661
235 0.332662
236 0.332662
237 0.332662
238 0.332662
239 0.332662
240 0.332662
241 0.329727
242 0.335088
243 0.335346
244 0.335208
245 0.335209
246 0.335221
247 0.335224
248 0.335226
249 0.335226
250 0.335226
251 0.335226
252 0.335226
253 0.335226
254 0.335226
255 0.335226
256 0.322213
257 0.328441
258 0.329524
259 0.329541
260 0.329511
261 0.329536
262 0.329531
263 0.329536
264 0.329533
265 0.329535
266 0.329534
267 0.329534
268 0.329534
269 0.329534
270 0.329534
271 0.323393
272 0.329180
273 0.329836
274 0.330088
275 0.330051
276 0.330103
277 0.330091
278 0.330106
279 0.330100
280 0.330104
281 0.330102
282 0.330103
283 0.330102
284 0.330103
285 0.330102
286 0.315975
287 0.321564
288 0.322290
289 0.322417
290 0.322334
291 0.322374
292 0.322351
293 0.322365
294 0.322357
295 0.322361
296 0.322358
297 0.322360
298 0.322359
299 0.322360
300 0.322359
