1 0.212500
2 0.435227
3 0.212045
4 0.437045
5 0.212045
6 0.439318
7 0.212045
8 0.441818
9 0.212500
10 0.441591
11 0.213182
12 0.441818
13 0.213409
14 0.442500
15 0.215000
16 0.442727
17 0.215682
18 0.442727
19 0.216136
20 0.442273
21 0.217045
22 0.442273
23 0.217500
24 0.442045
25 0.217500
26 0.441818
27 0.218182
28 0.441591
29 0.219091
30 0.441591
31 0.219545
32 0.441136
33 0.220000
34 0.441364
35 0.220000
36 0.441591
37 0.220455
38 0.441591
39 0.220455
40 0.441364
41 0.220455
42 0.441364
43 0.220682
44 0.441364
45 0.220682
46 0.441364
47 0.220682
48 0.441364
49 0.220682
50 0.441364
51 0.220682
52 0.441364
53 0.220682
54 0.441364
55 0.220909
56 0.441364
57 0.221591
58 0.441364
59 0.221591
60 0.441364
61 0.221591
62 0.441364
63 0.221591
64 0.441364
65 0.221591
66 0.441364
67 0.221591
68 0.441364
69 0.221591
70 0.441364
71 0.221818
72 0.441364
73 0.221818
74 0.441364
75 0.222045
76 0.441364
77 0.222045
78 0.441364
79 0.222045
80 0.441364
81 0.222045
82 0.441364
83 0.222045
84 0.441591
85 0.222045
86 0.441591
87 0.222045
88 0.441591
89 0.222500
90 0.441591
91 0.222500
92 0.441591
93 0.222500
94 0.441591
95 0.222500
96 0.441591
97 0.222500
98 0.441591
99 0.222500
100 0.441591
101 0.239091
102 0.380682
103 0.242727
104 0.368409
105 0.245455
106 0.363182
107 0.246136
108 0.360682
109 0.247727
110 0.359318
111 0.250227
112 0.357727
113 0.254318
114 0.356136
115 0.257045
116 0.354318
117 0.257273
118 0.354091
119 0.257273
120 0.353409
121 0.257955
122 0.351818
123 0.256364
124 0.351364
125 0.257045
126 0.350000
127 0.257727
128 0.349318
129 0.257955
130 0.349545
131 0.259545
132 0.349091
133 0.259545
134 0.349091
135 0.259318
136 0.349318
137 0.259091
138 0.348636
139 0.259773
140 0.348182
141 0.259773
142 0.348636
143 0.259545
144 0.348636
145 0.259545
146 0.348864
147 0.259545
148 0.349091
149 0.259545
150 0.349091
151 0.259545
152 0.349318
153 0.259545
154 0.349091
155 0.259545
156 0.349091
157 0.259318
158 0.349091
159 0.259318
160 0.349091
161 0.259318
162 0.348636
163 0.259318
164 0.348636
165 0.259091
166 0.348409
167 0.259091
168 0.348409
169 0.258864
170 0.348182
171 0.258864
172 0.348409
173 0.258864
174 0.348409
175 0.259318
176 0.348409
177 0.259318
178 0.348409
179 0.259773
180 0.348409
181 0.259773
182 0.348409
183 0.259773
184 0.348409
185 0.259773
186 0.348182
187 0.259773
188 0.347727
189 0.259773
190 0.347500
191 0.260000
192 0.347500
193 0.260000
194 0.347500
195 0.260000
196 0.347500
197 0.260000
198 0.347273
199 0.260000
200 0.346818
201 0.222273
202 0.322955
203 0.227727
204 0.317727
205 0.230000
206 0.316591
207 0.228864
208 0.314091
209 0.230227
210 0.311364
211 0.230909
212 0.310682
213 0.232045
214 0.309773
215 0.233409
216 0.307500
217 0.233182
218 0.307273
219 0.233409
220 0.307045
221 0.232500
222 0.306364
223 0.232500
224 0.306591
225 0.232955
226 0.305909
227 0.232955
228 0.304773
229 0.232727
230 0.305000
231 0.232955
232 0.305227
233 0.232955
234 0.305227
235 0.233182
236 0.304773
237 0.233182
238 0.304773
239 0.233182
240 0.304773
241 0.233182
242 0.304545
243 0.233182
244 0.304773
245 0.233182
246 0.305000
247 0.233182
248 0.304773
249 0.233182
250 0.304773
251 0.233182
252 0.304773
253 0.233864
254 0.304318
255 0.233864
256 0.304318
257 0.233864
258 0.304318
259 0.234318
260 0.304545
261 0.234318
262 0.304545
263 0.234318
264 0.304773
265 0.234318
266 0.304773
267 0.234318
268 0.304773
269 0.234091
270 0.304773
271 0.234318
272 0.304773
273 0.234773
274 0.304773
275 0.234773
276 0.304773
277 0.235227
278 0.304773
279 0.235227
280 0.305000
281 0.235227
282 0.304773
283 0.235227
284 0.304773
285 0.235227
286 0.304773
287 0.235455
288 0.304773
289 0.235455
290 0.304545
291 0.235455
292 0.304318
293 0.235455
294 0.304318
295 0.235455
296 0.304318
297 0.235455
298 0.304318
299 0.235455
300 0.304318
