1 0.072045
2 0.218864
3 0.072045
4 0.222273
5 0.071591
6 0.223636
7 0.071591
8 0.223864
9 0.072045
10 0.224773
11 0.072500
12 0.225227
13 0.073409
14 0.225909
15 0.073636
16 0.225909
17 0.073636
18 0.225909
19 0.074091
20 0.226136
21 0.074091
22 0.226136
23 0.074545
24 0.225909
25 0.074773
26 0.225909
27 0.075000
28 0.226136
29 0.075227
30 0.226136
31 0.075227
32 0.226136
33 0.075227
34 0.226136
35 0.076136
36 0.226136
37 0.076364
38 0.226136
39 0.076591
40 0.226136
41 0.076591
42 0.226136
43 0.076818
44 0.226136
45 0.076818
46 0.226136
47 0.077045
48 0.226136
49 0.077045
50 0.226136
51 0.077045
52 0.226136
53 0.077273
54 0.226136
55 0.077273
56 0.226136
57 0.077273
58 0.226136
59 0.077500
60 0.226136
61 0.077727
62 0.226136
63 0.077727
64 0.226136
65 0.077955
66 0.226136
67 0.077955
68 0.226136
69 0.077955
70 0.226136
71 0.077955
72 0.226136
73 0.077955
74 0.226136
75 0.077955
76 0.226136
77 0.077955
78 0.226136
79 0.077955
80 0.226136
81 0.077955
82 0.226136
83 0.077955
84 0.226136
85 0.077955
86 0.226136
87 0.077955
88 0.226136
89 0.077955
90 0.226136
91 0.077955
92 0.226136
93 0.077955
94 0.226136
95 0.077955
96 0.226136
97 0.077955
98 0.226136
99 0.077955
100 0.226136
101 0.057955
102 0.130455
103 0.057500
104 0.119545
105 0.057045
106 0.113409
107 0.058409
108 0.110455
109 0.058409
110 0.108864
111 0.058182
112 0.107500
113 0.058636
114 0.105682
115 0.058864
116 0.105000
117 0.058864
118 0.104545
119 0.058636
120 0.104318
121 0.058636
122 0.104091
123 0.058636
124 0.103409
125 0.058864
126 0.103182
127 0.058864
128 0.102955
129 0.059091
130 0.102727
131 0.058864
132 0.102727
133 0.058864
134 0.102955
135 0.059091
136 0.102955
137 0.058864
138 0.102955
139 0.058864
140 0.102955
141 0.058864
142 0.102955
143 0.058864
144 0.102955
145 0.058864
146 0.103182
147 0.058864
148 0.103182
149 0.058864
150 0.103182
151 0.058864
152 0.103182
153 0.058636
154 0.103182
155 0.058636
156 0.102955
157 0.058636
158 0.102727
159 0.058636
160 0.102500
161 0.058636
162 0.102500
163 0.058636
164 0.102500
165 0.058864
166 0.102500
167 0.058864
168 0.102045
169 0.058864
170 0.102045
171 0.059091
172 0.102045
173 0.059091
174 0.102045
175 0.059091
176 0.102045
177 0.059091
178 0.102045
179 0.058864
180 0.102045
181 0.059091
182 0.102045
183 0.059091
184 0.102045
185 0.059091
186 0.102045
187 0.059091
188 0.102045
189 0.059091
190 0.102045
191 0.059091
192 0.102045
193 0.059091
194 0.102045
195 0.059091
196 0.102045
197 0.059091
198 0.102045
199 0.059091
200 0.102045
201 0.050909
202 0.085000
203 0.051364
204 0.081364
205 0.051818
206 0.077955
207 0.051136
208 0.077045
209 0.051818
210 0.076591
211 0.052045
212 0.075682
213 0.051818
214 0.076136
215 0.051591
216 0.075227
217 0.052045
218 0.074091
219 0.052045
220 0.074318
221 0.052045
222 0.073864
223 0.052045
224 0.073864
225 0.052273
226 0.074091
227 0.052500
228 0.073864
229 0.052500
230 0.073636
231 0.052500
232 0.073182
233 0.052727
234 0.073182
235 0.052727
236 0.073182
237 0.052500
238 0.073182
239 0.052500
240 0.073182
241 0.052727
242 0.072955
243 0.052955
244 0.072955
245 0.052955
246 0.072955
247 0.052955
248 0.072955
249 0.053182
250 0.072955
251 0.053182
252 0.072727
253 0.053182
254 0.072727
255 0.053182
256 0.072955
257 0.053182
258 0.072955
259 0.053182
260 0.073182
261 0.053182
262 0.073182
263 0.053182
264 0.073182
265 0.053182
266 0.073409
267 0.053182
268 0.073409
269 0.053182
270 0.073409
271 0.053182
272 0.073409
273 0.053182
274 0.073409
275 0.053182
276 0.073182
277 0.053182
278 0.073182
279 0.053182
280 0.073182
281 0.053182
282 0.073182
283 0.053182
284 0.073182
285 0.053182
286 0.073182
287 0.053182
288 0.073182
289 0.053182
290 0.073182
291 0.053182
292 0.073182
293 0.053182
294 0.073182
295 0.053182
296 0.073182
297 0.053409
298 0.073182
299 0.053409
300 0.073182
