1 0.073182
2 0.240000
3 0.075455
4 0.242500
5 0.076364
6 0.243636
7 0.076818
8 0.244091
9 0.077045
10 0.244773
11 0.077500
12 0.244773
13 0.077500
14 0.245455
15 0.077273
16 0.245682
17 0.077955
18 0.245682
19 0.078636
20 0.245455
21 0.079318
22 0.245682
23 0.080000
24 0.245682
25 0.080227
26 0.245682
27 0.080682
28 0.245682
29 0.080909
30 0.245682
31 0.081591
32 0.245682
33 0.081591
34 0.246136
35 0.081591
36 0.246136
37 0.081818
38 0.246136
39 0.082273
40 0.246136
41 0.082500
42 0.246136
43 0.082500
44 0.246136
45 0.082500
46 0.246136
47 0.082500
48 0.246136
49 0.082727
50 0.246136
51 0.083182
52 0.246136
53 0.083182
54 0.246364
55 0.083182
56 0.246364
57 0.083182
58 0.246364
59 0.083182
60 0.246364
61 0.083409
62 0.246364
63 0.083409
64 0.246364
65 0.083409
66 0.246364
67 0.083409
68 0.246364
69 0.083409
70 0.246364
71 0.083409
72 0.246364
73 0.083409
74 0.246364
75 0.083409
76 0.246364
77 0.083409
78 0.246364
79 0.083409
80 0.246364
81 0.083409
82 0.246364
83 0.083409
84 0.246364
85 0.083409
86 0.246364
87 0.083409
88 0.246364
89 0.083409
90 0.246364
91 0.083409
92 0.246364
93 0.083409
94 0.246364
95 0.083409
96 0.246364
97 0.083409
98 0.246364
99 0.083409
100 0.246364
101 0.066364
102 0.150455
103 0.066136
104 0.142955
105 0.068182
106 0.137045
107 0.067955
108 0.136591
109 0.069091
110 0.136364
111 0.069318
112 0.135227
113 0.069545
114 0.133182
115 0.069773
116 0.132500
117 0.071136
118 0.132045
119 0.070909
120 0.132500
121 0.071591
122 0.132045
123 0.072273
124 0.132500
125 0.072500
126 0.132500
127 0.072955
128 0.132273
129 0.072727
130 0.131591
131 0.073409
132 0.131591
133 0.073182
134 0.131818
135 0.073409
136 0.131364
137 0.073182
138 0.131136
139 0.073182
140 0.131136
141 0.073182
142 0.130909
143 0.073182
144 0.130909
145 0.073182
146 0.130909
147 0.073182
148 0.130909
149 0.073182
150 0.130909
151 0.073182
152 0.130909
153 0.073182
154 0.130909
155 0.073182
156 0.130909
157 0.072955
158 0.130909
159 0.072727
160 0.130909
161 0.072727
162 0.130909
163 0.072727
164 0.130909
165 0.072955
166 0.131136
167 0.072955
168 0.130909
169 0.072955
170 0.131136
171 0.072955
172 0.131136
173 0.073409
174 0.131136
175 0.073409
176 0.131136
177 0.073409
178 0.131136
179 0.073409
180 0.131136
181 0.073409
182 0.131136
183 0.073409
184 0.131136
185 0.073409
186 0.131136
187 0.073409
188 0.131136
189 0.073409
190 0.131136
191 0.073409
192 0.131136
193 0.073409
194 0.131136
195 0.073409
196 0.131136
197 0.073409
198 0.131136
199 0.073409
200 0.131136
201 0.058864
202 0.106364
203 0.058636
204 0.099318
205 0.058864
206 0.095227
207 0.058864
208 0.093409
209 0.058182
210 0.092727
211 0.058636
212 0.092045
213 0.058864
214 0.091591
215 0.059091
216 0.091591
217 0.058409
218 0.090909
219 0.058182
220 0.090455
221 0.058409
222 0.089773
223 0.058182
224 0.089318
225 0.058182
226 0.089318
227 0.058864
228 0.089318
229 0.058864
230 0.088864
231 0.059318
232 0.088409
233 0.059545
234 0.087727
235 0.060227
236 0.087727
237 0.060455
238 0.087500
239 0.060682
240 0.087500
241 0.060682
242 0.087727
243 0.060682
244 0.087727
245 0.060000
246 0.087273
247 0.060000
248 0.087500
249 0.059773
250 0.087273
251 0.059773
252 0.087273
253 0.059773
254 0.087273
255 0.060000
256 0.087273
257 0.060000
258 0.087273
259 0.060000
260 0.087273
261 0.060000
262 0.087273
263 0.060000
264 0.087045
265 0.060000
266 0.087045
267 0.060227
268 0.087045
269 0.060227
270 0.087045
271 0.060227
272 0.087273
273 0.060227
274 0.087273
275 0.060227
276 0.087273
277 0.060227
278 0.087045
279 0.060227
280 0.086818
281 0.060227
282 0.086818
283 0.060000
284 0.086818
285 0.060000
286 0.086818
287 0.060000
288 0.086818
289 0.060227
290 0.086818
291 0.060227
292 0.086818
293 0.060227
294 0.086591
295 0.060227
296 0.086591
297 0.060227
298 0.086591
299 0.060227
300 0.086591
