1 0.034318
2 0.124545
3 0.034773
4 0.128864
5 0.035000
6 0.130682
7 0.035682
8 0.132273
9 0.036364
10 0.132727
11 0.036818
12 0.132955
13 0.038182
14 0.133182
15 0.039318
16 0.133182
17 0.040227
18 0.133182
19 0.040455
20 0.133182
21 0.040682
22 0.133409
23 0.041591
24 0.133409
25 0.041591
26 0.133636
27 0.041591
28 0.133636
29 0.041591
30 0.133636
31 0.041591
32 0.133636
33 0.041591
34 0.133636
35 0.041818
36 0.133636
37 0.041818
38 0.133636
39 0.042045
40 0.133636
41 0.042045
42 0.133636
43 0.042045
44 0.133636
45 0.042045
46 0.133636
47 0.042045
48 0.133636
49 0.042045
50 0.133636
51 0.042045
52 0.133636
53 0.042045
54 0.133636
55 0.042045
56 0.133636
57 0.042045
58 0.133636
59 0.042045
60 0.133636
61 0.042045
62 0.133636
63 0.042045
64 0.133636
65 0.042045
66 0.133636
67 0.042045
68 0.133636
69 0.042045
70 0.133636
71 0.042045
72 0.133636
73 0.042045
74 0.133636
75 0.042045
76 0.133636
77 0.042045
78 0.133636
79 0.042045
80 0.133636
81 0.042045
82 0.133636
83 0.042045
84 0.133636
85 0.042045
86 0.133636
87 0.042045
88 0.133636
89 0.042045
90 0.133636
91 0.042045
92 0.133636
93 0.042045
94 0.133636
95 0.042045
96 0.133636
97 0.042045
98 0.133636
99 0.042045
100 0.133636
101 0.023864
102 0.063636
103 0.024318
104 0.057273
105 0.024545
106 0.053409
107 0.025455
108 0.051818
109 0.025682
110 0.050455
111 0.026136
112 0.050000
113 0.025909
114 0.048864
115 0.025909
116 0.047955
117 0.026136
118 0.047727
119 0.026591
120 0.047273
121 0.026591
122 0.046818
123 0.026818
124 0.046818
125 0.026818
126 0.046591
127 0.027045
128 0.046136
129 0.026818
130 0.046136
131 0.026818
132 0.046136
133 0.026818
134 0.046136
135 0.026818
136 0.045682
137 0.026818
138 0.045682
139 0.026818
140 0.045682
141 0.026818
142 0.045682
143 0.026818
144 0.045682
145 0.026818
146 0.045682
147 0.026818
148 0.045455
149 0.026591
150 0.045227
151 0.026591
152 0.045227
153 0.026591
154 0.045227
155 0.026591
156 0.045227
157 0.026591
158 0.045227
159 0.026591
160 0.045227
161 0.026591
162 0.045227
163 0.026591
164 0.045227
165 0.026591
166 0.045227
167 0.026591
168 0.045227
169 0.026591
170 0.045227
171 0.026591
172 0.045227
173 0.026591
174 0.045227
175 0.026591
176 0.045227
177 0.026591
178 0.045227
179 0.026591
180 0.045227
181 0.026591
182 0.045227
183 0.026591
184 0.045227
185 0.026591
186 0.045227
187 0.026591
188 0.045227
189 0.026591
190 0.045227
191 0.026591
192 0.045227
193 0.026591
194 0.045227
195 0.026591
196 0.045227
197 0.026591
198 0.045227
199 0.026591
200 0.045227
201 0.021818
202 0.035909
203 0.022273
204 0.034773
205 0.022273
206 0.033182
207 0.022500
208 0.032045
209 0.022955
210 0.031818
211 0.023182
212 0.031818
213 0.023636
214 0.031364
215 0.023636
216 0.030909
217 0.023636
218 0.030682
219 0.023636
220 0.030682
221 0.023636
222 0.030909
223 0.023636
224 0.030455
225 0.023636
226 0.030227
227 0.023636
228 0.030227
229 0.023636
230 0.030227
231 0.023636
232 0.030227
233 0.023636
234 0.030227
235 0.023636
236 0.030000
237 0.023864
238 0.030000
239 0.023864
240 0.030000
241 0.024091
242 0.030000
243 0.024091
244 0.030000
245 0.024091
246 0.030000
247 0.024091
248 0.030000
249 0.024091
250 0.030000
251 0.024091
252 0.030000
253 0.024091
254 0.030000
255 0.024091
256 0.030000
257 0.024091
258 0.030000
259 0.024091
260 0.030000
261 0.023864
262 0.029773
263 0.023864
264 0.029773
265 0.023864
266 0.029773
267 0.024091
268 0.029545
269 0.024091
270 0.029091
271 0.024091
272 0.029318
273 0.024091
274 0.029318
275 0.024091
276 0.029545
277 0.024091
278 0.029545
279 0.024091
280 0.029545
281 0.024091
282 0.029545
283 0.024091
284 0.029545
285 0.024318
286 0.029545
287 0.024318
288 0.029545
289 0.024318
290 0.029318
291 0.024318
292 0.029318
293 0.024318
294 0.029318
295 0.024318
296 0.029318
297 0.024318
298 0.029318
299 0.024318
300 0.029318
