1 0.054091
2 0.189318
3 0.056364
4 0.194091
5 0.057955
6 0.195909
7 0.058182
8 0.196136
9 0.058182
10 0.196136
11 0.059545
12 0.195909
13 0.060455
14 0.196136
15 0.060909
16 0.196136
17 0.062045
18 0.196591
19 0.062727
20 0.196818
21 0.063182
22 0.196818
23 0.064091
24 0.196591
25 0.064318
26 0.196591
27 0.064545
28 0.196818
29 0.064773
30 0.196818
31 0.065000
32 0.196818
33 0.065227
34 0.196818
35 0.065227
36 0.196818
37 0.065227
38 0.196818
39 0.065455
40 0.196818
41 0.065455
42 0.196818
43 0.065682
44 0.196818
45 0.065682
46 0.196818
47 0.065682
48 0.196818
49 0.065909
50 0.196818
51 0.065909
52 0.196818
53 0.065909
54 0.196818
55 0.065909
56 0.196818
57 0.065909
58 0.196818
59 0.065909
60 0.196818
61 0.066364
62 0.196818
63 0.066364
64 0.196818
65 0.066364
66 0.196818
67 0.066364
68 0.196818
69 0.066364
70 0.196818
71 0.066591
72 0.196818
73 0.066591
74 0.196818
75 0.066591
76 0.196818
77 0.066591
78 0.196818
79 0.066591
80 0.196818
81 0.066591
82 0.196818
83 0.066591
84 0.196818
85 0.066591
86 0.196818
87 0.066591
88 0.196818
89 0.066591
90 0.196818
91 0.066591
92 0.196818
93 0.066591
94 0.196818
95 0.066591
96 0.196818
97 0.066591
98 0.196818
99 0.066591
100 0.196818
101 0.046591
102 0.115000
103 0.045227
104 0.105000
105 0.046818
106 0.100909
107 0.048182
108 0.098864
109 0.048182
110 0.097273
111 0.048409
112 0.096364
113 0.049091
114 0.095909
115 0.049318
116 0.094545
117 0.050227
118 0.093636
119 0.050909
120 0.092955
121 0.051364
122 0.092273
123 0.051136
124 0.092045
125 0.051364
126 0.092500
127 0.051364
128 0.092273
129 0.051364
130 0.092500
131 0.051591
132 0.092500
133 0.051591
134 0.092500
135 0.051591
136 0.092273
137 0.051818
138 0.091818
139 0.051818
140 0.091591
141 0.052045
142 0.091591
143 0.052045
144 0.091136
145 0.052273
146 0.091136
147 0.052273
148 0.091136
149 0.052273
150 0.091591
151 0.052045
152 0.091364
153 0.052045
154 0.091364
155 0.052045
156 0.091136
157 0.052045
158 0.091364
159 0.052045
160 0.091136
161 0.052045
162 0.091136
163 0.052045
164 0.091136
165 0.052045
166 0.091136
167 0.052273
168 0.091136
169 0.052273
170 0.091136
171 0.052273
172 0.090909
173 0.052273
174 0.090909
175 0.052273
176 0.090455
177 0.052273
178 0.090227
179 0.052273
180 0.090000
181 0.052273
182 0.090000
183 0.052273
184 0.090000
185 0.052500
186 0.090000
187 0.052500
188 0.090000
189 0.052500
190 0.089773
191 0.052500
192 0.089773
193 0.052500
194 0.089773
195 0.052500
196 0.089773
197 0.052500
198 0.089773
199 0.052500
200 0.089773
201 0.039091
202 0.072727
203 0.038636
204 0.067273
205 0.039091
206 0.065227
207 0.039773
208 0.063864
209 0.040000
210 0.062273
211 0.040000
212 0.061136
213 0.040227
214 0.060909
215 0.040455
216 0.060909
217 0.040227
218 0.060682
219 0.040455
220 0.060455
221 0.040455
222 0.060455
223 0.040227
224 0.060227
225 0.040227
226 0.059545
227 0.040227
228 0.058864
229 0.040000
230 0.058864
231 0.040000
232 0.058864
233 0.040000
234 0.058864
235 0.039773
236 0.059091
237 0.039773
238 0.058864
239 0.039773
240 0.058864
241 0.039773
242 0.058864
243 0.039545
244 0.058636
245 0.039545
246 0.058409
247 0.039545
248 0.058409
249 0.039545
250 0.058409
251 0.039545
252 0.058409
253 0.039773
254 0.058409
255 0.039773
256 0.058409
257 0.039773
258 0.058409
259 0.040000
260 0.058409
261 0.040000
262 0.058409
263 0.040000
264 0.058182
265 0.040000
266 0.058182
267 0.040000
268 0.058182
269 0.040000
270 0.058182
271 0.040000
272 0.058182
273 0.040227
274 0.058182
275 0.040227
276 0.058182
277 0.040227
278 0.058182
279 0.040455
280 0.057955
281 0.040455
282 0.057955
283 0.040455
284 0.057955
285 0.040455
286 0.058182
287 0.040455
288 0.058182
289 0.040455
290 0.058182
291 0.040455
292 0.058182
293 0.040455
294 0.058182
295 0.040455
296 0.058182
297 0.040455
298 0.058182
299 0.040455
300 0.058182
