1 0.000455
2 0.001591
3 0.000455
4 0.001591
5 0.000455
6 0.001591
7 0.000455
8 0.001591
9 0.000455
10 0.001591
11 0.000455
12 0.001591
13 0.000455
14 0.001591
15 0.000455
16 0.001591
17 0.000455
18 0.001591
19 0.000455
20 0.001591
21 0.000455
22 0.001591
23 0.000455
24 0.001591
25 0.000455
26 0.001591
27 0.000455
28 0.001591
29 0.000455
30 0.001591
31 0.000455
32 0.001591
33 0.000455
34 0.001591
35 0.000455
36 0.001591
37 0.000455
38 0.001591
39 0.000455
40 0.001591
41 0.000455
42 0.001591
43 0.000455
44 0.001591
45 0.000455
46 0.001591
47 0.000455
48 0.001591
49 0.000455
50 0.001591
51 0.000455
52 0.001591
53 0.000455
54 0.001591
55 0.000455
56 0.001591
57 0.000455
58 0.001591
59 0.000455
60 0.001591
61 0.000455
62 0.001591
63 0.000455
64 0.001591
65 0.000455
66 0.001591
67 0.000455
68 0.001591
69 0.000455
70 0.001591
71 0.000455
72 0.001591
73 0.000455
74 0.001591
75 0.000455
76 0.001591
77 0.000455
78 0.001591
79 0.000455
80 0.001591
81 0.000455
82 0.001591
83 0.000455
84 0.001591
85 0.000455
86 0.001591
87 0.000455
88 0.001591
89 0.000455
90 0.001591
91 0.000455
92 0.001591
93 0.000455
94 0.001591
95 0.000455
96 0.001591
97 0.000455
98 0.001591
99 0.000455
100 0.001591
101 0.000455
102 0.000682
103 0.000455
104 0.000682
105 0.000455
106 0.000682
107 0.000455
108 0.000682
109 0.000455
110 0.000682
111 0.000455
112 0.000682
113 0.000455
114 0.000682
115 0.000455
116 0.000682
117 0.000455
118 0.000682
119 0.000455
120 0.000682
121 0.000455
122 0.000682
123 0.000455
124 0.000682
125 0.000455
126 0.000682
127 0.000455
128 0.000682
129 0.000455
130 0.000682
131 0.000455
132 0.000682
133 0.000455
134 0.000682
135 0.000455
136 0.000682
137 0.000455
138 0.000682
139 0.000455
140 0.000682
141 0.000455
142 0.000682
143 0.000455
144 0.000682
145 0.000455
146 0.000682
147 0.000455
148 0.000682
149 0.000455
150 0.000682
151 0.000455
152 0.000682
153 0.000455
154 0.000682
155 0.000455
156 0.000682
157 0.000455
158 0.000682
159 0.000455
160 0.000682
161 0.000455
162 0.000682
163 0.000455
164 0.000682
165 0.000455
166 0.000682
167 0.000455
168 0.000682
169 0.000455
170 0.000682
171 0.000455
172 0.000682
173 0.000455
174 0.000682
175 0.000455
176 0.000682
177 0.000455
178 0.000682
179 0.000455
180 0.000682
181 0.000455
182 0.000682
183 0.000455
184 0.000682
185 0.000455
186 0.000682
187 0.000455
188 0.000682
189 0.000455
190 0.000682
191 0.000455
192 0.000682
193 0.000455
194 0.000682
195 0.000455
196 0.000682
197 0.000455
198 0.000682
199 0.000455
200 0.000682
201 0.000455
202 0.000682
203 0.000455
204 0.000682
205 0.000455
206 0.000682
207 0.000455
208 0.000682
209 0.000455
210 0.000682
211 0.000455
212 0.000682
213 0.000455
214 0.000682
215 0.000455
216 0.000682
217 0.000455
218 0.000682
219 0.000455
220 0.000682
221 0.000455
222 0.000682
223 0.000455
224 0.000682
225 0.000455
226 0.000682
227 0.000455
228 0.000682
229 0.000455
230 0.000682
231 0.000455
232 0.000682
233 0.000455
234 0.000682
235 0.000455
236 0.000682
237 0.000455
238 0.000682
239 0.000455
240 0.000682
241 0.000455
242 0.000682
243 0.000455
244 0.000682
245 0.000455
246 0.000682
247 0.000455
248 0.000682
249 0.000455
250 0.000682
251 0.000455
252 0.000682
253 0.000455
254 0.000682
255 0.000455
256 0.000682
257 0.000455
258 0.000682
259 0.000455
260 0.000682
261 0.000455
262 0.000682
263 0.000455
264 0.000682
265 0.000455
266 0.000682
267 0.000455
268 0.000682
269 0.000455
270 0.000682
271 0.000455
272 0.000682
273 0.000455
274 0.000682
275 0.000455
276 0.000682
277 0.000455
278 0.000682
279 0.000455
280 0.000682
281 0.000455
282 0.000682
283 0.000455
284 0.000682
285 0.000455
286 0.000682
287 0.000455
288 0.000682
289 0.000455
290 0.000682
291 0.000455
292 0.000682
293 0.000455
294 0.000682
295 0.000455
296 0.000682
297 0.000455
298 0.000682
299 0.000455
300 0.000682
