1 0.290227
2 0.457727
3 0.290227
4 0.460455
5 0.291136
6 0.460682
7 0.290227
8 0.460227
9 0.290909
10 0.458409
11 0.291136
12 0.460000
13 0.290909
14 0.459318
15 0.291364
16 0.460000
17 0.292045
18 0.460000
19 0.292045
20 0.460682
21 0.292500
22 0.460682
23 0.292727
24 0.460682
25 0.293636
26 0.460682
27 0.293636
28 0.460682
29 0.293864
30 0.460682
31 0.294091
32 0.460682
33 0.294318
34 0.460455
35 0.294318
36 0.460455
37 0.293864
38 0.460455
39 0.293864
40 0.460455
41 0.294091
42 0.460455
43 0.294091
44 0.460455
45 0.294091
46 0.460455
47 0.294091
48 0.460455
49 0.294091
50 0.460227
51 0.294091
52 0.460227
53 0.294091
54 0.460227
55 0.294091
56 0.460227
57 0.293864
58 0.460227
59 0.293864
60 0.460682
61 0.294091
62 0.460682
63 0.294318
64 0.460682
65 0.294318
66 0.460682
67 0.294318
68 0.460682
69 0.294318
70 0.460682
71 0.294318
72 0.460682
73 0.294318
74 0.460682
75 0.294318
76 0.460682
77 0.294545
78 0.460682
79 0.294545
80 0.460682
81 0.294545
82 0.460682
83 0.294773
84 0.460682
85 0.294773
86 0.460682
87 0.294773
88 0.460682
89 0.294773
90 0.460682
91 0.294773
92 0.460682
93 0.294773
94 0.460682
95 0.294773
96 0.460682
97 0.294773
98 0.460455
99 0.294773
100 0.460455
101 0.307273
102 0.412045
103 0.310227
104 0.400909
105 0.312045
106 0.398636
107 0.313409
108 0.395455
109 0.311136
110 0.394773
111 0.311364
112 0.392500
113 0.311591
114 0.389773
115 0.312500
116 0.387045
117 0.313182
118 0.386136
119 0.312500
120 0.387045
121 0.313409
122 0.385227
123 0.313182
124 0.384773
125 0.313636
126 0.385682
127 0.315455
128 0.385455
129 0.315909
130 0.385682
131 0.316591
132 0.385909
133 0.317500
134 0.385682
135 0.318409
136 0.386364
137 0.318182
138 0.386136
139 0.318636
140 0.385909
141 0.319318
142 0.385455
143 0.319318
144 0.384773
145 0.320000
146 0.384091
147 0.319773
148 0.383864
149 0.319773
150 0.383864
151 0.320227
152 0.383182
153 0.320227
154 0.382727
155 0.320682
156 0.381818
157 0.320909
158 0.382045
159 0.320909
160 0.381818
161 0.321364
162 0.381364
163 0.321364
164 0.380909
165 0.321364
166 0.380682
167 0.321136
168 0.380682
169 0.320682
170 0.380909
171 0.320682
172 0.381136
173 0.320909
174 0.381136
175 0.321364
176 0.381136
177 0.321591
178 0.381136
179 0.321364
180 0.380909
181 0.321364
182 0.380682
183 0.321364
184 0.380682
185 0.321136
186 0.380682
187 0.321591
188 0.380682
189 0.321818
190 0.380455
191 0.321818
192 0.380682
193 0.321591
194 0.380227
195 0.321818
196 0.380227
197 0.321818
198 0.380455
199 0.321818
200 0.380455
201 0.294773
202 0.361591
203 0.300000
204 0.360000
205 0.301364
206 0.358864
207 0.302045
208 0.358864
209 0.303409
210 0.357727
211 0.304773
212 0.355909
213 0.303182
214 0.354091
215 0.302273
216 0.353409
217 0.302273
218 0.352273
219 0.302045
220 0.350455
221 0.302727
222 0.351364
223 0.303409
224 0.350682
225 0.303409
226 0.350909
227 0.303864
228 0.350909
229 0.303864
230 0.352273
231 0.303182
232 0.352500
233 0.303182
234 0.351591
235 0.303409
236 0.350682
237 0.303864
238 0.350909
239 0.303864
240 0.350909
241 0.304773
242 0.350909
243 0.305227
244 0.351364
245 0.304773
246 0.351136
247 0.304773
248 0.351591
249 0.304091
250 0.351591
251 0.303864
252 0.351818
253 0.304091
254 0.351818
255 0.303636
256 0.352045
257 0.303409
258 0.352045
259 0.303182
260 0.352045
261 0.303636
262 0.352045
263 0.303636
264 0.351818
265 0.303636
266 0.351818
267 0.303636
268 0.351818
269 0.303864
270 0.351591
271 0.303636
272 0.351364
273 0.303636
274 0.351364
275 0.303409
276 0.351364
277 0.303409
278 0.351364
279 0.303409
280 0.351591
281 0.303409
282 0.351591
283 0.303409
284 0.351591
285 0.303409
286 0.351591
287 0.303409
288 0.351591
289 0.303636
290 0.351591
291 0.303636
292 0.351591
293 0.303636
294 0.351136
295 0.303636
296 0.351136
297 0.303636
298 0.351136
299 0.303636
300 0.351364
