1 0.127273
2 0.311591
3 0.127500
4 0.315000
5 0.126364
6 0.317045
7 0.126364
8 0.317045
9 0.127955
10 0.317273
11 0.128182
12 0.317045
13 0.129318
14 0.317727
15 0.130227
16 0.317955
17 0.130909
18 0.317955
19 0.131364
20 0.317955
21 0.131818
22 0.317955
23 0.132500
24 0.318182
25 0.132727
26 0.318409
27 0.132727
28 0.318409
29 0.132500
30 0.318182
31 0.132727
32 0.318182
33 0.132955
34 0.318409
35 0.132955
36 0.318636
37 0.132955
38 0.318409
39 0.132955
40 0.318409
41 0.133182
42 0.318409
43 0.133182
44 0.318409
45 0.133182
46 0.318636
47 0.133182
48 0.318636
49 0.133409
50 0.318864
51 0.133409
52 0.318864
53 0.133409
54 0.318864
55 0.133636
56 0.318864
57 0.133636
58 0.318864
59 0.133864
60 0.318864
61 0.134091
62 0.318864
63 0.134091
64 0.318864
65 0.134091
66 0.318864
67 0.134091
68 0.318864
69 0.134091
70 0.318864
71 0.134091
72 0.318864
73 0.134091
74 0.318864
75 0.134091
76 0.318864
77 0.134091
78 0.318864
79 0.134318
80 0.318864
81 0.134318
82 0.318636
83 0.134318
84 0.318636
85 0.134318
86 0.318636
87 0.134318
88 0.318636
89 0.134318
90 0.318636
91 0.134318
92 0.318636
93 0.134318
94 0.318636
95 0.134318
96 0.318636
97 0.134318
98 0.318636
99 0.134318
100 0.318636
101 0.124318
102 0.233636
103 0.125227
104 0.222500
105 0.128409
106 0.218636
107 0.132045
108 0.214545
109 0.133864
110 0.213182
111 0.135682
112 0.210455
113 0.135000
114 0.210682
115 0.135227
116 0.210227
117 0.135682
118 0.210000
119 0.136364
120 0.209318
121 0.136818
122 0.208636
123 0.137045
124 0.208409
125 0.137273
126 0.208182
127 0.137273
128 0.207955
129 0.137727
130 0.207955
131 0.137727
132 0.208409
133 0.137727
134 0.208182
135 0.138182
136 0.208182
137 0.138182
138 0.207955
139 0.138409
140 0.207727
141 0.138409
142 0.207727
143 0.138636
144 0.207727
145 0.138864
146 0.207500
147 0.138864
148 0.207500
149 0.138864
150 0.207500
151 0.139318
152 0.207273
153 0.139545
154 0.207273
155 0.139318
156 0.207500
157 0.139545
158 0.207500
159 0.139545
160 0.207727
161 0.139545
162 0.207500
163 0.140000
164 0.207500
165 0.140227
166 0.207500
167 0.140227
168 0.207500
169 0.140227
170 0.207273
171 0.140227
172 0.207273
173 0.140227
174 0.207273
175 0.140000
176 0.207273
177 0.140000
178 0.207500
179 0.140000
180 0.207500
181 0.140000
182 0.207500
183 0.140000
184 0.207500
185 0.140000
186 0.207500
187 0.140000
188 0.207500
189 0.140000
190 0.207500
191 0.140227
192 0.207500
193 0.140455
194 0.207500
195 0.140455
196 0.207500
197 0.140455
198 0.207500
199 0.140455
200 0.207727
201 0.112273
202 0.175909
203 0.114091
204 0.168409
205 0.117045
206 0.165000
207 0.118636
208 0.163636
209 0.119545
210 0.161591
211 0.119545
212 0.161364
213 0.120000
214 0.159545
215 0.119545
216 0.157955
217 0.120227
218 0.158864
219 0.119318
220 0.158636
221 0.119545
222 0.158409
223 0.119545
224 0.158636
225 0.120000
226 0.158636
227 0.120227
228 0.158636
229 0.120455
230 0.157955
231 0.120227
232 0.157500
233 0.120227
234 0.157955
235 0.120227
236 0.158182
237 0.120227
238 0.157955
239 0.120227
240 0.157955
241 0.120000
242 0.157955
243 0.119773
244 0.158182
245 0.119545
246 0.158182
247 0.119545
248 0.158182
249 0.119545
250 0.158409
251 0.119773
252 0.158409
253 0.120000
254 0.158409
255 0.120000
256 0.158636
257 0.120000
258 0.158636
259 0.119773
260 0.158409
261 0.119545
262 0.158636
263 0.119318
264 0.158636
265 0.119318
266 0.158636
267 0.119318
268 0.158864
269 0.119318
270 0.158864
271 0.119318
272 0.158864
273 0.119318
274 0.158864
275 0.119318
276 0.158864
277 0.119318
278 0.158636
279 0.119318
280 0.158636
281 0.119318
282 0.158409
283 0.119318
284 0.158636
285 0.119318
286 0.158636
287 0.119545
288 0.158636
289 0.119545
290 0.158636
291 0.119545
292 0.158636
293 0.119545
294 0.158636
295 0.119545
296 0.158409
297 0.119545
298 0.158409
299 0.119545
300 0.158182
