1 0.060682
2 0.195455
3 0.062500
4 0.204773
5 0.062273
6 0.209545
7 0.063409
8 0.211136
9 0.065455
10 0.211136
11 0.067500
12 0.211136
13 0.068409
14 0.211591
15 0.069318
16 0.212727
17 0.069318
18 0.212727
19 0.070455
20 0.212955
21 0.070682
22 0.213182
23 0.070682
24 0.213182
25 0.070909
26 0.213182
27 0.070682
28 0.213182
29 0.070455
30 0.213182
31 0.070455
32 0.213182
33 0.070909
34 0.213182
35 0.071136
36 0.212955
37 0.071136
38 0.212727
39 0.071136
40 0.212727
41 0.071364
42 0.212727
43 0.071364
44 0.212727
45 0.071818
46 0.212727
47 0.071818
48 0.212727
49 0.071818
50 0.212727
51 0.071818
52 0.212727
53 0.071818
54 0.212727
55 0.072045
56 0.212727
57 0.072273
58 0.212955
59 0.072273
60 0.212955
61 0.072273
62 0.212955
63 0.072273
64 0.212955
65 0.072273
66 0.212955
67 0.072273
68 0.212955
69 0.072273
70 0.212955
71 0.072273
72 0.212727
73 0.072273
74 0.212727
75 0.072273
76 0.212727
77 0.072273
78 0.212727
79 0.072273
80 0.212727
81 0.072273
82 0.212727
83 0.072273
84 0.212727
85 0.072273
86 0.212727
87 0.072273
88 0.212727
89 0.072273
90 0.212727
91 0.072500
92 0.212727
93 0.072500
94 0.212727
95 0.072727
96 0.212727
97 0.072727
98 0.212727
99 0.072727
100 0.212727
101 0.050455
102 0.122955
103 0.050227
104 0.113409
105 0.052273
106 0.107955
107 0.052955
108 0.105000
109 0.053864
110 0.102727
111 0.053409
112 0.102727
113 0.054318
114 0.101591
115 0.054318
116 0.101364
117 0.055455
118 0.100909
119 0.055455
120 0.100682
121 0.055455
122 0.099773
123 0.055909
124 0.099545
125 0.055909
126 0.099091
127 0.056364
128 0.099091
129 0.056136
130 0.099091
131 0.056591
132 0.098864
133 0.056364
134 0.098636
135 0.056591
136 0.098182
137 0.056818
138 0.098182
139 0.056818
140 0.097955
141 0.057273
142 0.097727
143 0.057500
144 0.097727
145 0.057500
146 0.098182
147 0.057500
148 0.098182
149 0.057727
150 0.097955
151 0.057727
152 0.098182
153 0.057727
154 0.098182
155 0.057955
156 0.098182
157 0.057955
158 0.098409
159 0.057955
160 0.098409
161 0.058182
162 0.098409
163 0.058182
164 0.098409
165 0.058182
166 0.098409
167 0.058182
168 0.098182
169 0.058182
170 0.098182
171 0.058409
172 0.098182
173 0.058409
174 0.098182
175 0.058409
176 0.098182
177 0.058409
178 0.098182
179 0.058636
180 0.098182
181 0.058636
182 0.098182
183 0.058636
184 0.098182
185 0.058636
186 0.098409
187 0.058636
188 0.098409
189 0.058636
190 0.098409
191 0.058636
192 0.098409
193 0.058636
194 0.098409
195 0.058636
196 0.098409
197 0.058636
198 0.098409
199 0.058636
200 0.098409
201 0.042727
202 0.082955
203 0.043864
204 0.078636
205 0.043409
206 0.075000
207 0.044091
208 0.073864
209 0.043636
210 0.072273
211 0.044091
212 0.071136
213 0.044318
214 0.071364
215 0.044773
216 0.070909
217 0.044773
218 0.070682
219 0.044545
220 0.070682
221 0.044545
222 0.070682
223 0.044545
224 0.069545
225 0.044545
226 0.069545
227 0.044545
228 0.069545
229 0.044545
230 0.069773
231 0.044318
232 0.069545
233 0.044318
234 0.069545
235 0.044318
236 0.069545
237 0.044318
238 0.069318
239 0.044318
240 0.068864
241 0.044545
242 0.068864
243 0.044545
244 0.068409
245 0.044545
246 0.068409
247 0.044545
248 0.068409
249 0.044773
250 0.068409
251 0.044773
252 0.068409
253 0.044773
254 0.068409
255 0.045000
256 0.068409
257 0.045000
258 0.068182
259 0.045000
260 0.067955
261 0.045000
262 0.067955
263 0.045227
264 0.067955
265 0.045455
266 0.067955
267 0.045455
268 0.067955
269 0.045682
270 0.067955
271 0.045682
272 0.067955
273 0.045682
274 0.067955
275 0.045682
276 0.067955
277 0.045682
278 0.067955
279 0.045682
280 0.067955
281 0.045682
282 0.067955
283 0.045682
284 0.067955
285 0.045682
286 0.067955
287 0.045682
288 0.067955
289 0.045682
290 0.067955
291 0.045682
292 0.067955
293 0.045682
294 0.067955
295 0.045682
296 0.068182
297 0.045682
298 0.067955
299 0.045682
300 0.067955
