1 6.627224e-02
2 6.683760e-02
3 6.658910e-02
4 6.658707e-02
5 6.658736e-02
6 6.658736e-02
7 6.658736e-02
8 6.658736e-02
9 6.658736e-02
10 6.658736e-02
11 6.658736e-02
12 6.658736e-02
13 6.658736e-02
14 6.658736e-02
15 6.658736e-02
16 6.658736e-02
17 6.658736e-02
18 6.658736e-02
19 6.658736e-02
20 6.658736e-02
21 6.658736e-02
22 6.658736e-02
23 6.658736e-02
24 6.658736e-02
25 6.658736e-02
26 6.658736e-02
27 6.658736e-02
28 6.658736e-02
29 6.658736e-02
30 6.658736e-02
31 6.658736e-02
32 6.658736e-02
33 6.658736e-02
34 6.658736e-02
35 6.658736e-02
36 6.658736e-02
37 6.658736e-02
38 6.658736e-02
39 6.658736e-02
40 6.658736e-02
41 6.658736e-02
42 6.658736e-02
43 6.658736e-02
44 6.658736e-02
45 6.658736e-02
46 6.658736e-02
47 6.658736e-02
48 6.658736e-02
49 6.658736e-02
50 6.658736e-02
51 6.658736e-02
52 6.658736e-02
53 6.658736e-02
54 6.658736e-02
55 6.658736e-02
56 6.658736e-02
57 6.658736e-02
58 6.658736e-02
59 6.658736e-02
60 6.658736e-02
61 6.658736e-02
62 6.658736e-02
63 6.658736e-02
64 6.658736e-02
65 6.658736e-02
66 6.658736e-02
67 6.658736e-02
68 6.658736e-02
69 6.658736e-02
70 6.658736e-02
71 6.658736e-02
72 6.658736e-02
73 6.658736e-02
74 6.658736e-02
75 6.658736e-02
76 6.658736e-02
77 6.658736e-02
78 6.658736e-02
79 6.658736e-02
80 6.658736e-02
81 6.658736e-02
82 6.658736e-02
83 6.658736e-02
84 6.658736e-02
85 6.658736e-02
86 6.658736e-02
87 6.658736e-02
88 6.658736e-02
89 6.658736e-02
90 6.658736e-02
91 6.658736e-02
92 6.658736e-02
93 6.658736e-02
94 6.658736e-02
95 6.658736e-02
96 6.658736e-02
97 6.658736e-02
98 6.658736e-02
99 6.658736e-02
100 6.658736e-02
101 3.597292e-02
102 3.595678e-02
103 3.595242e-02
104 3.595236e-02
105 3.595236e-02
106 3.595236e-02
107 3.595236e-02
108 3.595236e-02
109 3.595236e-02
110 3.595236e-02
111 3.595236e-02
112 3.595236e-02
113 3.595236e-02
114 3.595236e-02
115 3.595236e-02
116 3.595236e-02
117 3.595236e-02
118 3.595236e-02
119 3.595236e-02
120 3.595236e-02
121 3.595236e-02
122 3.595236e-02
123 3.595236e-02
124 3.595236e-02
125 3.595236e-02
126 3.595236e-02
127 3.595236e-02
128 3.595236e-02
129 3.595236e-02
130 3.595236e-02
131 3.595236e-02
132 3.595236e-02
133 3.595236e-02
134 3.595236e-02
135 3.595236e-02
136 3.595236e-02
137 3.595236e-02
138 3.595236e-02
139 3.595236e-02
140 3.595236e-02
141 3.595236e-02
142 3.595236e-02
143 3.595236e-02
144 3.595236e-02
145 3.595236e-02
146 3.595236e-02
147 3.595236e-02
148 3.595236e-02
149 3.595236e-02
150 3.595236e-02
151 3.595236e-02
152 3.595236e-02
153 3.595236e-02
154 3.595236e-02
155 3.595236e-02
156 3.595236e-02
157 3.595236e-02
158 3.595236e-02
159 3.595236e-02
160 3.595236e-02
161 3.595236e-02
162 3.595236e-02
163 3.595236e-02
164 3.595236e-02
165 3.595236e-02
166 3.595236e-02
167 3.595236e-02
168 3.595236e-02
169 3.595236e-02
170 3.595236e-02
171 3.595236e-02
172 3.595236e-02
173 3.595236e-02
174 3.595236e-02
175 3.595236e-02
176 3.595236e-02
177 3.595236e-02
178 3.595236e-02
179 3.595236e-02
180 3.595236e-02
181 3.595236e-02
182 3.595236e-02
183 3.595236e-02
184 3.595236e-02
185 3.595236e-02
186 3.595236e-02
187 3.595236e-02
188 3.595236e-02
189 3.595236e-02
190 3.595236e-02
191 3.595236e-02
192 3.595236e-02
193 3.595236e-02
194 3.595236e-02
195 3.595236e-02
196 3.595236e-02
197 3.595236e-02
198 3.595236e-02
199 3.595236e-02
200 3.595236e-02
201 3.333462e-02
202 3.334109e-02
203 3.334229e-02
204 3.334221e-02
205 3.334221e-02
206 3.334221e-02
207 3.334221e-02
208 3.334221e-02
209 3.334221e-02
210 3.334221e-02
211 3.334221e-02
212 3.334221e-02
213 3.334221e-02
214 3.334221e-02
215 3.334221e-02
216 3.334221e-02
217 3.334221e-02
218 3.334221e-02
219 3.334221e-02
220 3.334221e-02
221 3.334221e-02
222 3.334221e-02
223 3.334221e-02
224 3.334221e-02
225 3.334221e-02
226 3.334221e-02
227 3.334221e-02
228 3.334221e-02
229 3.334221e-02
230 3.334221e-02
231 3.334221e-02
232 3.334221e-02
233 3.334221e-02
234 3.334221e-02
235 3.334221e-02
236 3.334221e-02
237 3.334221e-02
238 3.334221e-02
239 3.334221e-02
240 3.334221e-02
241 3.334221e-02
242 3.334221e-02
243 3.334221e-02
244 3.334221e-02
245 3.334221e-02
246 3.334221e-02
247 3.334221e-02
248 3.334221e-02
249 3.334221e-02
250 3.334221e-02
251 3.334221e-02
252 3.334221e-02
253 3.334221e-02
254 3.334221e-02
255 3.334221e-02
256 3.334221e-02
257 3.334221e-02
258 3.334221e-02
259 3.334221e-02
260 3.334221e-02
261 3.334221e-02
262 3.334221e-02
263 3.334221e-02
264 3.334221e-02
265 3.334221e-02
266 3.334221e-02
267 3.334221e-02
268 3.334221e-02
269 3.334221e-02
270 3.334221e-02
271 3.334221e-02
272 3.334221e-02
273 3.334221e-02
274 3.334221e-02
275 3.334221e-02
276 3.334221e-02
277 3.334221e-02
278 3.334221e-02
279 3.334221e-02
280 3.334221e-02
281 3.334221e-02
282 3.334221e-02
283 3.334221e-02
284 3.334221e-02
285 3.334221e-02
286 3.334221e-02
287 3.334221e-02
288 3.334221e-02
289 3.334221e-02
290 3.334221e-02
291 3.334221e-02
292 3.334221e-02
293 3.334221e-02
294 3.334221e-02
295 3.334221e-02
296 3.334221e-02
297 3.334221e-02
298 3.334221e-02
299 3.334221e-02
300 3.334221e-02
