1 2.809007e-01
2 2.816227e-01
3 2.815665e-01
4 2.815681e-01
5 2.815675e-01
6 2.815675e-01
7 2.815675e-01
8 2.815675e-01
9 2.815675e-01
10 2.815675e-01
11 2.815675e-01
12 2.815675e-01
13 2.815675e-01
14 2.815675e-01
15 2.815675e-01
16 2.815675e-01
17 2.815675e-01
18 2.815675e-01
19 2.815675e-01
20 2.815675e-01
21 2.815675e-01
22 2.815675e-01
23 2.815675e-01
24 2.815675e-01
25 2.815675e-01
26 2.815675e-01
27 2.815675e-01
28 2.815675e-01
29 2.815675e-01
30 2.815675e-01
31 2.815675e-01
32 2.815675e-01
33 2.815675e-01
34 2.815675e-01
35 2.815675e-01
36 2.815675e-01
37 2.815675e-01
38 2.815675e-01
39 2.815675e-01
40 2.815675e-01
41 2.815675e-01
42 2.815675e-01
43 2.815675e-01
44 2.815675e-01
45 2.815675e-01
46 2.815675e-01
47 2.815675e-01
48 2.815675e-01
49 2.815675e-01
50 2.815675e-01
51 2.815675e-01
52 2.815675e-01
53 2.815675e-01
54 2.815675e-01
55 2.815675e-01
56 2.815675e-01
57 2.815675e-01
58 2.815675e-01
59 2.815675e-01
60 2.815675e-01
61 2.815675e-01
62 2.815675e-01
63 2.815675e-01
64 2.815675e-01
65 2.815675e-01
66 2.815675e-01
67 2.815675e-01
68 2.815675e-01
69 2.815675e-01
70 2.815675e-01
71 2.815675e-01
72 2.815675e-01
73 2.815675e-01
74 2.815675e-01
75 2.815675e-01
76 2.815675e-01
77 2.815675e-01
78 2.815675e-01
79 2.815675e-01
80 2.815675e-01
81 2.815675e-01
82 2.815675e-01
83 2.815675e-01
84 2.815675e-01
85 2.815675e-01
86 2.815675e-01
87 2.815675e-01
88 2.815675e-01
89 2.815675e-01
90 2.815675e-01
91 2.815675e-01
92 2.815675e-01
93 2.815675e-01
94 2.815675e-01
95 2.815675e-01
96 2.815675e-01
97 2.815675e-01
98 2.815675e-01
99 2.815675e-01
100 2.815675e-01
101 3.847169e-01
102 4.131282e-01
103 4.180455e-01
104 4.189084e-01
105 4.190656e-01
106 4.190950e-01
107 4.191006e-01
108 4.191016e-01
109 4.191019e-01
110 4.191019e-01
111 4.191019e-01
112 4.191019e-01
113 4.191019e-01
114 4.191019e-01
115 4.191019e-01
116 4.191019e-01
117 4.191019e-01
118 4.191019e-01
119 4.191019e-01
120 4.191019e-01
121 4.191019e-01
122 4.191019e-01
123 4.191019e-01
124 4.191019e-01
125 4.191019e-01
126 4.191019e-01
127 4.191019e-01
128 4.191019e-01
129 4.191019e-01
130 4.191019e-01
131 4.191019e-01
132 4.191019e-01
133 4.191019e-01
134 4.191019e-01
135 4.191019e-01
136 4.191019e-01
137 4.191019e-01
138 4.191019e-01
139 4.191019e-01
140 4.191019e-01
141 4.191019e-01
142 4.191019e-01
143 4.191019e-01
144 4.191019e-01
145 4.191019e-01
146 4.191019e-01
147 4.191019e-01
148 4.191019e-01
149 4.191019e-01
150 4.191019e-01
151 4.191019e-01
152 4.191019e-01
153 4.191019e-01
154 4.191019e-01
155 4.191019e-01
156 4.191019e-01
157 4.191019e-01
158 4.191019e-01
159 4.191019e-01
160 4.191019e-01
161 4.191019e-01
162 4.191019e-01
163 4.191019e-01
164 4.191019e-01
165 4.191019e-01
166 4.191019e-01
167 4.191019e-01
168 4.191019e-01
169 4.191019e-01
170 4.191019e-01
171 4.191019e-01
172 4.191019e-01
173 4.191019e-01
174 4.191019e-01
175 4.191019e-01
176 4.191019e-01
177 4.191019e-01
178 4.191019e-01
179 4.191019e-01
180 4.191019e-01
181 4.191019e-01
182 4.191019e-01
183 4.191019e-01
184 4.191019e-01
185 4.191019e-01
186 4.191019e-01
187 4.191019e-01
188 4.191019e-01
189 4.191019e-01
190 4.191019e-01
191 4.191019e-01
192 4.191019e-01
193 4.191019e-01
194 4.191019e-01
195 4.191019e-01
196 4.191019e-01
197 4.191019e-01
198 4.191019e-01
199 4.191019e-01
200 4.191019e-01
201 4.397039e-01
202 4.466403e-01
203 4.475671e-01
204 4.476931e-01
205 4.477111e-01
206 4.477137e-01
207 4.477141e-01
208 4.477142e-01
209 4.477142e-01
210 4.477142e-01
211 4.477142e-01
212 4.477142e-01
213 4.477142e-01
214 4.477142e-01
215 4.477142e-01
216 4.477142e-01
217 4.477142e-01
218 4.477142e-01
219 4.477142e-01
220 4.477142e-01
221 4.477142e-01
222 4.477142e-01
223 4.477142e-01
224 4.477142e-01
225 4.477142e-01
226 4.477142e-01
227 4.477142e-01
228 4.477142e-01
229 4.477142e-01
230 4.477142e-01
231 4.477142e-01
232 4.477142e-01
233 4.477142e-01
234 4.477142e-01
235 4.477142e-01
236 4.477142e-01
237 4.477142e-01
238 4.477142e-01
239 4.477142e-01
240 4.477142e-01
241 4.477142e-01
242 4.477142e-01
243 4.477142e-01
244 4.477142e-01
245 4.477142e-01
246 4.477142e-01
247 4.477142e-01
248 4.477142e-01
249 4.477142e-01
250 4.477142e-01
251 4.477142e-01
252 4.477142e-01
253 4.477142e-01
254 4.477142e-01
255 4.477142e-01
256 4.477142e-01
257 4.477142e-01
258 4.477142e-01
259 4.477142e-01
260 4.477142e-01
261 4.477142e-01
262 4.477142e-01
263 4.477142e-01
264 4.477142e-01
265 4.477142e-01
266 4.477142e-01
267 4.477142e-01
268 4.477142e-01
269 4.477142e-01
270 4.477142e-01
271 4.477142e-01
272 4.477142e-01
273 4.477142e-01
274 4.477142e-01
275 4.477142e-01
276 4.477142e-01
277 4.477142e-01
278 4.477142e-01
279 4.477142e-01
280 4.477142e-01
281 4.477142e-01
282 4.477142e-01
283 4.477142e-01
284 4.477142e-01
285 4.477142e-01
286 4.477142e-01
287 4.477142e-01
288 4.477142e-01
289 4.477142e-01
290 4.477142e-01
291 4.477142e-01
292 4.477142e-01
293 4.477142e-01
294 4.477142e-01
295 4.477142e-01
296 4.477142e-01
297 4.477142e-01
298 4.477142e-01
299 4.477142e-01
300 4.477142e-01
