1 1.300144e-01
2 1.313698e-01
3 1.310903e-01
4 1.310876e-01
5 1.310873e-01
6 1.310873e-01
7 1.310873e-01
8 1.310873e-01
9 1.310873e-01
10 1.310873e-01
11 1.310873e-01
12 1.310873e-01
13 1.310873e-01
14 1.310873e-01
15 1.310873e-01
16 1.310873e-01
17 1.310873e-01
18 1.310873e-01
19 1.310873e-01
20 1.310873e-01
21 1.310873e-01
22 1.310873e-01
23 1.310873e-01
24 1.310873e-01
25 1.310873e-01
26 1.310873e-01
27 1.310873e-01
28 1.310873e-01
29 1.310873e-01
30 1.310873e-01
31 1.310873e-01
32 1.310873e-01
33 1.310873e-01
34 1.310873e-01
35 1.310873e-01
36 1.310873e-01
37 1.310873e-01
38 1.310873e-01
39 1.310873e-01
40 1.310873e-01
41 1.310873e-01
42 1.310873e-01
43 1.310873e-01
44 1.310873e-01
45 1.310873e-01
46 1.310873e-01
47 1.310873e-01
48 1.310873e-01
49 1.310873e-01
50 1.310873e-01
51 1.310873e-01
52 1.310873e-01
53 1.310873e-01
54 1.310873e-01
55 1.310873e-01
56 1.310873e-01
57 1.310873e-01
58 1.310873e-01
59 1.310873e-01
60 1.310873e-01
61 1.310873e-01
62 1.310873e-01
63 1.310873e-01
64 1.310873e-01
65 1.310873e-01
66 1.310873e-01
67 1.310873e-01
68 1.310873e-01
69 1.310873e-01
70 1.310873e-01
71 1.310873e-01
72 1.310873e-01
73 1.310873e-01
74 1.310873e-01
75 1.310873e-01
76 1.310873e-01
77 1.310873e-01
78 1.310873e-01
79 1.310873e-01
80 1.310873e-01
81 1.310873e-01
82 1.310873e-01
83 1.310873e-01
84 1.310873e-01
85 1.310873e-01
86 1.310873e-01
87 1.310873e-01
88 1.310873e-01
89 1.310873e-01
90 1.310873e-01
91 1.310873e-01
92 1.310873e-01
93 1.310873e-01
94 1.310873e-01
95 1.310873e-01
96 1.310873e-01
97 1.310873e-01
98 1.310873e-01
99 1.310873e-01
100 1.310873e-01
101 1.116401e-01
102 1.132536e-01
103 1.133435e-01
104 1.133508e-01
105 1.133515e-01
106 1.133516e-01
107 1.133516e-01
108 1.133516e-01
109 1.133516e-01
110 1.133516e-01
111 1.133516e-01
112 1.133516e-01
113 1.133516e-01
114 1.133516e-01
115 1.133516e-01
116 1.133516e-01
117 1.133516e-01
118 1.133516e-01
119 1.133516e-01
120 1.133516e-01
121 1.133516e-01
122 1.133516e-01
123 1.133516e-01
124 1.133516e-01
125 1.133516e-01
126 1.133516e-01
127 1.133516e-01
128 1.133516e-01
129 1.133516e-01
130 1.133516e-01
131 1.133516e-01
132 1.133516e-01
133 1.133516e-01
134 1.133516e-01
135 1.133516e-01
136 1.133516e-01
137 1.133516e-01
138 1.133516e-01
139 1.133516e-01
140 1.133516e-01
141 1.133516e-01
142 1.133516e-01
143 1.133516e-01
144 1.133516e-01
145 1.133516e-01
146 1.133516e-01
147 1.133516e-01
148 1.133516e-01
149 1.133516e-01
150 1.133516e-01
151 1.133516e-01
152 1.133516e-01
153 1.133516e-01
154 1.133516e-01
155 1.133516e-01
156 1.133516e-01
157 1.133516e-01
158 1.133516e-01
159 1.133516e-01
160 1.133516e-01
161 1.133516e-01
162 1.133516e-01
163 1.133516e-01
164 1.133516e-01
165 1.133516e-01
166 1.133516e-01
167 1.133516e-01
168 1.133516e-01
169 1.133516e-01
170 1.133516e-01
171 1.133516e-01
172 1.133516e-01
173 1.133516e-01
174 1.133516e-01
175 1.133516e-01
176 1.133516e-01
177 1.133516e-01
178 1.133516e-01
179 1.133516e-01
180 1.133516e-01
181 1.133516e-01
182 1.133516e-01
183 1.133516e-01
184 1.133516e-01
185 1.133516e-01
186 1.133516e-01
187 1.133516e-01
188 1.133516e-01
189 1.133516e-01
190 1.133516e-01
191 1.133516e-01
192 1.133516e-01
193 1.133516e-01
194 1.133516e-01
195 1.133516e-01
196 1.133516e-01
197 1.133516e-01
198 1.133516e-01
199 1.133516e-01
200 1.133516e-01
201 9.876769e-02
202 9.875807e-02
203 9.876322e-02
204 9.876334e-02
205 9.876333e-02
206 9.876333e-02
207 9.876333e-02
208 9.876333e-02
209 9.876333e-02
210 9.876333e-02
211 9.876333e-02
212 9.876333e-02
213 9.876333e-02
214 9.876333e-02
215 9.876333e-02
216 9.876333e-02
217 9.876333e-02
218 9.876333e-02
219 9.876333e-02
220 9.876333e-02
221 9.876333e-02
222 9.876333e-02
223 9.876333e-02
224 9.876333e-02
225 9.876333e-02
226 9.876333e-02
227 9.876333e-02
228 9.876333e-02
229 9.876333e-02
230 9.876333e-02
231 9.876333e-02
232 9.876333e-02
233 9.876333e-02
234 9.876333e-02
235 9.876333e-02
236 9.876333e-02
237 9.876333e-02
238 9.876333e-02
239 9.876333e-02
240 9.876333e-02
241 9.876333e-02
242 9.876333e-02
243 9.876333e-02
244 9.876333e-02
245 9.876333e-02
246 9.876333e-02
247 9.876333e-02
248 9.876333e-02
249 9.876333e-02
250 9.876333e-02
251 9.876333e-02
252 9.876333e-02
253 9.876333e-02
254 9.876333e-02
255 9.876333e-02
256 9.876333e-02
257 9.876333e-02
258 9.876333e-02
259 9.876333e-02
260 9.876333e-02
261 9.876333e-02
262 9.876333e-02
263 9.876333e-02
264 9.876333e-02
265 9.876333e-02
266 9.876333e-02
267 9.876333e-02
268 9.876333e-02
269 9.876333e-02
270 9.876333e-02
271 9.876333e-02
272 9.876333e-02
273 9.876333e-02
274 9.876333e-02
275 9.876333e-02
276 9.876333e-02
277 9.876333e-02
278 9.876333e-02
279 9.876333e-02
280 9.876333e-02
281 9.876333e-02
282 9.876333e-02
283 9.876333e-02
284 9.876333e-02
285 9.876333e-02
286 9.876333e-02
287 9.876333e-02
288 9.876333e-02
289 9.876333e-02
290 9.876333e-02
291 9.876333e-02
292 9.876333e-02
293 9.876333e-02
294 9.876333e-02
295 9.876333e-02
296 9.876333e-02
297 9.876333e-02
298 9.876333e-02
299 9.876333e-02
300 9.876333e-02
