1 1.191909e-01
2 1.203037e-01
3 1.201392e-01
4 1.201385e-01
5 1.201376e-01
6 1.201376e-01
7 1.201376e-01
8 1.201376e-01
9 1.201376e-01
10 1.201376e-01
11 1.201376e-01
12 1.201376e-01
13 1.201376e-01
14 1.201376e-01
15 1.201376e-01
16 1.201376e-01
17 1.201376e-01
18 1.201376e-01
19 1.201376e-01
20 1.201376e-01
21 1.201376e-01
22 1.201376e-01
23 1.201376e-01
24 1.201376e-01
25 1.201376e-01
26 1.201376e-01
27 1.201376e-01
28 1.201376e-01
29 1.201376e-01
30 1.201376e-01
31 1.201376e-01
32 1.201376e-01
33 1.201376e-01
34 1.201376e-01
35 1.201376e-01
36 1.201376e-01
37 1.201376e-01
38 1.201376e-01
39 1.201376e-01
40 1.201376e-01
41 1.201376e-01
42 1.201376e-01
43 1.201376e-01
44 1.201376e-01
45 1.201376e-01
46 1.201376e-01
47 1.201376e-01
48 1.201376e-01
49 1.201376e-01
50 1.201376e-01
51 1.201376e-01
52 1.201376e-01
53 1.201376e-01
54 1.201376e-01
55 1.201376e-01
56 1.201376e-01
57 1.201376e-01
58 1.201376e-01
59 1.201376e-01
60 1.201376e-01
61 1.201376e-01
62 1.201376e-01
63 1.201376e-01
64 1.201376e-01
65 1.201376e-01
66 1.201376e-01
67 1.201376e-01
68 1.201376e-01
69 1.201376e-01
70 1.201376e-01
71 1.201376e-01
72 1.201376e-01
73 1.201376e-01
74 1.201376e-01
75 1.201376e-01
76 1.201376e-01
77 1.201376e-01
78 1.201376e-01
79 1.201376e-01
80 1.201376e-01
81 1.201376e-01
82 1.201376e-01
83 1.201376e-01
84 1.201376e-01
85 1.201376e-01
86 1.201376e-01
87 1.201376e-01
88 1.201376e-01
89 1.201376e-01
90 1.201376e-01
91 1.201376e-01
92 1.201376e-01
93 1.201376e-01
94 1.201376e-01
95 1.201376e-01
96 1.201376e-01
97 1.201376e-01
98 1.201376e-01
99 1.201376e-01
100 1.201376e-01
101 9.403673e-02
102 9.484452e-02
103 9.489439e-02
104 9.489953e-02
105 9.490006e-02
106 9.490011e-02
107 9.490011e-02
108 9.490012e-02
109 9.490012e-02
110 9.490012e-02
111 9.490012e-02
112 9.490012e-02
113 9.490012e-02
114 9.490012e-02
115 9.490012e-02
116 9.490012e-02
117 9.490012e-02
118 9.490012e-02
119 9.490012e-02
120 9.490012e-02
121 9.490012e-02
122 9.490012e-02
123 9.490012e-02
124 9.490012e-02
125 9.490012e-02
126 9.490012e-02
127 9.490012e-02
128 9.490012e-02
129 9.490012e-02
130 9.490012e-02
131 9.490012e-02
132 9.490012e-02
133 9.490012e-02
134 9.490012e-02
135 9.490012e-02
136 9.490012e-02
137 9.490012e-02
138 9.490012e-02
139 9.490012e-02
140 9.490012e-02
141 9.490012e-02
142 9.490012e-02
143 9.490012e-02
144 9.490012e-02
145 9.490012e-02
146 9.490012e-02
147 9.490012e-02
148 9.490012e-02
149 9.490012e-02
150 9.490012e-02
151 9.490012e-02
152 9.490012e-02
153 9.490012e-02
154 9.490012e-02
155 9.490012e-02
156 9.490012e-02
157 9.490012e-02
158 9.490012e-02
159 9.490012e-02
160 9.490012e-02
161 9.490012e-02
162 9.490012e-02
163 9.490012e-02
164 9.490012e-02
165 9.490012e-02
166 9.490012e-02
167 9.490012e-02
168 9.490012e-02
169 9.490012e-02
170 9.490012e-02
171 9.490012e-02
172 9.490012e-02
173 9.490012e-02
174 9.490012e-02
175 9.490012e-02
176 9.490012e-02
177 9.490012e-02
178 9.490012e-02
179 9.490012e-02
180 9.490012e-02
181 9.490012e-02
182 9.490012e-02
183 9.490012e-02
184 9.490012e-02
185 9.490012e-02
186 9.490012e-02
187 9.490012e-02
188 9.490012e-02
189 9.490012e-02
190 9.490012e-02
191 9.490012e-02
192 9.490012e-02
193 9.490012e-02
194 9.490012e-02
195 9.490012e-02
196 9.490012e-02
197 9.490012e-02
198 9.490012e-02
199 9.490012e-02
200 9.490012e-02
201 8.231121e-02
202 8.248086e-02
203 8.250474e-02
204 8.250669e-02
205 8.250688e-02
206 8.250690e-02
207 8.250690e-02
208 8.250690e-02
209 8.250690e-02
210 8.250690e-02
211 8.250690e-02
212 8.250690e-02
213 8.250690e-02
214 8.250690e-02
215 8.250690e-02
216 8.250690e-02
217 8.250690e-02
218 8.250690e-02
219 8.250690e-02
220 8.250690e-02
221 8.250690e-02
222 8.250690e-02
223 8.250690e-02
224 8.250690e-02
225 8.250690e-02
226 8.250690e-02
227 8.250690e-02
228 8.250690e-02
229 8.250690e-02
230 8.250690e-02
231 8.250690e-02
232 8.250690e-02
233 8.250690e-02
234 8.250690e-02
235 8.250690e-02
236 8.250690e-02
237 8.250690e-02
238 8.250690e-02
239 8.250690e-02
240 8.250690e-02
241 8.250690e-02
242 8.250690e-02
243 8.250690e-02
244 8.250690e-02
245 8.250690e-02
246 8.250690e-02
247 8.250690e-02
248 8.250690e-02
249 8.250690e-02
250 8.250690e-02
251 8.250690e-02
252 8.250690e-02
253 8.250690e-02
254 8.250690e-02
255 8.250690e-02
256 8.250690e-02
257 8.250690e-02
258 8.250690e-02
259 8.250690e-02
260 8.250690e-02
261 8.250690e-02
262 8.250690e-02
263 8.250690e-02
264 8.250690e-02
265 8.250690e-02
266 8.250690e-02
267 8.250690e-02
268 8.250690e-02
269 8.250690e-02
270 8.250690e-02
271 8.250690e-02
272 8.250690e-02
273 8.250690e-02
274 8.250690e-02
275 8.250690e-02
276 8.250690e-02
277 8.250690e-02
278 8.250690e-02
279 8.250690e-02
280 8.250690e-02
281 8.250690e-02
282 8.250690e-02
283 8.250690e-02
284 8.250690e-02
285 8.250690e-02
286 8.250690e-02
287 8.250690e-02
288 8.250690e-02
289 8.250690e-02
290 8.250690e-02
291 8.250690e-02
292 8.250690e-02
293 8.250690e-02
294 8.250690e-02
295 8.250690e-02
296 8.250690e-02
297 8.250690e-02
298 8.250690e-02
299 8.250690e-02
300 8.250690e-02
