1 5.305043e-02
2 5.283193e-02
3 5.273717e-02
4 5.273717e-02
5 5.273706e-02
6 5.273706e-02
7 5.273706e-02
8 5.273706e-02
9 5.273706e-02
10 5.273706e-02
11 5.273706e-02
12 5.273706e-02
13 5.273706e-02
14 5.273706e-02
15 5.273706e-02
16 5.273706e-02
17 5.273706e-02
18 5.273706e-02
19 5.273706e-02
20 5.273706e-02
21 5.273706e-02
22 5.273706e-02
23 5.273706e-02
24 5.273706e-02
25 5.273706e-02
26 5.273706e-02
27 5.273706e-02
28 5.273706e-02
29 5.273706e-02
30 5.273706e-02
31 5.273706e-02
32 5.273706e-02
33 5.273706e-02
34 5.273706e-02
35 5.273706e-02
36 5.273706e-02
37 5.273706e-02
38 5.273706e-02
39 5.273706e-02
40 5.273706e-02
41 5.273706e-02
42 5.273706e-02
43 5.273706e-02
44 5.273706e-02
45 5.273706e-02
46 5.273706e-02
47 5.273706e-02
48 5.273706e-02
49 5.273706e-02
50 5.273706e-02
51 5.273706e-02
52 5.273706e-02
53 5.273706e-02
54 5.273706e-02
55 5.273706e-02
56 5.273706e-02
57 5.273706e-02
58 5.273706e-02
59 5.273706e-02
60 5.273706e-02
61 5.273706e-02
62 5.273706e-02
63 5.273706e-02
64 5.273706e-02
65 5.273706e-02
66 5.273706e-02
67 5.273706e-02
68 5.273706e-02
69 5.273706e-02
70 5.273706e-02
71 5.273706e-02
72 5.273706e-02
73 5.273706e-02
74 5.273706e-02
75 5.273706e-02
76 5.273706e-02
77 5.273706e-02
78 5.273706e-02
79 5.273706e-02
80 5.273706e-02
81 5.273706e-02
82 5.273706e-02
83 5.273706e-02
84 5.273706e-02
85 5.273706e-02
86 5.273706e-02
87 5.273706e-02
88 5.273706e-02
89 5.273706e-02
90 5.273706e-02
91 5.273706e-02
92 5.273706e-02
93 5.273706e-02
94 5.273706e-02
95 5.273706e-02
96 5.273706e-02
97 5.273706e-02
98 5.273706e-02
99 5.273706e-02
100 5.273706e-02
101 2.499218e-02
102 2.502207e-02
103 2.502319e-02
104 2.502290e-02
105 2.502289e-02
106 2.502290e-02
107 2.502290e-02
108 2.502290e-02
109 2.502290e-02
110 2.502290e-02
111 2.502290e-02
112 2.502290e-02
113 2.502290e-02
114 2.502290e-02
115 2.502290e-02
116 2.502290e-02
117 2.502290e-02
118 2.502290e-02
119 2.502290e-02
120 2.502290e-02
121 2.502290e-02
122 2.502290e-02
123 2.502290e-02
124 2.502290e-02
125 2.502290e-02
126 2.502290e-02
127 2.502290e-02
128 2.502290e-02
129 2.502290e-02
130 2.502290e-02
131 2.502290e-02
132 2.502290e-02
133 2.502290e-02
134 2.502290e-02
135 2.502290e-02
136 2.502290e-02
137 2.502290e-02
138 2.502290e-02
139 2.502290e-02
140 2.502290e-02
141 2.502290e-02
142 2.502290e-02
143 2.502290e-02
144 2.502290e-02
145 2.502290e-02
146 2.502290e-02
147 2.502290e-02
148 2.502290e-02
149 2.502290e-02
150 2.502290e-02
151 2.502290e-02
152 2.502290e-02
153 2.502290e-02
154 2.502290e-02
155 2.502290e-02
156 2.502290e-02
157 2.502290e-02
158 2.502290e-02
159 2.502290e-02
160 2.502290e-02
161 2.502290e-02
162 2.502290e-02
163 2.502290e-02
164 2.502290e-02
165 2.502290e-02
166 2.502290e-02
167 2.502290e-02
168 2.502290e-02
169 2.502290e-02
170 2.502290e-02
171 2.502290e-02
172 2.502290e-02
173 2.502290e-02
174 2.502290e-02
175 2.502290e-02
176 2.502290e-02
177 2.502290e-02
178 2.502290e-02
179 2.502290e-02
180 2.502290e-02
181 2.502290e-02
182 2.502290e-02
183 2.502290e-02
184 2.502290e-02
185 2.502290e-02
186 2.502290e-02
187 2.502290e-02
188 2.502290e-02
189 2.502290e-02
190 2.502290e-02
191 2.502290e-02
192 2.502290e-02
193 2.502290e-02
194 2.502290e-02
195 2.502290e-02
196 2.502290e-02
197 2.502290e-02
198 2.502290e-02
199 2.502290e-02
200 2.502290e-02
201 2.408801e-02
202 2.409883e-02
203 2.409979e-02
204 2.409976e-02
205 2.409976e-02
206 2.409976e-02
207 2.409976e-02
208 2.409976e-02
209 2.409976e-02
210 2.409976e-02
211 2.409976e-02
212 2.409976e-02
213 2.409976e-02
214 2.409976e-02
215 2.409976e-02
216 2.409976e-02
217 2.409976e-02
218 2.409976e-02
219 2.409976e-02
220 2.409976e-02
221 2.409976e-02
222 2.409976e-02
223 2.409976e-02
224 2.409976e-02
225 2.409976e-02
226 2.409976e-02
227 2.409976e-02
228 2.409976e-02
229 2.409976e-02
230 2.409976e-02
231 2.409976e-02
232 2.409976e-02
233 2.409976e-02
234 2.409976e-02
235 2.409976e-02
236 2.409976e-02
237 2.409976e-02
238 2.409976e-02
239 2.409976e-02
240 2.409976e-02
241 2.409976e-02
242 2.409976e-02
243 2.409976e-02
244 2.409976e-02
245 2.409976e-02
246 2.409976e-02
247 2.409976e-02
248 2.409976e-02
249 2.409976e-02
250 2.409976e-02
251 2.409976e-02
252 2.409976e-02
253 2.409976e-02
254 2.409976e-02
255 2.409976e-02
256 2.409976e-02
257 2.409976e-02
258 2.409976e-02
259 2.409976e-02
260 2.409976e-02
261 2.409976e-02
262 2.409976e-02
263 2.409976e-02
264 2.409976e-02
265 2.409976e-02
266 2.409976e-02
267 2.409976e-02
268 2.409976e-02
269 2.409976e-02
270 2.409976e-02
271 2.409976e-02
272 2.409976e-02
273 2.409976e-02
274 2.409976e-02
275 2.409976e-02
276 2.409976e-02
277 2.409976e-02
278 2.409976e-02
279 2.409976e-02
280 2.409976e-02
281 2.409976e-02
282 2.409976e-02
283 2.409976e-02
284 2.409976e-02
285 2.409976e-02
286 2.409976e-02
287 2.409976e-02
288 2.409976e-02
289 2.409976e-02
290 2.409976e-02
291 2.409976e-02
292 2.409976e-02
293 2.409976e-02
294 2.409976e-02
295 2.409976e-02
296 2.409976e-02
297 2.409976e-02
298 2.409976e-02
299 2.409976e-02
300 2.409976e-02
