1 0.143901
2 0.143511
3 0.141745
4 0.141738
5 0.141742
6 0.141743
7 0.141742
8 0.141742
9 0.141742
10 0.141742
11 0.141742
12 0.141742
13 0.141742
14 0.141742
15 0.141742
16 0.141742
17 0.141742
18 0.141742
19 0.141742
20 0.141742
21 0.141742
22 0.141742
23 0.141742
24 0.141742
25 0.141742
26 0.141742
27 0.141742
28 0.141742
29 0.141742
30 0.141742
31 0.057390
32 0.053485
33 0.054230
34 0.054439
35 0.054432
36 0.054423
37 0.054420
38 0.054420
39 0.054420
40 0.054420
41 0.054420
42 0.054420
43 0.054420
44 0.054420
45 0.054420
46 0.054420
47 0.054420
48 0.054420
49 0.054420
50 0.054420
51 0.054420
52 0.054420
53 0.054420
54 0.054420
55 0.054420
56 0.054420
57 0.054420
58 0.054420
59 0.054420
60 0.054420
61 0.049810
62 0.049511
63 0.049503
64 0.049503
65 0.049504
66 0.049504
67 0.049504
68 0.049504
69 0.049504
70 0.049504
71 0.049504
72 0.049504
73 0.049504
74 0.049504
75 0.049504
76 0.049504
77 0.049504
78 0.049504
79 0.049504
80 0.049504
81 0.049504
82 0.049504
83 0.049504
84 0.049504
85 0.049504
86 0.049504
87 0.049504
88 0.049504
89 0.049504
90 0.049504
