1 0.219792
2 0.215781
3 0.214115
4 0.214453
5 0.213854
6 0.214401
7 0.213958
8 0.214115
9 0.214036
10 0.213698
11 0.213776
12 0.213776
13 0.213984
14 0.213672
15 0.213932
16 0.213776
17 0.213984
18 0.213802
19 0.213932
20 0.213828
21 0.213880
22 0.213958
23 0.213854
24 0.214089
25 0.213854
26 0.214115
27 0.213776
28 0.214036
29 0.213776
30 0.214089
31 0.213854
32 0.214193
33 0.213880
34 0.214167
35 0.213750
36 0.214141
37 0.213776
38 0.214089
39 0.213854
40 0.214167
41 0.213906
42 0.214141
43 0.213880
44 0.214167
45 0.213958
46 0.214089
47 0.213906
48 0.214062
49 0.213854
50 0.214036
51 0.213828
52 0.213984
53 0.213776
54 0.214010
55 0.213776
56 0.213984
57 0.213750
58 0.213958
59 0.213750
60 0.213958
61 0.213750
62 0.214010
63 0.213750
64 0.214036
65 0.213776
66 0.214036
67 0.213802
68 0.214010
69 0.213750
70 0.214036
71 0.213750
72 0.214010
73 0.213750
74 0.213984
75 0.213724
76 0.214010
77 0.213724
78 0.214010
79 0.213724
80 0.214010
81 0.213724
82 0.214036
83 0.213750
84 0.214062
85 0.213776
86 0.214115
87 0.213802
88 0.214062
89 0.213802
90 0.214062
91 0.213802
92 0.214062
93 0.213776
94 0.214062
95 0.213724
96 0.214036
97 0.213750
98 0.214089
99 0.213724
100 0.214141
101 0.206823
102 0.209010
103 0.208125
104 0.208802
105 0.208411
106 0.208542
107 0.208750
108 0.208802
109 0.208776
110 0.208724
111 0.208828
112 0.208854
113 0.208828
114 0.208854
115 0.208750
116 0.208906
117 0.208802
118 0.208828
119 0.208724
120 0.208854
121 0.208724
122 0.208854
123 0.208646
124 0.208958
125 0.208724
126 0.208958
127 0.208698
128 0.209063
129 0.208698
130 0.209010
131 0.208672
132 0.209141
133 0.208594
134 0.209115
135 0.208698
136 0.209115
137 0.208802
138 0.209141
139 0.208854
140 0.209036
141 0.208906
142 0.209010
143 0.208932
144 0.209036
145 0.208828
146 0.209167
147 0.208724
148 0.209141
149 0.208698
150 0.209089
151 0.208724
152 0.209115
153 0.208724
154 0.209167
155 0.208646
156 0.209219
157 0.208620
158 0.209219
159 0.208672
160 0.209219
161 0.208672
162 0.209219
163 0.208646
164 0.209245
165 0.208672
166 0.209219
167 0.208776
168 0.209271
169 0.208724
170 0.209349
171 0.208698
172 0.209375
173 0.208724
174 0.209401
175 0.208776
176 0.209427
177 0.208750
178 0.209401
179 0.208724
180 0.209401
181 0.208698
182 0.209427
183 0.208698
184 0.209505
185 0.208672
186 0.209479
187 0.208724
188 0.209401
189 0.208698
190 0.209401
191 0.208698
192 0.209375
193 0.208672
194 0.209427
195 0.208698
196 0.209427
197 0.208672
198 0.209453
199 0.208724
200 0.209479
201 0.208828
202 0.208984
203 0.208073
204 0.208776
205 0.208047
206 0.208906
207 0.208073
208 0.209167
209 0.208255
210 0.209141
211 0.208203
212 0.209063
213 0.208255
214 0.209063
215 0.208307
216 0.209063
217 0.208359
218 0.208958
219 0.208281
220 0.209036
221 0.208307
222 0.209089
223 0.208281
224 0.209115
225 0.208307
226 0.209063
227 0.208203
228 0.209063
229 0.208151
230 0.209036
231 0.208281
232 0.209115
233 0.208255
234 0.209141
235 0.208203
236 0.209089
237 0.208125
238 0.209141
239 0.208125
240 0.209115
241 0.208177
242 0.209219
243 0.208203
244 0.209271
245 0.208229
246 0.209297
247 0.208255
248 0.209297
249 0.208333
250 0.209375
251 0.208359
252 0.209375
253 0.208411
254 0.209401
255 0.208464
256 0.209479
257 0.208490
258 0.209479
259 0.208437
260 0.209479
261 0.208490
262 0.209453
263 0.208490
264 0.209479
265 0.208411
266 0.209505
267 0.208385
268 0.209557
269 0.208359
270 0.209557
271 0.208359
272 0.209505
273 0.208359
274 0.209453
275 0.208385
276 0.209401
277 0.208385
278 0.209401
279 0.208464
280 0.209375
281 0.208437
282 0.209349
283 0.208464
284 0.209401
285 0.208464
286 0.209427
287 0.208516
288 0.209479
289 0.208490
290 0.209505
291 0.208516
292 0.209479
293 0.208516
294 0.209453
295 0.208594
296 0.209531
297 0.208594
298 0.209557
299 0.208646
300 0.209557
