1 0.140677
2 0.128021
3 0.125339
4 0.125182
5 0.125625
6 0.125286
7 0.125911
8 0.126042
9 0.126458
10 0.127240
11 0.127760
12 0.128776
13 0.128880
14 0.129688
15 0.130208
16 0.130703
17 0.131328
18 0.132005
19 0.131693
20 0.132969
21 0.132083
22 0.133906
23 0.132943
24 0.134870
25 0.133594
26 0.135443
27 0.134089
28 0.135859
29 0.134401
30 0.136641
31 0.135000
32 0.137031
33 0.135677
34 0.137474
35 0.135990
36 0.137474
37 0.136328
38 0.137786
39 0.136510
40 0.137995
41 0.137031
42 0.138203
43 0.137135
44 0.138203
45 0.137057
46 0.138333
47 0.137396
48 0.138568
49 0.137526
50 0.138698
51 0.137552
52 0.138802
53 0.137630
54 0.138828
55 0.137682
56 0.138880
57 0.137786
58 0.138906
59 0.137760
60 0.139010
61 0.137813
62 0.138984
63 0.137734
64 0.139036
65 0.137760
66 0.139036
67 0.137760
68 0.139036
69 0.137734
70 0.139089
71 0.137760
72 0.139271
73 0.137813
74 0.139245
75 0.137891
76 0.139167
77 0.137917
78 0.139193
79 0.137917
80 0.139193
81 0.137943
82 0.139297
83 0.137969
84 0.139271
85 0.137995
86 0.139297
87 0.137917
88 0.139453
89 0.137865
90 0.139453
91 0.137891
92 0.139453
93 0.137865
94 0.139505
95 0.137943
96 0.139557
97 0.137995
98 0.139635
99 0.137969
100 0.139635
101 0.113203
102 0.112266
103 0.111510
104 0.111875
105 0.111094
106 0.111667
107 0.111120
108 0.111484
109 0.111224
110 0.111328
111 0.111250
112 0.111276
113 0.111276
114 0.111224
115 0.111354
116 0.111224
117 0.111172
118 0.111224
119 0.111068
120 0.111328
121 0.110937
122 0.111198
123 0.110964
124 0.111250
125 0.110833
126 0.111224
127 0.110833
128 0.111302
129 0.110859
130 0.111302
131 0.110833
132 0.111406
133 0.110807
134 0.111432
135 0.110781
136 0.111406
137 0.110755
138 0.111354
139 0.110729
140 0.111432
141 0.110755
142 0.111432
143 0.110755
144 0.111380
145 0.110755
146 0.111354
147 0.110755
148 0.111328
149 0.110703
150 0.111354
151 0.110677
152 0.111380
153 0.110729
154 0.111380
155 0.110729
156 0.111354
157 0.110729
158 0.111380
159 0.110755
160 0.111380
161 0.110781
162 0.111380
163 0.110807
164 0.111354
165 0.110807
166 0.111328
167 0.110807
168 0.111328
169 0.110833
170 0.111354
171 0.110807
172 0.111354
173 0.110781
174 0.111328
175 0.110781
176 0.111328
177 0.110755
178 0.111380
179 0.110729
180 0.111380
181 0.110729
182 0.111380
183 0.110729
184 0.111406
185 0.110703
186 0.111354
187 0.110677
188 0.111354
189 0.110677
190 0.111354
191 0.110677
192 0.111380
193 0.110677
194 0.111380
195 0.110677
196 0.111380
197 0.110677
198 0.111380
199 0.110677
200 0.111380
201 0.108385
202 0.108802
203 0.108464
204 0.108750
205 0.108229
206 0.108698
207 0.108047
208 0.108698
209 0.108125
210 0.108724
211 0.108203
212 0.108646
213 0.108281
214 0.108646
215 0.108385
216 0.108594
217 0.108385
218 0.108646
219 0.108333
220 0.108568
221 0.108333
222 0.108542
223 0.108333
224 0.108542
225 0.108307
226 0.108620
227 0.108281
228 0.108620
229 0.108203
230 0.108646
231 0.108255
232 0.108646
233 0.108333
234 0.108672
235 0.108307
236 0.108646
237 0.108307
238 0.108646
239 0.108333
240 0.108672
241 0.108333
242 0.108750
243 0.108333
244 0.108698
245 0.108333
246 0.108802
247 0.108333
248 0.108802
249 0.108281
250 0.108828
251 0.108255
252 0.108802
253 0.108333
254 0.108828
255 0.108385
256 0.108828
257 0.108359
258 0.108906
259 0.108359
260 0.108906
261 0.108333
262 0.109010
263 0.108333
264 0.109010
265 0.108359
266 0.109010
267 0.108359
268 0.109036
269 0.108359
270 0.109010
271 0.108359
272 0.109010
273 0.108333
274 0.109010
275 0.108359
276 0.109036
277 0.108359
278 0.109063
279 0.108359
280 0.109063
281 0.108359
282 0.109063
283 0.108333
284 0.109063
285 0.108333
286 0.109089
287 0.108333
288 0.109089
289 0.108333
290 0.109089
291 0.108333
292 0.109089
293 0.108333
294 0.109063
295 0.108359
296 0.109063
297 0.108359
298 0.109036
299 0.108359
300 0.109036
