1 4.398741e-02
2 3.959157e-02
3 3.947487e-02
4 3.953413e-02
5 3.953521e-02
6 3.953711e-02
7 3.953760e-02
8 3.953764e-02
9 3.953764e-02
10 3.953764e-02
11 3.953764e-02
12 3.953764e-02
13 3.953764e-02
14 3.953764e-02
15 3.953764e-02
16 3.953764e-02
17 3.953764e-02
18 3.953764e-02
19 3.953764e-02
20 3.953764e-02
21 3.953764e-02
22 3.953764e-02
23 3.953764e-02
24 3.953764e-02
25 3.953764e-02
26 3.953764e-02
27 3.953764e-02
28 3.953764e-02
29 3.953764e-02
30 3.953764e-02
31 3.953764e-02
32 3.953764e-02
33 3.953764e-02
34 3.953764e-02
35 3.953764e-02
36 3.953764e-02
37 3.953764e-02
38 3.953764e-02
39 3.953764e-02
40 3.953764e-02
41 3.953764e-02
42 3.953764e-02
43 3.953764e-02
44 3.953764e-02
45 3.953764e-02
46 3.953764e-02
47 3.953764e-02
48 3.953764e-02
49 3.953764e-02
50 3.953764e-02
51 3.953764e-02
52 3.953764e-02
53 3.953764e-02
54 3.953764e-02
55 3.953764e-02
56 3.953764e-02
57 3.953764e-02
58 3.953764e-02
59 3.953764e-02
60 3.953764e-02
61 3.953764e-02
62 3.953764e-02
63 3.953764e-02
64 3.953764e-02
65 3.953764e-02
66 3.953764e-02
67 3.953764e-02
68 3.953764e-02
69 3.953764e-02
70 3.953764e-02
71 3.953764e-02
72 3.953764e-02
73 3.953764e-02
74 3.953764e-02
75 3.953764e-02
76 3.953764e-02
77 3.953764e-02
78 3.953764e-02
79 3.953764e-02
80 3.953764e-02
81 3.953764e-02
82 3.953764e-02
83 3.953764e-02
84 3.953764e-02
85 3.953764e-02
86 3.953764e-02
87 3.953764e-02
88 3.953764e-02
89 3.953764e-02
90 3.953764e-02
91 3.953764e-02
92 3.953764e-02
93 3.953764e-02
94 3.953764e-02
95 3.953764e-02
96 3.953764e-02
97 3.953764e-02
98 3.953764e-02
99 3.953764e-02
100 3.953764e-02
101 3.718834e-02
102 3.573681e-02
103 3.691348e-02
104 3.685294e-02
105 3.697643e-02
106 3.696571e-02
107 3.698199e-02
108 3.697951e-02
109 3.698203e-02
110 3.698147e-02
111 3.698191e-02
112 3.698178e-02
113 3.698186e-02
114 3.698184e-02
115 3.698185e-02
116 3.698184e-02
117 3.698185e-02
118 3.698185e-02
119 3.698185e-02
120 3.698185e-02
121 3.698185e-02
122 3.698185e-02
123 3.698185e-02
124 3.698185e-02
125 3.698185e-02
126 3.698185e-02
127 3.698185e-02
128 3.698185e-02
129 3.698185e-02
130 3.698185e-02
131 3.698185e-02
132 3.698185e-02
133 3.698185e-02
134 3.698185e-02
135 3.698185e-02
136 3.698185e-02
137 3.698185e-02
138 3.698185e-02
139 3.698185e-02
140 3.698185e-02
141 3.698185e-02
142 3.698185e-02
143 3.698185e-02
144 3.698185e-02
145 3.698185e-02
146 3.698185e-02
147 3.698185e-02
148 3.698185e-02
149 3.698185e-02
150 3.698185e-02
151 3.698185e-02
152 3.698185e-02
153 3.698185e-02
154 3.698185e-02
155 3.698185e-02
156 3.698185e-02
157 3.698185e-02
158 3.698185e-02
159 3.698185e-02
160 3.698185e-02
161 3.698185e-02
162 3.698185e-02
163 3.698185e-02
164 3.698185e-02
165 3.698185e-02
166 3.698185e-02
167 3.698185e-02
168 3.698185e-02
169 3.698185e-02
170 3.698185e-02
171 3.698185e-02
172 3.698185e-02
173 3.698185e-02
174 3.698185e-02
175 3.698185e-02
176 3.698185e-02
177 3.698185e-02
178 3.698185e-02
179 3.698185e-02
180 3.698185e-02
181 3.698185e-02
182 3.698185e-02
183 3.698185e-02
184 3.698185e-02
185 3.698185e-02
186 3.698185e-02
187 3.698185e-02
188 3.698185e-02
189 3.698185e-02
190 3.698185e-02
191 3.698185e-02
192 3.698185e-02
193 3.698185e-02
194 3.698185e-02
195 3.698185e-02
196 3.698185e-02
197 3.698185e-02
198 3.698185e-02
199 3.698185e-02
200 3.698185e-02
201 2.777706e-02
202 2.735930e-02
203 2.724811e-02
204 2.722297e-02
205 2.722025e-02
206 2.721750e-02
207 2.721763e-02
208 2.721729e-02
209 2.721734e-02
210 2.721730e-02
211 2.721731e-02
212 2.721730e-02
213 2.721730e-02
214 2.721730e-02
215 2.721730e-02
216 2.721730e-02
217 2.721730e-02
218 2.721730e-02
219 2.721730e-02
220 2.721730e-02
221 2.721730e-02
222 2.721730e-02
223 2.721730e-02
224 2.721730e-02
225 2.721730e-02
226 2.721730e-02
227 2.721730e-02
228 2.721730e-02
229 2.721730e-02
230 2.721730e-02
231 2.721730e-02
232 2.721730e-02
233 2.721730e-02
234 2.721730e-02
235 2.721730e-02
236 2.721730e-02
237 2.721730e-02
238 2.721730e-02
239 2.721730e-02
240 2.721730e-02
241 2.721730e-02
242 2.721730e-02
243 2.721730e-02
244 2.721730e-02
245 2.721730e-02
246 2.721730e-02
247 2.721730e-02
248 2.721730e-02
249 2.721730e-02
250 2.721730e-02
251 2.721730e-02
252 2.721730e-02
253 2.721730e-02
254 2.721730e-02
255 2.721730e-02
256 2.721730e-02
257 2.721730e-02
258 2.721730e-02
259 2.721730e-02
260 2.721730e-02
261 2.721730e-02
262 2.721730e-02
263 2.721730e-02
264 2.721730e-02
265 2.721730e-02
266 2.721730e-02
267 2.721730e-02
268 2.721730e-02
269 2.721730e-02
270 2.721730e-02
271 2.721730e-02
272 2.721730e-02
273 2.721730e-02
274 2.721730e-02
275 2.721730e-02
276 2.721730e-02
277 2.721730e-02
278 2.721730e-02
279 2.721730e-02
280 2.721730e-02
281 2.721730e-02
282 2.721730e-02
283 2.721730e-02
284 2.721730e-02
285 2.721730e-02
286 2.721730e-02
287 2.721730e-02
288 2.721730e-02
289 2.721730e-02
290 2.721730e-02
291 2.721730e-02
292 2.721730e-02
293 2.721730e-02
294 2.721730e-02
295 2.721730e-02
296 2.721730e-02
297 2.721730e-02
298 2.721730e-02
299 2.721730e-02
300 2.721730e-02
