1 2.285410e-02
2 1.549434e-02
3 1.526275e-02
4 1.528488e-02
5 1.528453e-02
6 1.528523e-02
7 1.528543e-02
8 1.528545e-02
9 1.528545e-02
10 1.528545e-02
11 1.528545e-02
12 1.528545e-02
13 1.528545e-02
14 1.528545e-02
15 1.528545e-02
16 1.528545e-02
17 1.528545e-02
18 1.528545e-02
19 1.528545e-02
20 1.528545e-02
21 1.528545e-02
22 1.528545e-02
23 1.528545e-02
24 1.528545e-02
25 1.528545e-02
26 1.528545e-02
27 1.528545e-02
28 1.528545e-02
29 1.528545e-02
30 1.528545e-02
31 1.528545e-02
32 1.528545e-02
33 1.528545e-02
34 1.528545e-02
35 1.528545e-02
36 1.528545e-02
37 1.528545e-02
38 1.528545e-02
39 1.528545e-02
40 1.528545e-02
41 1.528545e-02
42 1.528545e-02
43 1.528545e-02
44 1.528545e-02
45 1.528545e-02
46 1.528545e-02
47 1.528545e-02
48 1.528545e-02
49 1.528545e-02
50 1.528545e-02
51 1.528545e-02
52 1.528545e-02
53 1.528545e-02
54 1.528545e-02
55 1.528545e-02
56 1.528545e-02
57 1.528545e-02
58 1.528545e-02
59 1.528545e-02
60 1.528545e-02
61 1.528545e-02
62 1.528545e-02
63 1.528545e-02
64 1.528545e-02
65 1.528545e-02
66 1.528545e-02
67 1.528545e-02
68 1.528545e-02
69 1.528545e-02
70 1.528545e-02
71 1.528545e-02
72 1.528545e-02
73 1.528545e-02
74 1.528545e-02
75 1.528545e-02
76 1.528545e-02
77 1.528545e-02
78 1.528545e-02
79 1.528545e-02
80 1.528545e-02
81 1.528545e-02
82 1.528545e-02
83 1.528545e-02
84 1.528545e-02
85 1.528545e-02
86 1.528545e-02
87 1.528545e-02
88 1.528545e-02
89 1.528545e-02
90 1.528545e-02
91 1.528545e-02
92 1.528545e-02
93 1.528545e-02
94 1.528545e-02
95 1.528545e-02
96 1.528545e-02
97 1.528545e-02
98 1.528545e-02
99 1.528545e-02
100 1.528545e-02
101 2.902360e-03
102 2.398532e-03
103 2.355121e-03
104 2.359214e-03
105 2.358507e-03
106 2.358644e-03
107 2.358613e-03
108 2.358619e-03
109 2.358618e-03
110 2.358618e-03
111 2.358618e-03
112 2.358618e-03
113 2.358618e-03
114 2.358618e-03
115 2.358618e-03
116 2.358618e-03
117 2.358618e-03
118 2.358618e-03
119 2.358618e-03
120 2.358618e-03
121 2.358618e-03
122 2.358618e-03
123 2.358618e-03
124 2.358618e-03
125 2.358618e-03
126 2.358618e-03
127 2.358618e-03
128 2.358618e-03
129 2.358618e-03
130 2.358618e-03
131 2.358618e-03
132 2.358618e-03
133 2.358618e-03
134 2.358618e-03
135 2.358618e-03
136 2.358618e-03
137 2.358618e-03
138 2.358618e-03
139 2.358618e-03
140 2.358618e-03
141 2.358618e-03
142 2.358618e-03
143 2.358618e-03
144 2.358618e-03
145 2.358618e-03
146 2.358618e-03
147 2.358618e-03
148 2.358618e-03
149 2.358618e-03
150 2.358618e-03
151 2.358618e-03
152 2.358618e-03
153 2.358618e-03
154 2.358618e-03
155 2.358618e-03
156 2.358618e-03
157 2.358618e-03
158 2.358618e-03
159 2.358618e-03
160 2.358618e-03
161 2.358618e-03
162 2.358618e-03
163 2.358618e-03
164 2.358618e-03
165 2.358618e-03
166 2.358618e-03
167 2.358618e-03
168 2.358618e-03
169 2.358618e-03
170 2.358618e-03
171 2.358618e-03
172 2.358618e-03
173 2.358618e-03
174 2.358618e-03
175 2.358618e-03
176 2.358618e-03
177 2.358618e-03
178 2.358618e-03
179 2.358618e-03
180 2.358618e-03
181 2.358618e-03
182 2.358618e-03
183 2.358618e-03
184 2.358618e-03
185 2.358618e-03
186 2.358618e-03
187 2.358618e-03
188 2.358618e-03
189 2.358618e-03
190 2.358618e-03
191 2.358618e-03
192 2.358618e-03
193 2.358618e-03
194 2.358618e-03
195 2.358618e-03
196 2.358618e-03
197 2.358618e-03
198 2.358618e-03
199 2.358618e-03
200 2.358618e-03
201 2.140859e-03
202 2.136756e-03
203 2.137008e-03
204 2.137096e-03
205 2.137117e-03
206 2.137116e-03
207 2.137116e-03
208 2.137116e-03
209 2.137116e-03
210 2.137116e-03
211 2.137116e-03
212 2.137116e-03
213 2.137116e-03
214 2.137116e-03
215 2.137116e-03
216 2.137116e-03
217 2.137116e-03
218 2.137116e-03
219 2.137116e-03
220 2.137116e-03
221 2.137116e-03
222 2.137116e-03
223 2.137116e-03
224 2.137116e-03
225 2.137116e-03
226 2.137116e-03
227 2.137116e-03
228 2.137116e-03
229 2.137116e-03
230 2.137116e-03
231 2.137116e-03
232 2.137116e-03
233 2.137116e-03
234 2.137116e-03
235 2.137116e-03
236 2.137116e-03
237 2.137116e-03
238 2.137116e-03
239 2.137116e-03
240 2.137116e-03
241 2.137116e-03
242 2.137116e-03
243 2.137116e-03
244 2.137116e-03
245 2.137116e-03
246 2.137116e-03
247 2.137116e-03
248 2.137116e-03
249 2.137116e-03
250 2.137116e-03
251 2.137116e-03
252 2.137116e-03
253 2.137116e-03
254 2.137116e-03
255 2.137116e-03
256 2.137116e-03
257 2.137116e-03
258 2.137116e-03
259 2.137116e-03
260 2.137116e-03
261 2.137116e-03
262 2.137116e-03
263 2.137116e-03
264 2.137116e-03
265 2.137116e-03
266 2.137116e-03
267 2.137116e-03
268 2.137116e-03
269 2.137116e-03
270 2.137116e-03
271 2.137116e-03
272 2.137116e-03
273 2.137116e-03
274 2.137116e-03
275 2.137116e-03
276 2.137116e-03
277 2.137116e-03
278 2.137116e-03
279 2.137116e-03
280 2.137116e-03
281 2.137116e-03
282 2.137116e-03
283 2.137116e-03
284 2.137116e-03
285 2.137116e-03
286 2.137116e-03
287 2.137116e-03
288 2.137116e-03
289 2.137116e-03
290 2.137116e-03
291 2.137116e-03
292 2.137116e-03
293 2.137116e-03
294 2.137116e-03
295 2.137116e-03
296 2.137116e-03
297 2.137116e-03
298 2.137116e-03
299 2.137116e-03
300 2.137116e-03
