1 0.022500
2 0.026250
3 0.021875
4 0.025000
5 0.022500
6 0.026250
7 0.023125
8 0.025625
9 0.023750
10 0.026875
11 0.023750
12 0.027500
13 0.023750
14 0.027500
15 0.023750
16 0.027500
17 0.023750
18 0.027500
19 0.024375
20 0.027500
21 0.024375
22 0.027500
23 0.024375
24 0.026875
25 0.024375
26 0.026875
27 0.024375
28 0.026875
29 0.024375
30 0.028125
31 0.024375
32 0.028125
33 0.024375
34 0.028750
35 0.024375
36 0.028750
37 0.024375
38 0.028750
39 0.024375
40 0.028750
41 0.024375
42 0.028750
43 0.024375
44 0.028750
45 0.024375
46 0.028750
47 0.024375
48 0.028750
49 0.024375
50 0.028750
51 0.024375
52 0.028750
53 0.024375
54 0.028750
55 0.024375
56 0.028750
57 0.024375
58 0.028750
59 0.024375
60 0.028750
61 0.024375
62 0.028750
63 0.024375
64 0.028750
65 0.024375
66 0.028750
67 0.024375
68 0.028750
69 0.024375
70 0.028750
71 0.024375
72 0.028750
73 0.024375
74 0.028750
75 0.024375
76 0.028750
77 0.024375
78 0.028750
79 0.024375
80 0.028750
81 0.024375
82 0.028750
83 0.024375
84 0.028750
85 0.024375
86 0.028750
87 0.024375
88 0.028750
89 0.024375
90 0.028750
91 0.024375
92 0.028750
93 0.024375
94 0.028750
95 0.024375
96 0.028750
97 0.024375
98 0.028750
99 0.024375
100 0.028750
101 0.017500
102 0.023750
103 0.017500
104 0.023750
105 0.017500
106 0.023750
107 0.018750
108 0.023750
109 0.020000
110 0.023125
111 0.020000
112 0.023125
113 0.020000
114 0.021875
115 0.019375
116 0.021875
117 0.019375
118 0.021875
119 0.019375
120 0.021250
121 0.019375
122 0.021250
123 0.019375
124 0.021250
125 0.020000
126 0.020625
127 0.020000
128 0.020625
129 0.020000
130 0.019375
131 0.020000
132 0.018125
133 0.020000
134 0.018125
135 0.020000
136 0.018125
137 0.020000
138 0.018125
139 0.020000
140 0.018125
141 0.020000
142 0.018125
143 0.020000
144 0.018125
145 0.020000
146 0.018125
147 0.020000
148 0.018125
149 0.020000
150 0.018125
151 0.019375
152 0.018125
153 0.019375
154 0.018125
155 0.018750
156 0.018125
157 0.018750
158 0.018125
159 0.018750
160 0.018750
161 0.018750
162 0.018125
163 0.018750
164 0.018125
165 0.018750
166 0.018125
167 0.018750
168 0.018125
169 0.018750
170 0.018125
171 0.018750
172 0.018125
173 0.018125
174 0.018125
175 0.018125
176 0.018125
177 0.018125
178 0.018125
179 0.018125
180 0.018125
181 0.018125
182 0.018125
183 0.018125
184 0.018125
185 0.018125
186 0.018125
187 0.018125
188 0.018125
189 0.018125
190 0.018125
191 0.018125
192 0.018125
193 0.018125
194 0.018125
195 0.018125
196 0.018125
197 0.018125
198 0.018125
199 0.018125
200 0.018125
201 0.018125
202 0.018125
203 0.017500
204 0.018125
205 0.017500
206 0.018750
207 0.017500
208 0.018750
209 0.017500
210 0.018750
211 0.016875
212 0.019375
213 0.016875
214 0.018750
215 0.016875
216 0.018750
217 0.016875
218 0.019375
219 0.016875
220 0.019375
221 0.016875
222 0.019375
223 0.016875
224 0.018750
225 0.016875
226 0.018750
227 0.016875
228 0.018750
229 0.016875
230 0.018750
231 0.016875
232 0.018750
233 0.016875
234 0.018750
235 0.016875
236 0.018750
237 0.016875
238 0.018750
239 0.016875
240 0.019375
241 0.016875
242 0.019375
243 0.017500
244 0.019375
245 0.018125
246 0.019375
247 0.018125
248 0.019375
249 0.018125
250 0.018750
251 0.018750
252 0.018750
253 0.018750
254 0.018750
255 0.019375
256 0.018750
257 0.019375
258 0.018750
259 0.019375
260 0.018750
261 0.019375
262 0.019375
263 0.019375
264 0.019375
265 0.019375
266 0.019375
267 0.019375
268 0.019375
269 0.019375
270 0.019375
271 0.019375
272 0.019375
273 0.019375
274 0.019375
275 0.019375
276 0.019375
277 0.019375
278 0.019375
279 0.019375
280 0.019375
281 0.019375
282 0.019375
283 0.019375
284 0.019375
285 0.019375
286 0.019375
287 0.019375
288 0.019375
289 0.019375
290 0.019375
291 0.019375
292 0.019375
293 0.019375
294 0.019375
295 0.019375
296 0.019375
297 0.019375
298 0.019375
299 0.019375
300 0.019375
