1 0.112500
2 0.129375
3 0.113125
4 0.129375
5 0.111250
6 0.126875
7 0.113125
8 0.131250
9 0.113125
10 0.133750
11 0.111875
12 0.136875
13 0.113125
14 0.138125
15 0.114375
16 0.139375
17 0.116875
18 0.140625
19 0.120625
20 0.138125
21 0.121875
22 0.138750
23 0.121875
24 0.140625
25 0.123125
26 0.140625
27 0.122500
28 0.141250
29 0.123750
30 0.142500
31 0.123750
32 0.142500
33 0.123750
34 0.142500
35 0.123125
36 0.141875
37 0.123125
38 0.141250
39 0.123750
40 0.141250
41 0.124375
42 0.141250
43 0.124375
44 0.141250
45 0.124375
46 0.141250
47 0.124375
48 0.142500
49 0.124375
50 0.143125
51 0.124375
52 0.143125
53 0.125000
54 0.143125
55 0.125000
56 0.143125
57 0.125000
58 0.142500
59 0.125625
60 0.142500
61 0.125000
62 0.142500
63 0.125000
64 0.142500
65 0.125000
66 0.142500
67 0.125000
68 0.142500
69 0.125000
70 0.142500
71 0.125000
72 0.142500
73 0.125000
74 0.142500
75 0.125000
76 0.142500
77 0.125000
78 0.142500
79 0.125000
80 0.142500
81 0.125000
82 0.142500
83 0.125000
84 0.142500
85 0.125000
86 0.142500
87 0.125000
88 0.142500
89 0.125000
90 0.142500
91 0.125625
92 0.142500
93 0.125625
94 0.142500
95 0.125625
96 0.142500
97 0.125625
98 0.142500
99 0.125625
100 0.143125
101 0.106875
102 0.130000
103 0.105000
104 0.125000
105 0.106875
106 0.124375
107 0.104375
108 0.123125
109 0.103125
110 0.123125
111 0.102500
112 0.121875
113 0.101875
114 0.121250
115 0.101875
116 0.121875
117 0.102500
118 0.121250
119 0.101250
120 0.120625
121 0.101250
122 0.121250
123 0.101875
124 0.121250
125 0.102500
126 0.121250
127 0.101875
128 0.120000
129 0.101250
130 0.119375
131 0.101875
132 0.119375
133 0.101875
134 0.120000
135 0.102500
136 0.120000
137 0.102500
138 0.119375
139 0.102500
140 0.119375
141 0.101875
142 0.119375
143 0.101875
144 0.119375
145 0.101875
146 0.118750
147 0.102500
148 0.118750
149 0.102500
150 0.118750
151 0.102500
152 0.118750
153 0.102500
154 0.118750
155 0.102500
156 0.119375
157 0.102500
158 0.120000
159 0.102500
160 0.119375
161 0.102500
162 0.118750
163 0.102500
164 0.118750
165 0.102500
166 0.118750
167 0.102500
168 0.118750
169 0.102500
170 0.118750
171 0.103750
172 0.118750
173 0.103750
174 0.118125
175 0.103125
176 0.118125
177 0.103125
178 0.118125
179 0.103125
180 0.118125
181 0.103125
182 0.118125
183 0.103125
184 0.118750
185 0.103125
186 0.118750
187 0.103125
188 0.118750
189 0.103125
190 0.118750
191 0.103125
192 0.118750
193 0.103125
194 0.118750
195 0.103125
196 0.118125
197 0.103125
198 0.118125
199 0.103125
200 0.118125
201 0.105000
202 0.118125
203 0.105000
204 0.117500
205 0.105000
206 0.116875
207 0.105000
208 0.116250
209 0.106250
210 0.115625
211 0.105625
212 0.115000
213 0.105000
214 0.113750
215 0.105000
216 0.114375
217 0.105000
218 0.113125
219 0.105000
220 0.111875
221 0.105000
222 0.111875
223 0.105000
224 0.111875
225 0.105000
226 0.111875
227 0.105000
228 0.113125
229 0.104375
230 0.113125
231 0.104375
232 0.113125
233 0.104375
234 0.112500
235 0.104375
236 0.111875
237 0.104375
238 0.111250
239 0.104375
240 0.110625
241 0.105000
242 0.109375
243 0.105000
244 0.109375
245 0.105000
246 0.110000
247 0.105000
248 0.109375
249 0.105000
250 0.109375
251 0.105000
252 0.109375
253 0.105000
254 0.109375
255 0.105000
256 0.109375
257 0.105000
258 0.109375
259 0.105000
260 0.110000
261 0.105000
262 0.110000
263 0.105000
264 0.110000
265 0.105000
266 0.110000
267 0.105000
268 0.110000
269 0.105000
270 0.110000
271 0.105000
272 0.110000
273 0.105000
274 0.110000
275 0.105000
276 0.110000
277 0.105000
278 0.110000
279 0.104375
280 0.110000
281 0.104375
282 0.110000
283 0.104375
284 0.110000
285 0.104375
286 0.110000
287 0.104375
288 0.110000
289 0.104375
290 0.110000
291 0.104375
292 0.110000
293 0.104375
294 0.110000
295 0.104375
296 0.110000
297 0.104375
298 0.109375
299 0.104375
300 0.109375
