1 2.784813e-01
2 2.796896e-01
3 2.794330e-01
4 2.794394e-01
5 2.794393e-01
6 2.794393e-01
7 2.794393e-01
8 2.794393e-01
9 2.794393e-01
10 2.794393e-01
11 2.794393e-01
12 2.794393e-01
13 2.794393e-01
14 2.794393e-01
15 2.794393e-01
16 2.794393e-01
17 2.794393e-01
18 2.794393e-01
19 2.794393e-01
20 2.794393e-01
21 2.794393e-01
22 2.794393e-01
23 2.794393e-01
24 2.794393e-01
25 2.794393e-01
26 2.794393e-01
27 2.794393e-01
28 2.794393e-01
29 2.794393e-01
30 2.794393e-01
31 2.794393e-01
32 2.794393e-01
33 2.794393e-01
34 2.794393e-01
35 2.794393e-01
36 2.794393e-01
37 2.794393e-01
38 2.794393e-01
39 2.794393e-01
40 2.794393e-01
41 2.794393e-01
42 2.794393e-01
43 2.794393e-01
44 2.794393e-01
45 2.794393e-01
46 2.794393e-01
47 2.794393e-01
48 2.794393e-01
49 2.794393e-01
50 2.794393e-01
51 2.794393e-01
52 2.794393e-01
53 2.794393e-01
54 2.794393e-01
55 2.794393e-01
56 2.794393e-01
57 2.794393e-01
58 2.794393e-01
59 2.794393e-01
60 2.794393e-01
61 2.794393e-01
62 2.794393e-01
63 2.794393e-01
64 2.794393e-01
65 2.794393e-01
66 2.794393e-01
67 2.794393e-01
68 2.794393e-01
69 2.794393e-01
70 2.794393e-01
71 2.794393e-01
72 2.794393e-01
73 2.794393e-01
74 2.794393e-01
75 2.794393e-01
76 2.794393e-01
77 2.794393e-01
78 2.794393e-01
79 2.794393e-01
80 2.794393e-01
81 2.794393e-01
82 2.794393e-01
83 2.794393e-01
84 2.794393e-01
85 2.794393e-01
86 2.794393e-01
87 2.794393e-01
88 2.794393e-01
89 2.794393e-01
90 2.794393e-01
91 2.794393e-01
92 2.794393e-01
93 2.794393e-01
94 2.794393e-01
95 2.794393e-01
96 2.794393e-01
97 2.794393e-01
98 2.794393e-01
99 2.794393e-01
100 2.794393e-01
101 3.611654e-01
102 3.743167e-01
103 3.759918e-01
104 3.762179e-01
105 3.762507e-01
106 3.762557e-01
107 3.762565e-01
108 3.762566e-01
109 3.762566e-01
110 3.762566e-01
111 3.762566e-01
112 3.762566e-01
113 3.762566e-01
114 3.762566e-01
115 3.762566e-01
116 3.762566e-01
117 3.762566e-01
118 3.762566e-01
119 3.762566e-01
120 3.762566e-01
121 3.762566e-01
122 3.762566e-01
123 3.762566e-01
124 3.762566e-01
125 3.762566e-01
126 3.762566e-01
127 3.762566e-01
128 3.762566e-01
129 3.762566e-01
130 3.762566e-01
131 3.762566e-01
132 3.762566e-01
133 3.762566e-01
134 3.762566e-01
135 3.762566e-01
136 3.762566e-01
137 3.762566e-01
138 3.762566e-01
139 3.762566e-01
140 3.762566e-01
141 3.762566e-01
142 3.762566e-01
143 3.762566e-01
144 3.762566e-01
145 3.762566e-01
146 3.762566e-01
147 3.762566e-01
148 3.762566e-01
149 3.762566e-01
150 3.762566e-01
151 3.762566e-01
152 3.762566e-01
153 3.762566e-01
154 3.762566e-01
155 3.762566e-01
156 3.762566e-01
157 3.762566e-01
158 3.762566e-01
159 3.762566e-01
160 3.762566e-01
161 3.762566e-01
162 3.762566e-01
163 3.762566e-01
164 3.762566e-01
165 3.762566e-01
166 3.762566e-01
167 3.762566e-01
168 3.762566e-01
169 3.762566e-01
170 3.762566e-01
171 3.762566e-01
172 3.762566e-01
173 3.762566e-01
174 3.762566e-01
175 3.762566e-01
176 3.762566e-01
177 3.762566e-01
178 3.762566e-01
179 3.762566e-01
180 3.762566e-01
181 3.762566e-01
182 3.762566e-01
183 3.762566e-01
184 3.762566e-01
185 3.762566e-01
186 3.762566e-01
187 3.762566e-01
188 3.762566e-01
189 3.762566e-01
190 3.762566e-01
191 3.762566e-01
192 3.762566e-01
193 3.762566e-01
194 3.762566e-01
195 3.762566e-01
196 3.762566e-01
197 3.762566e-01
198 3.762566e-01
199 3.762566e-01
200 3.762566e-01
201 3.700283e-01
202 3.697159e-01
203 3.696950e-01
204 3.696935e-01
205 3.696934e-01
206 3.696934e-01
207 3.696934e-01
208 3.696934e-01
209 3.696934e-01
210 3.696934e-01
211 3.696934e-01
212 3.696934e-01
213 3.696934e-01
214 3.696934e-01
215 3.696934e-01
216 3.696934e-01
217 3.696934e-01
218 3.696934e-01
219 3.696934e-01
220 3.696934e-01
221 3.696934e-01
222 3.696934e-01
223 3.696934e-01
224 3.696934e-01
225 3.696934e-01
226 3.696934e-01
227 3.696934e-01
228 3.696934e-01
229 3.696934e-01
230 3.696934e-01
231 3.696934e-01
232 3.696934e-01
233 3.696934e-01
234 3.696934e-01
235 3.696934e-01
236 3.696934e-01
237 3.696934e-01
238 3.696934e-01
239 3.696934e-01
240 3.696934e-01
241 3.696934e-01
242 3.696934e-01
243 3.696934e-01
244 3.696934e-01
245 3.696934e-01
246 3.696934e-01
247 3.696934e-01
248 3.696934e-01
249 3.696934e-01
250 3.696934e-01
251 3.696934e-01
252 3.696934e-01
253 3.696934e-01
254 3.696934e-01
255 3.696934e-01
256 3.696934e-01
257 3.696934e-01
258 3.696934e-01
259 3.696934e-01
260 3.696934e-01
261 3.696934e-01
262 3.696934e-01
263 3.696934e-01
264 3.696934e-01
265 3.696934e-01
266 3.696934e-01
267 3.696934e-01
268 3.696934e-01
269 3.696934e-01
270 3.696934e-01
271 3.696934e-01
272 3.696934e-01
273 3.696934e-01
274 3.696934e-01
275 3.696934e-01
276 3.696934e-01
277 3.696934e-01
278 3.696934e-01
279 3.696934e-01
280 3.696934e-01
281 3.696934e-01
282 3.696934e-01
283 3.696934e-01
284 3.696934e-01
285 3.696934e-01
286 3.696934e-01
287 3.696934e-01
288 3.696934e-01
289 3.696934e-01
290 3.696934e-01
291 3.696934e-01
292 3.696934e-01
293 3.696934e-01
294 3.696934e-01
295 3.696934e-01
296 3.696934e-01
297 3.696934e-01
298 3.696934e-01
299 3.696934e-01
300 3.696934e-01
