1 5.782122e-02
2 5.763639e-02
3 5.759033e-02
4 5.759267e-02
5 5.759189e-02
6 5.759187e-02
7 5.759187e-02
8 5.759187e-02
9 5.759187e-02
10 5.759187e-02
11 5.759187e-02
12 5.759187e-02
13 5.759187e-02
14 5.759187e-02
15 5.759187e-02
16 5.759187e-02
17 5.759187e-02
18 5.759187e-02
19 5.759187e-02
20 5.759187e-02
21 5.759187e-02
22 5.759187e-02
23 5.759187e-02
24 5.759187e-02
25 5.759187e-02
26 5.759187e-02
27 5.759187e-02
28 5.759187e-02
29 5.759187e-02
30 5.759187e-02
31 5.759187e-02
32 5.759187e-02
33 5.759187e-02
34 5.759187e-02
35 5.759187e-02
36 5.759187e-02
37 5.759187e-02
38 5.759187e-02
39 5.759187e-02
40 5.759187e-02
41 5.759187e-02
42 5.759187e-02
43 5.759187e-02
44 5.759187e-02
45 5.759187e-02
46 5.759187e-02
47 5.759187e-02
48 5.759187e-02
49 5.759187e-02
50 5.759187e-02
51 5.759187e-02
52 5.759187e-02
53 5.759187e-02
54 5.759187e-02
55 5.759187e-02
56 5.759187e-02
57 5.759187e-02
58 5.759187e-02
59 5.759187e-02
60 5.759187e-02
61 5.759187e-02
62 5.759187e-02
63 5.759187e-02
64 5.759187e-02
65 5.759187e-02
66 5.759187e-02
67 5.759187e-02
68 5.759187e-02
69 5.759187e-02
70 5.759187e-02
71 5.759187e-02
72 5.759187e-02
73 5.759187e-02
74 5.759187e-02
75 5.759187e-02
76 5.759187e-02
77 5.759187e-02
78 5.759187e-02
79 5.759187e-02
80 5.759187e-02
81 5.759187e-02
82 5.759187e-02
83 5.759187e-02
84 5.759187e-02
85 5.759187e-02
86 5.759187e-02
87 5.759187e-02
88 5.759187e-02
89 5.759187e-02
90 5.759187e-02
91 5.759187e-02
92 5.759187e-02
93 5.759187e-02
94 5.759187e-02
95 5.759187e-02
96 5.759187e-02
97 5.759187e-02
98 5.759187e-02
99 5.759187e-02
100 5.759187e-02
101 5.013196e-02
102 5.011229e-02
103 5.011602e-02
104 5.011633e-02
105 5.011634e-02
106 5.011634e-02
107 5.011634e-02
108 5.011634e-02
109 5.011634e-02
110 5.011634e-02
111 5.011634e-02
112 5.011634e-02
113 5.011634e-02
114 5.011634e-02
115 5.011634e-02
116 5.011634e-02
117 5.011634e-02
118 5.011634e-02
119 5.011634e-02
120 5.011634e-02
121 5.011634e-02
122 5.011634e-02
123 5.011634e-02
124 5.011634e-02
125 5.011634e-02
126 5.011634e-02
127 5.011634e-02
128 5.011634e-02
129 5.011634e-02
130 5.011634e-02
131 5.011634e-02
132 5.011634e-02
133 5.011634e-02
134 5.011634e-02
135 5.011634e-02
136 5.011634e-02
137 5.011634e-02
138 5.011634e-02
139 5.011634e-02
140 5.011634e-02
141 5.011634e-02
142 5.011634e-02
143 5.011634e-02
144 5.011634e-02
145 5.011634e-02
146 5.011634e-02
147 5.011634e-02
148 5.011634e-02
149 5.011634e-02
150 5.011634e-02
151 5.011634e-02
152 5.011634e-02
153 5.011634e-02
154 5.011634e-02
155 5.011634e-02
156 5.011634e-02
157 5.011634e-02
158 5.011634e-02
159 5.011634e-02
160 5.011634e-02
161 5.011634e-02
162 5.011634e-02
163 5.011634e-02
164 5.011634e-02
165 5.011634e-02
166 5.011634e-02
167 5.011634e-02
168 5.011634e-02
169 5.011634e-02
170 5.011634e-02
171 5.011634e-02
172 5.011634e-02
173 5.011634e-02
174 5.011634e-02
175 5.011634e-02
176 5.011634e-02
177 5.011634e-02
178 5.011634e-02
179 5.011634e-02
180 5.011634e-02
181 5.011634e-02
182 5.011634e-02
183 5.011634e-02
184 5.011634e-02
185 5.011634e-02
186 5.011634e-02
187 5.011634e-02
188 5.011634e-02
189 5.011634e-02
190 5.011634e-02
191 5.011634e-02
192 5.011634e-02
193 5.011634e-02
194 5.011634e-02
195 5.011634e-02
196 5.011634e-02
197 5.011634e-02
198 5.011634e-02
199 5.011634e-02
200 5.011634e-02
201 4.911013e-02
202 4.909703e-02
203 4.909620e-02
204 4.909611e-02
205 4.909611e-02
206 4.909611e-02
207 4.909611e-02
208 4.909611e-02
209 4.909611e-02
210 4.909611e-02
211 4.909611e-02
212 4.909611e-02
213 4.909611e-02
214 4.909611e-02
215 4.909611e-02
216 4.909611e-02
217 4.909611e-02
218 4.909611e-02
219 4.909611e-02
220 4.909611e-02
221 4.909611e-02
222 4.909611e-02
223 4.909611e-02
224 4.909611e-02
225 4.909611e-02
226 4.909611e-02
227 4.909611e-02
228 4.909611e-02
229 4.909611e-02
230 4.909611e-02
231 4.909611e-02
232 4.909611e-02
233 4.909611e-02
234 4.909611e-02
235 4.909611e-02
236 4.909611e-02
237 4.909611e-02
238 4.909611e-02
239 4.909611e-02
240 4.909611e-02
241 4.909611e-02
242 4.909611e-02
243 4.909611e-02
244 4.909611e-02
245 4.909611e-02
246 4.909611e-02
247 4.909611e-02
248 4.909611e-02
249 4.909611e-02
250 4.909611e-02
251 4.909611e-02
252 4.909611e-02
253 4.909611e-02
254 4.909611e-02
255 4.909611e-02
256 4.909611e-02
257 4.909611e-02
258 4.909611e-02
259 4.909611e-02
260 4.909611e-02
261 4.909611e-02
262 4.909611e-02
263 4.909611e-02
264 4.909611e-02
265 4.909611e-02
266 4.909611e-02
267 4.909611e-02
268 4.909611e-02
269 4.909611e-02
270 4.909611e-02
271 4.909611e-02
272 4.909611e-02
273 4.909611e-02
274 4.909611e-02
275 4.909611e-02
276 4.909611e-02
277 4.909611e-02
278 4.909611e-02
279 4.909611e-02
280 4.909611e-02
281 4.909611e-02
282 4.909611e-02
283 4.909611e-02
284 4.909611e-02
285 4.909611e-02
286 4.909611e-02
287 4.909611e-02
288 4.909611e-02
289 4.909611e-02
290 4.909611e-02
291 4.909611e-02
292 4.909611e-02
293 4.909611e-02
294 4.909611e-02
295 4.909611e-02
296 4.909611e-02
297 4.909611e-02
298 4.909611e-02
299 4.909611e-02
300 4.909611e-02
