1 3.645121e-02
2 3.638083e-02
3 3.630867e-02
4 3.630805e-02
5 3.630761e-02
6 3.630759e-02
7 3.630760e-02
8 3.630760e-02
9 3.630760e-02
10 3.630760e-02
11 3.630760e-02
12 3.630760e-02
13 3.630760e-02
14 3.630760e-02
15 3.630760e-02
16 3.630760e-02
17 3.630760e-02
18 3.630760e-02
19 3.630760e-02
20 3.630760e-02
21 3.630760e-02
22 3.630760e-02
23 3.630760e-02
24 3.630760e-02
25 3.630760e-02
26 3.630760e-02
27 3.630760e-02
28 3.630760e-02
29 3.630760e-02
30 3.630760e-02
31 3.630760e-02
32 3.630760e-02
33 3.630760e-02
34 3.630760e-02
35 3.630760e-02
36 3.630760e-02
37 3.630760e-02
38 3.630760e-02
39 3.630760e-02
40 3.630760e-02
41 3.630760e-02
42 3.630760e-02
43 3.630760e-02
44 3.630760e-02
45 3.630760e-02
46 3.630760e-02
47 3.630760e-02
48 3.630760e-02
49 3.630760e-02
50 3.630760e-02
51 3.630760e-02
52 3.630760e-02
53 3.630760e-02
54 3.630760e-02
55 3.630760e-02
56 3.630760e-02
57 3.630760e-02
58 3.630760e-02
59 3.630760e-02
60 3.630760e-02
61 3.630760e-02
62 3.630760e-02
63 3.630760e-02
64 3.630760e-02
65 3.630760e-02
66 3.630760e-02
67 3.630760e-02
68 3.630760e-02
69 3.630760e-02
70 3.630760e-02
71 3.630760e-02
72 3.630760e-02
73 3.630760e-02
74 3.630760e-02
75 3.630760e-02
76 3.630760e-02
77 3.630760e-02
78 3.630760e-02
79 3.630760e-02
80 3.630760e-02
81 3.630760e-02
82 3.630760e-02
83 3.630760e-02
84 3.630760e-02
85 3.630760e-02
86 3.630760e-02
87 3.630760e-02
88 3.630760e-02
89 3.630760e-02
90 3.630760e-02
91 3.630760e-02
92 3.630760e-02
93 3.630760e-02
94 3.630760e-02
95 3.630760e-02
96 3.630760e-02
97 3.630760e-02
98 3.630760e-02
99 3.630760e-02
100 3.630760e-02
101 1.681126e-02
102 1.676975e-02
103 1.677434e-02
104 1.677475e-02
105 1.677477e-02
106 1.677477e-02
107 1.677477e-02
108 1.677477e-02
109 1.677477e-02
110 1.677477e-02
111 1.677477e-02
112 1.677477e-02
113 1.677477e-02
114 1.677477e-02
115 1.677477e-02
116 1.677477e-02
117 1.677477e-02
118 1.677477e-02
119 1.677477e-02
120 1.677477e-02
121 1.677477e-02
122 1.677477e-02
123 1.677477e-02
124 1.677477e-02
125 1.677477e-02
126 1.677477e-02
127 1.677477e-02
128 1.677477e-02
129 1.677477e-02
130 1.677477e-02
131 1.677477e-02
132 1.677477e-02
133 1.677477e-02
134 1.677477e-02
135 1.677477e-02
136 1.677477e-02
137 1.677477e-02
138 1.677477e-02
139 1.677477e-02
140 1.677477e-02
141 1.677477e-02
142 1.677477e-02
143 1.677477e-02
144 1.677477e-02
145 1.677477e-02
146 1.677477e-02
147 1.677477e-02
148 1.677477e-02
149 1.677477e-02
150 1.677477e-02
151 1.677477e-02
152 1.677477e-02
153 1.677477e-02
154 1.677477e-02
155 1.677477e-02
156 1.677477e-02
157 1.677477e-02
158 1.677477e-02
159 1.677477e-02
160 1.677477e-02
161 1.677477e-02
162 1.677477e-02
163 1.677477e-02
164 1.677477e-02
165 1.677477e-02
166 1.677477e-02
167 1.677477e-02
168 1.677477e-02
169 1.677477e-02
170 1.677477e-02
171 1.677477e-02
172 1.677477e-02
173 1.677477e-02
174 1.677477e-02
175 1.677477e-02
176 1.677477e-02
177 1.677477e-02
178 1.677477e-02
179 1.677477e-02
180 1.677477e-02
181 1.677477e-02
182 1.677477e-02
183 1.677477e-02
184 1.677477e-02
185 1.677477e-02
186 1.677477e-02
187 1.677477e-02
188 1.677477e-02
189 1.677477e-02
190 1.677477e-02
191 1.677477e-02
192 1.677477e-02
193 1.677477e-02
194 1.677477e-02
195 1.677477e-02
196 1.677477e-02
197 1.677477e-02
198 1.677477e-02
199 1.677477e-02
200 1.677477e-02
201 1.671450e-02
202 1.671587e-02
203 1.671592e-02
204 1.671591e-02
205 1.671591e-02
206 1.671591e-02
207 1.671591e-02
208 1.671591e-02
209 1.671591e-02
210 1.671591e-02
211 1.671591e-02
212 1.671591e-02
213 1.671591e-02
214 1.671591e-02
215 1.671591e-02
216 1.671591e-02
217 1.671591e-02
218 1.671591e-02
219 1.671591e-02
220 1.671591e-02
221 1.671591e-02
222 1.671591e-02
223 1.671591e-02
224 1.671591e-02
225 1.671591e-02
226 1.671591e-02
227 1.671591e-02
228 1.671591e-02
229 1.671591e-02
230 1.671591e-02
231 1.671591e-02
232 1.671591e-02
233 1.671591e-02
234 1.671591e-02
235 1.671591e-02
236 1.671591e-02
237 1.671591e-02
238 1.671591e-02
239 1.671591e-02
240 1.671591e-02
241 1.671591e-02
242 1.671591e-02
243 1.671591e-02
244 1.671591e-02
245 1.671591e-02
246 1.671591e-02
247 1.671591e-02
248 1.671591e-02
249 1.671591e-02
250 1.671591e-02
251 1.671591e-02
252 1.671591e-02
253 1.671591e-02
254 1.671591e-02
255 1.671591e-02
256 1.671591e-02
257 1.671591e-02
258 1.671591e-02
259 1.671591e-02
260 1.671591e-02
261 1.671591e-02
262 1.671591e-02
263 1.671591e-02
264 1.671591e-02
265 1.671591e-02
266 1.671591e-02
267 1.671591e-02
268 1.671591e-02
269 1.671591e-02
270 1.671591e-02
271 1.671591e-02
272 1.671591e-02
273 1.671591e-02
274 1.671591e-02
275 1.671591e-02
276 1.671591e-02
277 1.671591e-02
278 1.671591e-02
279 1.671591e-02
280 1.671591e-02
281 1.671591e-02
282 1.671591e-02
283 1.671591e-02
284 1.671591e-02
285 1.671591e-02
286 1.671591e-02
287 1.671591e-02
288 1.671591e-02
289 1.671591e-02
290 1.671591e-02
291 1.671591e-02
292 1.671591e-02
293 1.671591e-02
294 1.671591e-02
295 1.671591e-02
296 1.671591e-02
297 1.671591e-02
298 1.671591e-02
299 1.671591e-02
300 1.671591e-02
