1 0.310838
2 0.230359
3 0.203280
4 0.196239
5 0.194542
6 0.193797
7 0.193589
8 0.193554
9 0.193529
10 0.193524
11 0.193519
12 0.193516
13 0.193515
14 0.193515
15 0.193515
16 0.193515
17 0.193515
18 0.193515
19 0.193515
20 0.193515
21 0.193515
22 0.193515
23 0.193515
24 0.193515
25 0.193515
26 0.193515
27 0.193515
28 0.193515
29 0.193515
30 0.193515
31 0.138660
32 0.121472
33 0.124072
34 0.126330
35 0.126160
36 0.126098
37 0.126324
38 0.126444
39 0.126481
40 0.126489
41 0.126480
42 0.126472
43 0.126476
44 0.126482
45 0.126484
46 0.126483
47 0.126482
48 0.126482
49 0.126482
50 0.126482
51 0.126482
52 0.126482
53 0.126482
54 0.126482
55 0.126482
56 0.126482
57 0.126482
58 0.126482
59 0.126482
60 0.126482
61 0.106464
62 0.099505
63 0.101139
64 0.101972
65 0.101847
66 0.101827
67 0.101889
68 0.101906
69 0.101910
70 0.101912
71 0.101909
72 0.101907
73 0.101907
74 0.101908
75 0.101908
76 0.101908
77 0.101908
78 0.101908
79 0.101908
80 0.101908
81 0.101908
82 0.101908
83 0.101908
84 0.101908
85 0.101908
86 0.101908
87 0.101908
88 0.101908
89 0.101908
90 0.101908
