1 1.315012e-01
2 1.344652e-01
3 1.368331e-01
4 1.371344e-01
5 1.376269e-01
6 1.376795e-01
7 1.377034e-01
8 1.377111e-01
9 1.377171e-01
10 1.377180e-01
11 1.377186e-01
12 1.377188e-01
13 1.377188e-01
14 1.377188e-01
15 1.377188e-01
16 1.377188e-01
17 1.377188e-01
18 1.377188e-01
19 1.377188e-01
20 1.377188e-01
21 1.377188e-01
22 1.377188e-01
23 1.377188e-01
24 1.377188e-01
25 1.377188e-01
26 1.377188e-01
27 1.377188e-01
28 1.377188e-01
29 1.377188e-01
30 1.377188e-01
31 1.377188e-01
32 1.377188e-01
33 1.377188e-01
34 1.377188e-01
35 1.377188e-01
36 1.377188e-01
37 1.377188e-01
38 1.377188e-01
39 1.377188e-01
40 1.377188e-01
41 1.377188e-01
42 1.377188e-01
43 1.377188e-01
44 1.377188e-01
45 1.377188e-01
46 1.377188e-01
47 1.377188e-01
48 1.377188e-01
49 1.377188e-01
50 1.377188e-01
51 1.377188e-01
52 1.377188e-01
53 1.377188e-01
54 1.377188e-01
55 1.377188e-01
56 1.377188e-01
57 1.377188e-01
58 1.377188e-01
59 1.377188e-01
60 1.377188e-01
61 1.377188e-01
62 1.377188e-01
63 1.377188e-01
64 1.377188e-01
65 1.377188e-01
66 1.377188e-01
67 1.377188e-01
68 1.377188e-01
69 1.377188e-01
70 1.377188e-01
71 1.377188e-01
72 1.377188e-01
73 1.377188e-01
74 1.377188e-01
75 1.377188e-01
76 1.377188e-01
77 1.377188e-01
78 1.377188e-01
79 1.377188e-01
80 1.377188e-01
81 1.377188e-01
82 1.377188e-01
83 1.377188e-01
84 1.377188e-01
85 1.377188e-01
86 1.377188e-01
87 1.377188e-01
88 1.377188e-01
89 1.377188e-01
90 1.377188e-01
91 1.377188e-01
92 1.377188e-01
93 1.377188e-01
94 1.377188e-01
95 1.377188e-01
96 1.377188e-01
97 1.377188e-01
98 1.377188e-01
99 1.377188e-01
100 1.377188e-01
101 2.406628e-01
102 2.329664e-01
103 2.478491e-01
104 2.488618e-01
105 2.516665e-01
106 2.520501e-01
107 2.527024e-01
108 2.528188e-01
109 2.529869e-01
110 2.530221e-01
111 2.530681e-01
112 2.530790e-01
113 2.530922e-01
114 2.530957e-01
115 2.530996e-01
116 2.531007e-01
117 2.531018e-01
118 2.531022e-01
119 2.531026e-01
120 2.531027e-01
121 2.531028e-01
122 2.531028e-01
123 2.531029e-01
124 2.531029e-01
125 2.531029e-01
126 2.531029e-01
127 2.531029e-01
128 2.531029e-01
129 2.531029e-01
130 2.531029e-01
131 2.531029e-01
132 2.531029e-01
133 2.531029e-01
134 2.531029e-01
135 2.531029e-01
136 2.531029e-01
137 2.531029e-01
138 2.531029e-01
139 2.531029e-01
140 2.531029e-01
141 2.531029e-01
142 2.531029e-01
143 2.531029e-01
144 2.531029e-01
145 2.531029e-01
146 2.531029e-01
147 2.531029e-01
148 2.531029e-01
149 2.531029e-01
150 2.531029e-01
151 2.531029e-01
152 2.531029e-01
153 2.531029e-01
154 2.531029e-01
155 2.531029e-01
156 2.531029e-01
157 2.531029e-01
158 2.531029e-01
159 2.531029e-01
160 2.531029e-01
161 2.531029e-01
162 2.531029e-01
163 2.531029e-01
164 2.531029e-01
165 2.531029e-01
166 2.531029e-01
167 2.531029e-01
168 2.531029e-01
169 2.531029e-01
170 2.531029e-01
171 2.531029e-01
172 2.531029e-01
173 2.531029e-01
174 2.531029e-01
175 2.531029e-01
176 2.531029e-01
177 2.531029e-01
178 2.531029e-01
179 2.531029e-01
180 2.531029e-01
181 2.531029e-01
182 2.531029e-01
183 2.531029e-01
184 2.531029e-01
185 2.531029e-01
186 2.531029e-01
187 2.531029e-01
188 2.531029e-01
189 2.531029e-01
190 2.531029e-01
191 2.531029e-01
192 2.531029e-01
193 2.531029e-01
194 2.531029e-01
195 2.531029e-01
196 2.531029e-01
197 2.531029e-01
198 2.531029e-01
199 2.531029e-01
200 2.531029e-01
201 1.971537e-01
202 1.942133e-01
203 1.922387e-01
204 1.919856e-01
205 1.917445e-01
206 1.917030e-01
207 1.916653e-01
208 1.916578e-01
209 1.916512e-01
210 1.916498e-01
211 1.916486e-01
212 1.916483e-01
213 1.916481e-01
214 1.916480e-01
215 1.916480e-01
216 1.916480e-01
217 1.916480e-01
218 1.916480e-01
219 1.916480e-01
220 1.916480e-01
221 1.916480e-01
222 1.916480e-01
223 1.916480e-01
224 1.916480e-01
225 1.916480e-01
226 1.916480e-01
227 1.916480e-01
228 1.916480e-01
229 1.916480e-01
230 1.916480e-01
231 1.916480e-01
232 1.916480e-01
233 1.916480e-01
234 1.916480e-01
235 1.916480e-01
236 1.916480e-01
237 1.916480e-01
238 1.916480e-01
239 1.916480e-01
240 1.916480e-01
241 1.916480e-01
242 1.916480e-01
243 1.916480e-01
244 1.916480e-01
245 1.916480e-01
246 1.916480e-01
247 1.916480e-01
248 1.916480e-01
249 1.916480e-01
250 1.916480e-01
251 1.916480e-01
252 1.916480e-01
253 1.916480e-01
254 1.916480e-01
255 1.916480e-01
256 1.916480e-01
257 1.916480e-01
258 1.916480e-01
259 1.916480e-01
260 1.916480e-01
261 1.916480e-01
262 1.916480e-01
263 1.916480e-01
264 1.916480e-01
265 1.916480e-01
266 1.916480e-01
267 1.916480e-01
268 1.916480e-01
269 1.916480e-01
270 1.916480e-01
271 1.916480e-01
272 1.916480e-01
273 1.916480e-01
274 1.916480e-01
275 1.916480e-01
276 1.916480e-01
277 1.916480e-01
278 1.916480e-01
279 1.916480e-01
280 1.916480e-01
281 1.916480e-01
282 1.916480e-01
283 1.916480e-01
284 1.916480e-01
285 1.916480e-01
286 1.916480e-01
287 1.916480e-01
288 1.916480e-01
289 1.916480e-01
290 1.916480e-01
291 1.916480e-01
292 1.916480e-01
293 1.916480e-01
294 1.916480e-01
295 1.916480e-01
296 1.916480e-01
297 1.916480e-01
298 1.916480e-01
299 1.916480e-01
300 1.916480e-01
