1 8.847333e-02
2 8.083802e-02
3 8.055585e-02
4 8.062666e-02
5 8.059883e-02
6 8.059015e-02
7 8.059573e-02
8 8.060124e-02
9 8.059896e-02
10 8.059879e-02
11 8.059856e-02
12 8.059833e-02
13 8.059829e-02
14 8.059826e-02
15 8.059825e-02
16 8.059825e-02
17 8.059825e-02
18 8.059825e-02
19 8.059825e-02
20 8.059825e-02
21 8.059825e-02
22 8.059825e-02
23 8.059825e-02
24 8.059825e-02
25 8.059825e-02
26 8.059825e-02
27 8.059825e-02
28 8.059825e-02
29 8.059825e-02
30 8.059825e-02
31 8.059825e-02
32 8.059825e-02
33 8.059825e-02
34 8.059825e-02
35 8.059825e-02
36 8.059825e-02
37 8.059825e-02
38 8.059825e-02
39 8.059825e-02
40 8.059825e-02
41 8.059825e-02
42 8.059825e-02
43 8.059825e-02
44 8.059825e-02
45 8.059825e-02
46 8.059825e-02
47 8.059825e-02
48 8.059825e-02
49 8.059825e-02
50 8.059825e-02
51 8.059825e-02
52 8.059825e-02
53 8.059825e-02
54 8.059825e-02
55 8.059825e-02
56 8.059825e-02
57 8.059825e-02
58 8.059825e-02
59 8.059825e-02
60 8.059825e-02
61 8.059825e-02
62 8.059825e-02
63 8.059825e-02
64 8.059825e-02
65 8.059825e-02
66 8.059825e-02
67 8.059825e-02
68 8.059825e-02
69 8.059825e-02
70 8.059825e-02
71 8.059825e-02
72 8.059825e-02
73 8.059825e-02
74 8.059825e-02
75 8.059825e-02
76 8.059825e-02
77 8.059825e-02
78 8.059825e-02
79 8.059825e-02
80 8.059825e-02
81 8.059825e-02
82 8.059825e-02
83 8.059825e-02
84 8.059825e-02
85 8.059825e-02
86 8.059825e-02
87 8.059825e-02
88 8.059825e-02
89 8.059825e-02
90 8.059825e-02
91 8.059825e-02
92 8.059825e-02
93 8.059825e-02
94 8.059825e-02
95 8.059825e-02
96 8.059825e-02
97 8.059825e-02
98 8.059825e-02
99 8.059825e-02
100 8.059825e-02
101 1.155440e-01
102 9.493733e-02
103 1.118532e-01
104 9.885416e-02
105 1.100441e-01
106 9.985927e-02
107 1.083360e-01
108 1.003624e-01
109 1.069999e-01
110 1.007659e-01
111 1.060039e-01
112 1.011271e-01
113 1.052668e-01
114 1.014473e-01
115 1.047188e-01
116 1.017235e-01
117 1.043082e-01
118 1.019564e-01
119 1.039980e-01
120 1.021496e-01
121 1.037619e-01
122 1.023079e-01
123 1.035811e-01
124 1.024363e-01
125 1.034418e-01
126 1.025399e-01
127 1.033340e-01
128 1.026230e-01
129 1.032503e-01
130 1.026894e-01
131 1.031850e-01
132 1.027424e-01
133 1.031341e-01
134 1.027845e-01
135 1.030941e-01
136 1.028180e-01
137 1.030628e-01
138 1.028446e-01
139 1.030382e-01
140 1.028657e-01
141 1.030189e-01
142 1.028824e-01
143 1.030036e-01
144 1.028956e-01
145 1.029916e-01
146 1.029061e-01
147 1.029821e-01
148 1.029144e-01
149 1.029746e-01
150 1.029210e-01
151 1.029687e-01
152 1.029262e-01
153 1.029640e-01
154 1.029303e-01
155 1.029603e-01
156 1.029336e-01
157 1.029574e-01
158 1.029362e-01
159 1.029551e-01
160 1.029382e-01
161 1.029533e-01
162 1.029399e-01
163 1.029518e-01
164 1.029412e-01
165 1.029506e-01
166 1.029422e-01
167 1.029497e-01
168 1.029430e-01
169 1.029490e-01
170 1.029437e-01
171 1.029484e-01
172 1.029442e-01
173 1.029480e-01
174 1.029446e-01
175 1.029476e-01
176 1.029449e-01
177 1.029473e-01
178 1.029452e-01
179 1.029471e-01
180 1.029454e-01
181 1.029469e-01
182 1.029455e-01
183 1.029467e-01
184 1.029457e-01
185 1.029466e-01
186 1.029458e-01
187 1.029465e-01
188 1.029458e-01
189 1.029465e-01
190 1.029459e-01
191 1.029464e-01
192 1.029460e-01
193 1.029464e-01
194 1.029460e-01
195 1.029463e-01
196 1.029460e-01
197 1.029463e-01
198 1.029461e-01
199 1.029463e-01
200 1.029461e-01
201 8.137926e-02
202 7.861460e-02
203 7.789504e-02
204 7.766672e-02
205 7.757799e-02
206 7.754514e-02
207 7.753085e-02
208 7.752515e-02
209 7.752261e-02
210 7.752156e-02
211 7.752108e-02
212 7.752088e-02
213 7.752079e-02
214 7.752075e-02
215 7.752073e-02
216 7.752072e-02
217 7.752072e-02
218 7.752071e-02
219 7.752071e-02
220 7.752071e-02
221 7.752071e-02
222 7.752071e-02
223 7.752071e-02
224 7.752071e-02
225 7.752071e-02
226 7.752071e-02
227 7.752071e-02
228 7.752071e-02
229 7.752071e-02
230 7.752071e-02
231 7.752071e-02
232 7.752071e-02
233 7.752071e-02
234 7.752071e-02
235 7.752071e-02
236 7.752071e-02
237 7.752071e-02
238 7.752071e-02
239 7.752071e-02
240 7.752071e-02
241 7.752071e-02
242 7.752071e-02
243 7.752071e-02
244 7.752071e-02
245 7.752071e-02
246 7.752071e-02
247 7.752071e-02
248 7.752071e-02
249 7.752071e-02
250 7.752071e-02
251 7.752071e-02
252 7.752071e-02
253 7.752071e-02
254 7.752071e-02
255 7.752071e-02
256 7.752071e-02
257 7.752071e-02
258 7.752071e-02
259 7.752071e-02
260 7.752071e-02
261 7.752071e-02
262 7.752071e-02
263 7.752071e-02
264 7.752071e-02
265 7.752071e-02
266 7.752071e-02
267 7.752071e-02
268 7.752071e-02
269 7.752071e-02
270 7.752071e-02
271 7.752071e-02
272 7.752071e-02
273 7.752071e-02
274 7.752071e-02
275 7.752071e-02
276 7.752071e-02
277 7.752071e-02
278 7.752071e-02
279 7.752071e-02
280 7.752071e-02
281 7.752071e-02
282 7.752071e-02
283 7.752071e-02
284 7.752071e-02
285 7.752071e-02
286 7.752071e-02
287 7.752071e-02
288 7.752071e-02
289 7.752071e-02
290 7.752071e-02
291 7.752071e-02
292 7.752071e-02
293 7.752071e-02
294 7.752071e-02
295 7.752071e-02
296 7.752071e-02
297 7.752071e-02
298 7.752071e-02
299 7.752071e-02
300 7.752071e-02
