1 4.471732e-02
2 2.147777e-02
3 1.869240e-02
4 1.842697e-02
5 1.835764e-02
6 1.836460e-02
7 1.837348e-02
8 1.838041e-02
9 1.838222e-02
10 1.838257e-02
11 1.838277e-02
12 1.838287e-02
13 1.838295e-02
14 1.838297e-02
15 1.838297e-02
16 1.838297e-02
17 1.838297e-02
18 1.838297e-02
19 1.838297e-02
20 1.838297e-02
21 1.838297e-02
22 1.838297e-02
23 1.838297e-02
24 1.838297e-02
25 1.838297e-02
26 1.838297e-02
27 1.838297e-02
28 1.838297e-02
29 1.838297e-02
30 1.838297e-02
31 1.838297e-02
32 1.838297e-02
33 1.838297e-02
34 1.838297e-02
35 1.838297e-02
36 1.838297e-02
37 1.838297e-02
38 1.838297e-02
39 1.838297e-02
40 1.838297e-02
41 1.838297e-02
42 1.838297e-02
43 1.838297e-02
44 1.838297e-02
45 1.838297e-02
46 1.838297e-02
47 1.838297e-02
48 1.838297e-02
49 1.838297e-02
50 1.838297e-02
51 1.838297e-02
52 1.838297e-02
53 1.838297e-02
54 1.838297e-02
55 1.838297e-02
56 1.838297e-02
57 1.838297e-02
58 1.838297e-02
59 1.838297e-02
60 1.838297e-02
61 1.838297e-02
62 1.838297e-02
63 1.838297e-02
64 1.838297e-02
65 1.838297e-02
66 1.838297e-02
67 1.838297e-02
68 1.838297e-02
69 1.838297e-02
70 1.838297e-02
71 1.838297e-02
72 1.838297e-02
73 1.838297e-02
74 1.838297e-02
75 1.838297e-02
76 1.838297e-02
77 1.838297e-02
78 1.838297e-02
79 1.838297e-02
80 1.838297e-02
81 1.838297e-02
82 1.838297e-02
83 1.838297e-02
84 1.838297e-02
85 1.838297e-02
86 1.838297e-02
87 1.838297e-02
88 1.838297e-02
89 1.838297e-02
90 1.838297e-02
91 1.838297e-02
92 1.838297e-02
93 1.838297e-02
94 1.838297e-02
95 1.838297e-02
96 1.838297e-02
97 1.838297e-02
98 1.838297e-02
99 1.838297e-02
100 1.838297e-02
101 8.075136e-03
102 7.276061e-03
103 7.227016e-03
104 7.224445e-03
105 7.223664e-03
106 7.223690e-03
107 7.223623e-03
108 7.223625e-03
109 7.223621e-03
110 7.223621e-03
111 7.223621e-03
112 7.223621e-03
113 7.223621e-03
114 7.223621e-03
115 7.223621e-03
116 7.223621e-03
117 7.223621e-03
118 7.223621e-03
119 7.223621e-03
120 7.223621e-03
121 7.223621e-03
122 7.223621e-03
123 7.223621e-03
124 7.223621e-03
125 7.223621e-03
126 7.223621e-03
127 7.223621e-03
128 7.223621e-03
129 7.223621e-03
130 7.223621e-03
131 7.223621e-03
132 7.223621e-03
133 7.223621e-03
134 7.223621e-03
135 7.223621e-03
136 7.223621e-03
137 7.223621e-03
138 7.223621e-03
139 7.223621e-03
140 7.223621e-03
141 7.223621e-03
142 7.223621e-03
143 7.223621e-03
144 7.223621e-03
145 7.223621e-03
146 7.223621e-03
147 7.223621e-03
148 7.223621e-03
149 7.223621e-03
150 7.223621e-03
151 7.223621e-03
152 7.223621e-03
153 7.223621e-03
154 7.223621e-03
155 7.223621e-03
156 7.223621e-03
157 7.223621e-03
158 7.223621e-03
159 7.223621e-03
160 7.223621e-03
161 7.223621e-03
162 7.223621e-03
163 7.223621e-03
164 7.223621e-03
165 7.223621e-03
166 7.223621e-03
167 7.223621e-03
168 7.223621e-03
169 7.223621e-03
170 7.223621e-03
171 7.223621e-03
172 7.223621e-03
173 7.223621e-03
174 7.223621e-03
175 7.223621e-03
176 7.223621e-03
177 7.223621e-03
178 7.223621e-03
179 7.223621e-03
180 7.223621e-03
181 7.223621e-03
182 7.223621e-03
183 7.223621e-03
184 7.223621e-03
185 7.223621e-03
186 7.223621e-03
187 7.223621e-03
188 7.223621e-03
189 7.223621e-03
190 7.223621e-03
191 7.223621e-03
192 7.223621e-03
193 7.223621e-03
194 7.223621e-03
195 7.223621e-03
196 7.223621e-03
197 7.223621e-03
198 7.223621e-03
199 7.223621e-03
200 7.223621e-03
201 6.890341e-03
202 6.865326e-03
203 6.863896e-03
204 6.863936e-03
205 6.863973e-03
206 6.863993e-03
207 6.863988e-03
208 6.863987e-03
209 6.863987e-03
210 6.863987e-03
211 6.863987e-03
212 6.863987e-03
213 6.863987e-03
214 6.863987e-03
215 6.863987e-03
216 6.863987e-03
217 6.863987e-03
218 6.863987e-03
219 6.863987e-03
220 6.863987e-03
221 6.863987e-03
222 6.863987e-03
223 6.863987e-03
224 6.863987e-03
225 6.863987e-03
226 6.863987e-03
227 6.863987e-03
228 6.863987e-03
229 6.863987e-03
230 6.863987e-03
231 6.863987e-03
232 6.863987e-03
233 6.863987e-03
234 6.863987e-03
235 6.863987e-03
236 6.863987e-03
237 6.863987e-03
238 6.863987e-03
239 6.863987e-03
240 6.863987e-03
241 6.863987e-03
242 6.863987e-03
243 6.863987e-03
244 6.863987e-03
245 6.863987e-03
246 6.863987e-03
247 6.863987e-03
248 6.863987e-03
249 6.863987e-03
250 6.863987e-03
251 6.863987e-03
252 6.863987e-03
253 6.863987e-03
254 6.863987e-03
255 6.863987e-03
256 6.863987e-03
257 6.863987e-03
258 6.863987e-03
259 6.863987e-03
260 6.863987e-03
261 6.863987e-03
262 6.863987e-03
263 6.863987e-03
264 6.863987e-03
265 6.863987e-03
266 6.863987e-03
267 6.863987e-03
268 6.863987e-03
269 6.863987e-03
270 6.863987e-03
271 6.863987e-03
272 6.863987e-03
273 6.863987e-03
274 6.863987e-03
275 6.863987e-03
276 6.863987e-03
277 6.863987e-03
278 6.863987e-03
279 6.863987e-03
280 6.863987e-03
281 6.863987e-03
282 6.863987e-03
283 6.863987e-03
284 6.863987e-03
285 6.863987e-03
286 6.863987e-03
287 6.863987e-03
288 6.863987e-03
289 6.863987e-03
290 6.863987e-03
291 6.863987e-03
292 6.863987e-03
293 6.863987e-03
294 6.863987e-03
295 6.863987e-03
296 6.863987e-03
297 6.863987e-03
298 6.863987e-03
299 6.863987e-03
300 6.863987e-03
