1 0.133750
2 0.126652
3 0.120759
4 0.127455
5 0.121518
6 0.130759
7 0.126027
8 0.134821
9 0.128884
10 0.137723
11 0.131562
12 0.141205
13 0.135045
14 0.144241
15 0.137455
16 0.147098
17 0.139375
18 0.148884
19 0.141295
20 0.149821
21 0.142679
22 0.150491
23 0.143304
24 0.151429
25 0.144286
26 0.152143
27 0.145268
28 0.152812
29 0.145893
30 0.153304
31 0.146205
32 0.153080
33 0.146429
34 0.153616
35 0.146875
36 0.154196
37 0.147232
38 0.154286
39 0.147411
40 0.155000
41 0.147813
42 0.155089
43 0.148036
44 0.155357
45 0.148125
46 0.155491
47 0.148348
48 0.155625
49 0.148482
50 0.155759
51 0.148571
52 0.156116
53 0.148393
54 0.156339
55 0.148527
56 0.156384
57 0.148571
58 0.156518
59 0.148795
60 0.156607
61 0.148884
62 0.156652
63 0.149107
64 0.156562
65 0.149152
66 0.156607
67 0.149152
68 0.156562
69 0.149196
70 0.156607
71 0.149330
72 0.156652
73 0.149464
74 0.156652
75 0.149420
76 0.156607
77 0.149464
78 0.156607
79 0.149509
80 0.156607
81 0.149509
82 0.156607
83 0.149554
84 0.156652
85 0.149554
86 0.156696
87 0.149598
88 0.156652
89 0.149643
90 0.156518
91 0.149643
92 0.156607
93 0.149598
94 0.156562
95 0.149643
96 0.156652
97 0.149598
98 0.156562
99 0.149554
100 0.156652
101 0.108571
102 0.107679
103 0.102366
104 0.104375
105 0.102455
106 0.103482
107 0.102321
108 0.103750
109 0.102366
110 0.103705
111 0.102455
112 0.103482
113 0.102455
114 0.103304
115 0.102455
116 0.103259
117 0.102500
118 0.103304
119 0.102500
120 0.103259
121 0.102321
122 0.103170
123 0.102366
124 0.103170
125 0.102411
126 0.103170
127 0.102500
128 0.103080
129 0.102455
130 0.103036
131 0.102589
132 0.103125
133 0.102634
134 0.103170
135 0.102679
136 0.103080
137 0.102723
138 0.103080
139 0.102679
140 0.103170
141 0.102679
142 0.103214
143 0.102723
144 0.103170
145 0.102723
146 0.103170
147 0.102768
148 0.103304
149 0.102768
150 0.103348
151 0.102768
152 0.103304
153 0.102723
154 0.103304
155 0.102723
156 0.103259
157 0.102768
158 0.103304
159 0.102768
160 0.103304
161 0.102813
162 0.103348
163 0.102813
164 0.103348
165 0.102857
166 0.103348
167 0.102946
168 0.103259
169 0.102946
170 0.103304
171 0.102946
172 0.103304
173 0.102946
174 0.103304
175 0.102946
176 0.103259
177 0.103036
178 0.103304
179 0.103036
180 0.103348
181 0.103036
182 0.103438
183 0.103036
184 0.103438
185 0.103036
186 0.103438
187 0.103036
188 0.103438
189 0.102991
190 0.103438
191 0.102991
192 0.103438
193 0.102991
194 0.103438
195 0.102991
196 0.103438
197 0.102991
198 0.103438
199 0.102991
200 0.103438
201 0.094330
202 0.096250
203 0.093616
204 0.095134
205 0.093973
206 0.094687
207 0.094241
208 0.094687
209 0.094375
210 0.094687
211 0.094509
212 0.094554
213 0.094598
214 0.094598
215 0.094554
216 0.094420
217 0.094420
218 0.094420
219 0.094464
220 0.094420
221 0.094509
222 0.094420
223 0.094598
224 0.094420
225 0.094554
226 0.094509
227 0.094509
228 0.094509
229 0.094509
230 0.094509
231 0.094509
232 0.094509
233 0.094509
234 0.094554
235 0.094464
236 0.094554
237 0.094464
238 0.094598
239 0.094420
240 0.094732
241 0.094375
242 0.094687
243 0.094330
244 0.094732
245 0.094330
246 0.094732
247 0.094375
248 0.094732
249 0.094375
250 0.094732
251 0.094375
252 0.094732
253 0.094375
254 0.094732
255 0.094375
256 0.094732
257 0.094375
258 0.094732
259 0.094375
260 0.094732
261 0.094375
262 0.094732
263 0.094375
264 0.094732
265 0.094375
266 0.094732
267 0.094375
268 0.094777
269 0.094375
270 0.094777
271 0.094420
272 0.094821
273 0.094464
274 0.094821
275 0.094420
276 0.094821
277 0.094420
278 0.094821
279 0.094420
280 0.094821
281 0.094420
282 0.094821
283 0.094375
284 0.094821
285 0.094375
286 0.094821
287 0.094375
288 0.094911
289 0.094375
290 0.094911
291 0.094375
292 0.094866
293 0.094375
294 0.094866
295 0.094375
296 0.094866
297 0.094375
298 0.094866
299 0.094375
300 0.094866
