1 0.326205
2 0.327991
3 0.325625
4 0.327143
5 0.326295
6 0.325670
7 0.325848
8 0.325491
9 0.325982
10 0.325491
11 0.325893
12 0.325580
13 0.325893
14 0.325670
15 0.325893
16 0.325759
17 0.325759
18 0.325804
19 0.325804
20 0.325804
21 0.325759
22 0.325804
23 0.325759
24 0.325848
25 0.325759
26 0.325893
27 0.325759
28 0.325893
29 0.325759
30 0.325893
31 0.325759
32 0.325848
33 0.325759
34 0.325804
35 0.325759
36 0.325804
37 0.325759
38 0.325804
39 0.325804
40 0.325804
41 0.325804
42 0.325804
43 0.325804
44 0.325804
45 0.325804
46 0.325804
47 0.325804
48 0.325804
49 0.325804
50 0.325804
51 0.325804
52 0.325804
53 0.325804
54 0.325804
55 0.325804
56 0.325804
57 0.325804
58 0.325804
59 0.325804
60 0.325804
61 0.325804
62 0.325804
63 0.325804
64 0.325804
65 0.325804
66 0.325804
67 0.325804
68 0.325804
69 0.325804
70 0.325804
71 0.325804
72 0.325804
73 0.325804
74 0.325804
75 0.325804
76 0.325804
77 0.325804
78 0.325804
79 0.325804
80 0.325804
81 0.325804
82 0.325804
83 0.325804
84 0.325804
85 0.325804
86 0.325804
87 0.325804
88 0.325804
89 0.325804
90 0.325804
91 0.325804
92 0.325804
93 0.325804
94 0.325804
95 0.325804
96 0.325804
97 0.325804
98 0.325804
99 0.325804
100 0.325804
101 0.324911
102 0.325402
103 0.325089
104 0.325759
105 0.325357
106 0.325804
107 0.325536
108 0.326205
109 0.325625
110 0.326250
111 0.325491
112 0.325893
113 0.325580
114 0.325982
115 0.325670
116 0.325937
117 0.325804
118 0.325982
119 0.325804
120 0.325937
121 0.325937
122 0.325937
123 0.325982
124 0.325893
125 0.325982
126 0.325937
127 0.325982
128 0.325937
129 0.325982
130 0.325937
131 0.325937
132 0.325937
133 0.325893
134 0.325893
135 0.325937
136 0.325893
137 0.325937
138 0.325893
139 0.325893
140 0.325893
141 0.325893
142 0.325893
143 0.325848
144 0.325893
145 0.325848
146 0.325848
147 0.325848
148 0.325804
149 0.325893
150 0.325804
151 0.325893
152 0.325804
153 0.325893
154 0.325804
155 0.325893
156 0.325804
157 0.325893
158 0.325804
159 0.325937
160 0.325804
161 0.325937
162 0.325804
163 0.325937
164 0.325804
165 0.325937
166 0.325804
167 0.325937
168 0.325804
169 0.325937
170 0.325804
171 0.325937
172 0.325804
173 0.325937
174 0.325804
175 0.325937
176 0.325804
177 0.325937
178 0.325759
179 0.325937
180 0.325759
181 0.325937
182 0.325804
183 0.325937
184 0.325804
185 0.325937
186 0.325804
187 0.325937
188 0.325804
189 0.325937
190 0.325804
191 0.325937
192 0.325804
193 0.325937
194 0.325804
195 0.325937
196 0.325804
197 0.325937
198 0.325804
199 0.325937
200 0.325804
201 0.325536
202 0.324464
203 0.325268
204 0.324866
205 0.325000
206 0.324866
207 0.324955
208 0.324821
209 0.324821
210 0.324911
211 0.324866
212 0.325000
213 0.324911
214 0.325000
215 0.324911
216 0.324955
217 0.324955
218 0.325045
219 0.325000
220 0.325045
221 0.325000
222 0.325000
223 0.325000
224 0.325000
225 0.325000
226 0.325000
227 0.324955
228 0.325000
229 0.324955
230 0.325000
231 0.324955
232 0.325045
233 0.324955
234 0.325045
235 0.325000
236 0.325045
237 0.324955
238 0.325045
239 0.324955
240 0.325000
241 0.324955
242 0.325000
243 0.324955
244 0.325000
245 0.324955
246 0.325000
247 0.324955
248 0.325000
249 0.324955
250 0.325000
251 0.324955
252 0.325000
253 0.324955
254 0.325000
255 0.324955
256 0.325000
257 0.324955
258 0.325000
259 0.324955
260 0.325000
261 0.324955
262 0.325000
263 0.324955
264 0.325000
265 0.324955
266 0.325000
267 0.324955
268 0.325000
269 0.324955
270 0.325000
271 0.324955
272 0.325000
273 0.324955
274 0.325000
275 0.324955
276 0.325000
277 0.324955
278 0.325000
279 0.324955
280 0.325000
281 0.324955
282 0.325000
283 0.324955
284 0.325000
285 0.324955
286 0.325000
287 0.324955
288 0.325000
289 0.324955
290 0.325000
291 0.324955
292 0.325000
293 0.324955
294 0.325000
295 0.324955
296 0.325000
297 0.324955
298 0.325000
299 0.324955
300 0.325000
