1 0.237857
2 0.239464
3 0.235223
4 0.238214
5 0.235268
6 0.237723
7 0.236384
8 0.236875
9 0.237009
10 0.237054
11 0.237098
12 0.237411
13 0.237366
14 0.237366
15 0.237589
16 0.237902
17 0.237723
18 0.238214
19 0.238170
20 0.239018
21 0.238259
22 0.239464
23 0.238393
24 0.240223
25 0.238616
26 0.240357
27 0.238705
28 0.240446
29 0.239018
30 0.240804
31 0.239330
32 0.241339
33 0.239152
34 0.241786
35 0.239464
36 0.241607
37 0.239821
38 0.241786
39 0.240357
40 0.241741
41 0.240491
42 0.241786
43 0.240536
44 0.242143
45 0.240893
46 0.242500
47 0.241250
48 0.242723
49 0.241161
50 0.242902
51 0.241071
52 0.242991
53 0.241027
54 0.242857
55 0.241339
56 0.243036
57 0.241384
58 0.243125
59 0.241473
60 0.243214
61 0.241429
62 0.243214
63 0.241563
64 0.243170
65 0.241652
66 0.243170
67 0.241563
68 0.243170
69 0.241607
70 0.243170
71 0.241696
72 0.243214
73 0.241429
74 0.243393
75 0.241295
76 0.243393
77 0.241295
78 0.243259
79 0.241205
80 0.243348
81 0.241339
82 0.243438
83 0.241339
84 0.243527
85 0.241250
86 0.243527
87 0.241161
88 0.243527
89 0.241205
90 0.243438
91 0.241205
92 0.243527
93 0.241205
94 0.243527
95 0.241161
96 0.243527
97 0.241250
98 0.243527
99 0.241250
100 0.243571
101 0.227902
102 0.230580
103 0.228571
104 0.230089
105 0.228214
106 0.229866
107 0.228259
108 0.229777
109 0.228482
110 0.229687
111 0.228482
112 0.229598
113 0.228482
114 0.229554
115 0.228839
116 0.229286
117 0.228839
118 0.229107
119 0.228795
120 0.229152
121 0.228750
122 0.229241
123 0.228750
124 0.229107
125 0.228839
126 0.229107
127 0.228839
128 0.229330
129 0.228795
130 0.229420
131 0.228973
132 0.229420
133 0.229063
134 0.229375
135 0.229152
136 0.229420
137 0.229107
138 0.229464
139 0.229063
140 0.229464
141 0.229107
142 0.229464
143 0.229152
144 0.229464
145 0.229152
146 0.229509
147 0.229152
148 0.229554
149 0.229196
150 0.229554
151 0.229241
152 0.229554
153 0.229241
154 0.229554
155 0.229241
156 0.229509
157 0.229241
158 0.229554
159 0.229196
160 0.229554
161 0.229196
162 0.229554
163 0.229241
164 0.229509
165 0.229241
166 0.229464
167 0.229196
168 0.229464
169 0.229241
170 0.229464
171 0.229196
172 0.229509
173 0.229196
174 0.229509
175 0.229152
176 0.229420
177 0.229152
178 0.229509
179 0.229152
180 0.229509
181 0.229196
182 0.229464
183 0.229196
184 0.229464
185 0.229241
186 0.229464
187 0.229241
188 0.229375
189 0.229241
190 0.229420
191 0.229241
192 0.229375
193 0.229286
194 0.229375
195 0.229286
196 0.229420
197 0.229241
198 0.229420
199 0.229241
200 0.229420
201 0.227366
202 0.228125
203 0.227411
204 0.228393
205 0.227455
206 0.228437
207 0.227545
208 0.228170
209 0.227857
210 0.228304
211 0.227813
212 0.228348
213 0.227634
214 0.228571
215 0.227589
216 0.228705
217 0.227634
218 0.228527
219 0.227634
220 0.228661
221 0.227723
222 0.228795
223 0.227679
224 0.228795
225 0.227723
226 0.228973
227 0.227634
228 0.229018
229 0.227723
230 0.229152
231 0.227813
232 0.229018
233 0.227813
234 0.229063
235 0.227813
236 0.229063
237 0.227723
238 0.229063
239 0.227857
240 0.229196
241 0.227857
242 0.229241
243 0.227813
244 0.229286
245 0.227857
246 0.229330
247 0.227723
248 0.229375
249 0.227902
250 0.229375
251 0.227946
252 0.229375
253 0.227857
254 0.229464
255 0.227857
256 0.229509
257 0.227902
258 0.229509
259 0.227857
260 0.229598
261 0.227946
262 0.229687
263 0.227946
264 0.229687
265 0.227902
266 0.229687
267 0.227991
268 0.229687
269 0.228080
270 0.229732
271 0.228170
272 0.229732
273 0.228170
274 0.229732
275 0.228170
276 0.229732
277 0.228259
278 0.229687
279 0.228259
280 0.229687
281 0.228259
282 0.229732
283 0.228170
284 0.229687
285 0.228214
286 0.229687
287 0.228259
288 0.229732
289 0.228259
290 0.229687
291 0.228259
292 0.229687
293 0.228259
294 0.229687
295 0.228259
296 0.229687
297 0.228259
298 0.229643
299 0.228304
300 0.229643
