1 0.050179
2 0.025580
3 0.020491
4 0.024821
5 0.020000
6 0.022902
7 0.020134
8 0.022946
9 0.021116
10 0.022991
11 0.021830
12 0.023571
13 0.021250
14 0.023348
15 0.021696
16 0.023080
17 0.021429
18 0.023616
19 0.022054
20 0.023214
21 0.021920
22 0.023750
23 0.022054
24 0.022902
25 0.021875
26 0.023482
27 0.021696
28 0.023304
29 0.021696
30 0.023125
31 0.022054
32 0.023036
33 0.021696
34 0.023304
35 0.021920
36 0.022946
37 0.021607
38 0.023616
39 0.021964
40 0.023125
41 0.021875
42 0.023348
43 0.021696
44 0.023125
45 0.021830
46 0.023348
47 0.021875
48 0.023080
49 0.021964
50 0.023214
51 0.021920
52 0.023259
53 0.021562
54 0.023438
55 0.022098
56 0.022857
57 0.021964
58 0.023571
59 0.021607
60 0.023036
61 0.022232
62 0.022946
63 0.021741
64 0.023304
65 0.021786
66 0.023170
67 0.022143
68 0.023036
69 0.021830
70 0.023259
71 0.022054
72 0.023125
73 0.021920
74 0.023259
75 0.021786
76 0.023125
77 0.021964
78 0.023259
79 0.022054
80 0.022902
81 0.021875
82 0.023393
83 0.021696
84 0.023125
85 0.022054
86 0.023036
87 0.021964
88 0.023348
89 0.021607
90 0.023304
91 0.022054
92 0.022857
93 0.021830
94 0.023482
95 0.021830
96 0.022857
97 0.022187
98 0.023080
99 0.021830
100 0.023304
101 0.004643
102 0.003705
103 0.003170
104 0.003125
105 0.002902
106 0.002902
107 0.002857
108 0.002812
109 0.002768
110 0.002812
111 0.002812
112 0.002812
113 0.002857
114 0.002812
115 0.002857
116 0.002812
117 0.002857
118 0.002857
119 0.002857
120 0.002857
121 0.002857
122 0.002857
123 0.002857
124 0.002857
125 0.002857
126 0.002857
127 0.002857
128 0.002857
129 0.002857
130 0.002857
131 0.002857
132 0.002857
133 0.002857
134 0.002857
135 0.002857
136 0.002857
137 0.002857
138 0.002857
139 0.002857
140 0.002857
141 0.002857
142 0.002857
143 0.002857
144 0.002857
145 0.002857
146 0.002857
147 0.002857
148 0.002857
149 0.002857
150 0.002857
151 0.002857
152 0.002857
153 0.002857
154 0.002857
155 0.002857
156 0.002857
157 0.002857
158 0.002857
159 0.002857
160 0.002857
161 0.002857
162 0.002857
163 0.002857
164 0.002857
165 0.002857
166 0.002857
167 0.002857
168 0.002857
169 0.002857
170 0.002857
171 0.002857
172 0.002857
173 0.002857
174 0.002857
175 0.002857
176 0.002857
177 0.002857
178 0.002857
179 0.002857
180 0.002857
181 0.002857
182 0.002857
183 0.002857
184 0.002857
185 0.002857
186 0.002857
187 0.002857
188 0.002857
189 0.002857
190 0.002857
191 0.002857
192 0.002857
193 0.002857
194 0.002857
195 0.002857
196 0.002857
197 0.002857
198 0.002857
199 0.002857
200 0.002857
201 0.001607
202 0.001563
203 0.001607
204 0.001563
205 0.001563
206 0.001563
207 0.001518
208 0.001518
209 0.001518
210 0.001518
211 0.001518
212 0.001518
213 0.001518
214 0.001518
215 0.001518
216 0.001518
217 0.001518
218 0.001518
219 0.001518
220 0.001518
221 0.001518
222 0.001518
223 0.001518
224 0.001518
225 0.001518
226 0.001518
227 0.001518
228 0.001518
229 0.001518
230 0.001518
231 0.001518
232 0.001518
233 0.001518
234 0.001518
235 0.001518
236 0.001518
237 0.001518
238 0.001518
239 0.001518
240 0.001518
241 0.001518
242 0.001518
243 0.001518
244 0.001518
245 0.001518
246 0.001518
247 0.001518
248 0.001518
249 0.001518
250 0.001518
251 0.001518
252 0.001518
253 0.001518
254 0.001518
255 0.001518
256 0.001518
257 0.001518
258 0.001518
259 0.001518
260 0.001518
261 0.001518
262 0.001518
263 0.001518
264 0.001518
265 0.001518
266 0.001518
267 0.001518
268 0.001518
269 0.001518
270 0.001518
271 0.001518
272 0.001518
273 0.001518
274 0.001518
275 0.001518
276 0.001518
277 0.001518
278 0.001518
279 0.001518
280 0.001518
281 0.001518
282 0.001518
283 0.001518
284 0.001518
285 0.001518
286 0.001518
287 0.001518
288 0.001518
289 0.001518
290 0.001518
291 0.001518
292 0.001518
293 0.001518
294 0.001518
295 0.001518
296 0.001518
297 0.001518
298 0.001518
299 0.001518
300 0.001518
