1 4.786550e-02
2 4.078517e-02
3 4.104085e-02
4 4.108414e-02
5 4.107141e-02
6 4.106777e-02
7 4.106619e-02
8 4.106621e-02
9 4.106621e-02
10 4.106621e-02
11 4.106621e-02
12 4.106621e-02
13 4.106621e-02
14 4.106621e-02
15 4.106621e-02
16 4.106621e-02
17 4.106621e-02
18 4.106621e-02
19 4.106621e-02
20 4.106621e-02
21 4.106621e-02
22 4.106621e-02
23 4.106621e-02
24 4.106621e-02
25 4.106621e-02
26 4.106621e-02
27 4.106621e-02
28 4.106621e-02
29 4.106621e-02
30 4.106621e-02
31 4.106621e-02
32 4.106621e-02
33 4.106621e-02
34 4.106621e-02
35 4.106621e-02
36 4.106621e-02
37 4.106621e-02
38 4.106621e-02
39 4.106621e-02
40 4.106621e-02
41 4.106621e-02
42 4.106621e-02
43 4.106621e-02
44 4.106621e-02
45 4.106621e-02
46 4.106621e-02
47 4.106621e-02
48 4.106621e-02
49 4.106621e-02
50 4.106621e-02
51 4.106621e-02
52 4.106621e-02
53 4.106621e-02
54 4.106621e-02
55 4.106621e-02
56 4.106621e-02
57 4.106621e-02
58 4.106621e-02
59 4.106621e-02
60 4.106621e-02
61 4.106621e-02
62 4.106621e-02
63 4.106621e-02
64 4.106621e-02
65 4.106621e-02
66 4.106621e-02
67 4.106621e-02
68 4.106621e-02
69 4.106621e-02
70 4.106621e-02
71 4.106621e-02
72 4.106621e-02
73 4.106621e-02
74 4.106621e-02
75 4.106621e-02
76 4.106621e-02
77 4.106621e-02
78 4.106621e-02
79 4.106621e-02
80 4.106621e-02
81 4.106621e-02
82 4.106621e-02
83 4.106621e-02
84 4.106621e-02
85 4.106621e-02
86 4.106621e-02
87 4.106621e-02
88 4.106621e-02
89 4.106621e-02
90 4.106621e-02
91 4.106621e-02
92 4.106621e-02
93 4.106621e-02
94 4.106621e-02
95 4.106621e-02
96 4.106621e-02
97 4.106621e-02
98 4.106621e-02
99 4.106621e-02
100 4.106621e-02
101 2.423671e-02
102 2.145457e-02
103 2.196109e-02
104 2.166042e-02
105 2.179509e-02
106 2.173020e-02
107 2.176161e-02
108 2.174656e-02
109 2.175394e-02
110 2.175037e-02
111 2.175213e-02
112 2.175127e-02
113 2.175170e-02
114 2.175149e-02
115 2.175159e-02
116 2.175154e-02
117 2.175157e-02
118 2.175155e-02
119 2.175156e-02
120 2.175156e-02
121 2.175156e-02
122 2.175156e-02
123 2.175156e-02
124 2.175156e-02
125 2.175156e-02
126 2.175156e-02
127 2.175156e-02
128 2.175156e-02
129 2.175156e-02
130 2.175156e-02
131 2.175156e-02
132 2.175156e-02
133 2.175156e-02
134 2.175156e-02
135 2.175156e-02
136 2.175156e-02
137 2.175156e-02
138 2.175156e-02
139 2.175156e-02
140 2.175156e-02
141 2.175156e-02
142 2.175156e-02
143 2.175156e-02
144 2.175156e-02
145 2.175156e-02
146 2.175156e-02
147 2.175156e-02
148 2.175156e-02
149 2.175156e-02
150 2.175156e-02
151 2.175156e-02
152 2.175156e-02
153 2.175156e-02
154 2.175156e-02
155 2.175156e-02
156 2.175156e-02
157 2.175156e-02
158 2.175156e-02
159 2.175156e-02
160 2.175156e-02
161 2.175156e-02
162 2.175156e-02
163 2.175156e-02
164 2.175156e-02
165 2.175156e-02
166 2.175156e-02
167 2.175156e-02
168 2.175156e-02
169 2.175156e-02
170 2.175156e-02
171 2.175156e-02
172 2.175156e-02
173 2.175156e-02
174 2.175156e-02
175 2.175156e-02
176 2.175156e-02
177 2.175156e-02
178 2.175156e-02
179 2.175156e-02
180 2.175156e-02
181 2.175156e-02
182 2.175156e-02
183 2.175156e-02
184 2.175156e-02
185 2.175156e-02
186 2.175156e-02
187 2.175156e-02
188 2.175156e-02
189 2.175156e-02
190 2.175156e-02
191 2.175156e-02
192 2.175156e-02
193 2.175156e-02
194 2.175156e-02
195 2.175156e-02
196 2.175156e-02
197 2.175156e-02
198 2.175156e-02
199 2.175156e-02
200 2.175156e-02
201 1.465933e-02
202 1.452380e-02
203 1.444534e-02
204 1.444524e-02
205 1.444120e-02
206 1.444151e-02
207 1.444119e-02
208 1.444123e-02
209 1.444120e-02
210 1.444120e-02
211 1.444120e-02
212 1.444120e-02
213 1.444120e-02
214 1.444120e-02
215 1.444120e-02
216 1.444120e-02
217 1.444120e-02
218 1.444120e-02
219 1.444120e-02
220 1.444120e-02
221 1.444120e-02
222 1.444120e-02
223 1.444120e-02
224 1.444120e-02
225 1.444120e-02
226 1.444120e-02
227 1.444120e-02
228 1.444120e-02
229 1.444120e-02
230 1.444120e-02
231 1.444120e-02
232 1.444120e-02
233 1.444120e-02
234 1.444120e-02
235 1.444120e-02
236 1.444120e-02
237 1.444120e-02
238 1.444120e-02
239 1.444120e-02
240 1.444120e-02
241 1.444120e-02
242 1.444120e-02
243 1.444120e-02
244 1.444120e-02
245 1.444120e-02
246 1.444120e-02
247 1.444120e-02
248 1.444120e-02
249 1.444120e-02
250 1.444120e-02
251 1.444120e-02
252 1.444120e-02
253 1.444120e-02
254 1.444120e-02
255 1.444120e-02
256 1.444120e-02
257 1.444120e-02
258 1.444120e-02
259 1.444120e-02
260 1.444120e-02
261 1.444120e-02
262 1.444120e-02
263 1.444120e-02
264 1.444120e-02
265 1.444120e-02
266 1.444120e-02
267 1.444120e-02
268 1.444120e-02
269 1.444120e-02
270 1.444120e-02
271 1.444120e-02
272 1.444120e-02
273 1.444120e-02
274 1.444120e-02
275 1.444120e-02
276 1.444120e-02
277 1.444120e-02
278 1.444120e-02
279 1.444120e-02
280 1.444120e-02
281 1.444120e-02
282 1.444120e-02
283 1.444120e-02
284 1.444120e-02
285 1.444120e-02
286 1.444120e-02
287 1.444120e-02
288 1.444120e-02
289 1.444120e-02
290 1.444120e-02
291 1.444120e-02
292 1.444120e-02
293 1.444120e-02
294 1.444120e-02
295 1.444120e-02
296 1.444120e-02
297 1.444120e-02
298 1.444120e-02
299 1.444120e-02
300 1.444120e-02
