1 7.326920e-02
2 7.247278e-02
3 7.283271e-02
4 7.282009e-02
5 7.284797e-02
6 7.284511e-02
7 7.284495e-02
8 7.284556e-02
9 7.284538e-02
10 7.284536e-02
11 7.284535e-02
12 7.284535e-02
13 7.284535e-02
14 7.284535e-02
15 7.284535e-02
16 7.284535e-02
17 7.284535e-02
18 7.284535e-02
19 7.284535e-02
20 7.284535e-02
21 7.284535e-02
22 7.284535e-02
23 7.284535e-02
24 7.284535e-02
25 7.284535e-02
26 7.284535e-02
27 7.284535e-02
28 7.284535e-02
29 7.284535e-02
30 7.284535e-02
31 7.284535e-02
32 7.284535e-02
33 7.284535e-02
34 7.284535e-02
35 7.284535e-02
36 7.284535e-02
37 7.284535e-02
38 7.284535e-02
39 7.284535e-02
40 7.284535e-02
41 7.284535e-02
42 7.284535e-02
43 7.284535e-02
44 7.284535e-02
45 7.284535e-02
46 7.284535e-02
47 7.284535e-02
48 7.284535e-02
49 7.284535e-02
50 7.284535e-02
51 7.284535e-02
52 7.284535e-02
53 7.284535e-02
54 7.284535e-02
55 7.284535e-02
56 7.284535e-02
57 7.284535e-02
58 7.284535e-02
59 7.284535e-02
60 7.284535e-02
61 7.284535e-02
62 7.284535e-02
63 7.284535e-02
64 7.284535e-02
65 7.284535e-02
66 7.284535e-02
67 7.284535e-02
68 7.284535e-02
69 7.284535e-02
70 7.284535e-02
71 7.284535e-02
72 7.284535e-02
73 7.284535e-02
74 7.284535e-02
75 7.284535e-02
76 7.284535e-02
77 7.284535e-02
78 7.284535e-02
79 7.284535e-02
80 7.284535e-02
81 7.284535e-02
82 7.284535e-02
83 7.284535e-02
84 7.284535e-02
85 7.284535e-02
86 7.284535e-02
87 7.284535e-02
88 7.284535e-02
89 7.284535e-02
90 7.284535e-02
91 7.284535e-02
92 7.284535e-02
93 7.284535e-02
94 7.284535e-02
95 7.284535e-02
96 7.284535e-02
97 7.284535e-02
98 7.284535e-02
99 7.284535e-02
100 7.284535e-02
101 9.503414e-02
102 8.170529e-02
103 9.421565e-02
104 8.430938e-02
105 9.353449e-02
106 8.454428e-02
107 9.261931e-02
108 8.454955e-02
109 9.179537e-02
110 8.456093e-02
111 9.109542e-02
112 8.459895e-02
113 9.050451e-02
114 8.465756e-02
115 9.000372e-02
116 8.472918e-02
117 8.957687e-02
118 8.480791e-02
119 8.921090e-02
120 8.488957e-02
121 8.889535e-02
122 8.497129e-02
123 8.862186e-02
124 8.505119e-02
125 8.838365e-02
126 8.512803e-02
127 8.817523e-02
128 8.520107e-02
129 8.799209e-02
130 8.526993e-02
131 8.783053e-02
132 8.533443e-02
133 8.768747e-02
134 8.539458e-02
135 8.756037e-02
136 8.545047e-02
137 8.744706e-02
138 8.550229e-02
139 8.734576e-02
140 8.555024e-02
141 8.725492e-02
142 8.559457e-02
143 8.717324e-02
144 8.563550e-02
145 8.709961e-02
146 8.567330e-02
147 8.703307e-02
148 8.570818e-02
149 8.697281e-02
150 8.574039e-02
151 8.691810e-02
152 8.577013e-02
153 8.686834e-02
154 8.579760e-02
155 8.682298e-02
156 8.582300e-02
157 8.678156e-02
158 8.584649e-02
159 8.674367e-02
160 8.586824e-02
161 8.670894e-02
162 8.588838e-02
163 8.667705e-02
164 8.590706e-02
165 8.664773e-02
166 8.592439e-02
167 8.662072e-02
168 8.594049e-02
169 8.659581e-02
170 8.595546e-02
171 8.657280e-02
172 8.596939e-02
173 8.655152e-02
174 8.598237e-02
175 8.653180e-02
176 8.599447e-02
177 8.651351e-02
178 8.600576e-02
179 8.649653e-02
180 8.601631e-02
181 8.648074e-02
182 8.602618e-02
183 8.646603e-02
184 8.603542e-02
185 8.645233e-02
186 8.604408e-02
187 8.643955e-02
188 8.605220e-02
189 8.642761e-02
190 8.605982e-02
191 8.641644e-02
192 8.606698e-02
193 8.640599e-02
194 8.607372e-02
195 8.639620e-02
196 8.608006e-02
197 8.638702e-02
198 8.608604e-02
199 8.637840e-02
200 8.609167e-02
201 6.566618e-02
202 6.420384e-02
203 6.385303e-02
204 6.371332e-02
205 6.371096e-02
206 6.368718e-02
207 6.369231e-02
208 6.368725e-02
209 6.368908e-02
210 6.368787e-02
211 6.368840e-02
212 6.368809e-02
213 6.368824e-02
214 6.368816e-02
215 6.368820e-02
216 6.368818e-02
217 6.368819e-02
218 6.368818e-02
219 6.368818e-02
220 6.368818e-02
221 6.368818e-02
222 6.368818e-02
223 6.368818e-02
224 6.368818e-02
225 6.368818e-02
226 6.368818e-02
227 6.368818e-02
228 6.368818e-02
229 6.368818e-02
230 6.368818e-02
231 6.368818e-02
232 6.368818e-02
233 6.368818e-02
234 6.368818e-02
235 6.368818e-02
236 6.368818e-02
237 6.368818e-02
238 6.368818e-02
239 6.368818e-02
240 6.368818e-02
241 6.368818e-02
242 6.368818e-02
243 6.368818e-02
244 6.368818e-02
245 6.368818e-02
246 6.368818e-02
247 6.368818e-02
248 6.368818e-02
249 6.368818e-02
250 6.368818e-02
251 6.368818e-02
252 6.368818e-02
253 6.368818e-02
254 6.368818e-02
255 6.368818e-02
256 6.368818e-02
257 6.368818e-02
258 6.368818e-02
259 6.368818e-02
260 6.368818e-02
261 6.368818e-02
262 6.368818e-02
263 6.368818e-02
264 6.368818e-02
265 6.368818e-02
266 6.368818e-02
267 6.368818e-02
268 6.368818e-02
269 6.368818e-02
270 6.368818e-02
271 6.368818e-02
272 6.368818e-02
273 6.368818e-02
274 6.368818e-02
275 6.368818e-02
276 6.368818e-02
277 6.368818e-02
278 6.368818e-02
279 6.368818e-02
280 6.368818e-02
281 6.368818e-02
282 6.368818e-02
283 6.368818e-02
284 6.368818e-02
285 6.368818e-02
286 6.368818e-02
287 6.368818e-02
288 6.368818e-02
289 6.368818e-02
290 6.368818e-02
291 6.368818e-02
292 6.368818e-02
293 6.368818e-02
294 6.368818e-02
295 6.368818e-02
296 6.368818e-02
297 6.368818e-02
298 6.368818e-02
299 6.368818e-02
300 6.368818e-02
