1 0.402891
2 0.385433
3 0.386308
4 0.386085
5 0.385946
6 0.385940
7 0.385943
8 0.385942
9 0.385942
10 0.385941
11 0.385941
12 0.385941
13 0.385941
14 0.385941
15 0.385941
16 0.385941
17 0.385941
18 0.385941
19 0.385941
20 0.385941
21 0.385941
22 0.385941
23 0.385941
24 0.385941
25 0.385941
26 0.385941
27 0.385941
28 0.385941
29 0.385941
30 0.385941
31 0.199114
32 0.199771
33 0.199869
34 0.201286
35 0.200899
36 0.201208
37 0.201066
38 0.201170
39 0.201117
40 0.201155
41 0.201134
42 0.201149
43 0.201140
44 0.201146
45 0.201142
46 0.201145
47 0.201143
48 0.201145
49 0.201144
50 0.201145
51 0.201144
52 0.201144
53 0.201144
54 0.201144
55 0.201144
56 0.201144
57 0.201144
58 0.201144
59 0.201144
60 0.201144
61 0.137328
62 0.130517
63 0.130420
64 0.130563
65 0.130652
66 0.130667
67 0.130669
68 0.130669
69 0.130669
70 0.130669
71 0.130669
72 0.130669
73 0.130669
74 0.130669
75 0.130669
76 0.130669
77 0.130669
78 0.130669
79 0.130669
80 0.130669
81 0.130669
82 0.130669
83 0.130669
84 0.130669
85 0.130669
86 0.130669
87 0.130669
88 0.130669
89 0.130669
90 0.130669
