1 0.218125
2 0.257500
3 0.222500
4 0.253750
5 0.220000
6 0.246875
7 0.220000
8 0.248125
9 0.219375
10 0.246250
11 0.218125
12 0.243125
13 0.218125
14 0.243750
15 0.218125
16 0.249375
17 0.218125
18 0.250000
19 0.219375
20 0.251875
21 0.219375
22 0.250625
23 0.219375
24 0.253125
25 0.219375
26 0.251250
27 0.219375
28 0.253750
29 0.220000
30 0.253750
31 0.220625
32 0.252500
33 0.220625
34 0.251250
35 0.221250
36 0.251875
37 0.221250
38 0.251875
39 0.221250
40 0.250625
41 0.221250
42 0.250625
43 0.220000
44 0.251250
45 0.220000
46 0.253750
47 0.220625
48 0.253125
49 0.220625
50 0.252500
51 0.220000
52 0.253125
53 0.220625
54 0.253125
55 0.221875
56 0.253750
57 0.222500
58 0.254375
59 0.222500
60 0.255000
61 0.222500
62 0.256250
63 0.222500
64 0.256250
65 0.223750
66 0.256250
67 0.223750
68 0.256250
69 0.223750
70 0.256875
71 0.222500
72 0.256875
73 0.223125
74 0.258125
75 0.223750
76 0.258750
77 0.223750
78 0.258750
79 0.223125
80 0.257500
81 0.223125
82 0.257500
83 0.223125
84 0.257500
85 0.223125
86 0.257500
87 0.223125
88 0.257500
89 0.223125
90 0.257500
91 0.223125
92 0.257500
93 0.223125
94 0.257500
95 0.223125
96 0.257500
97 0.223125
98 0.257500
99 0.223125
100 0.257500
101 0.214375
102 0.250000
103 0.213750
104 0.246875
105 0.213750
106 0.247500
107 0.214375
108 0.243125
109 0.214375
110 0.240000
111 0.212500
112 0.240000
113 0.211875
114 0.239375
115 0.211875
116 0.239375
117 0.212500
118 0.240000
119 0.212500
120 0.239375
121 0.211875
122 0.238750
123 0.210625
124 0.239375
125 0.210000
126 0.240000
127 0.209375
128 0.239375
129 0.210000
130 0.237500
131 0.210000
132 0.237500
133 0.209375
134 0.237500
135 0.208750
136 0.237500
137 0.208750
138 0.236875
139 0.208750
140 0.236875
141 0.208750
142 0.236250
143 0.208750
144 0.236250
145 0.208750
146 0.236250
147 0.208750
148 0.236250
149 0.208750
150 0.236250
151 0.210625
152 0.236250
153 0.210625
154 0.236250
155 0.210625
156 0.235625
157 0.210000
158 0.235000
159 0.210000
160 0.235000
161 0.210000
162 0.235000
163 0.210000
164 0.235000
165 0.210625
166 0.235000
167 0.210625
168 0.235000
169 0.210625
170 0.234375
171 0.210625
172 0.234375
173 0.210625
174 0.235625
175 0.210625
176 0.235625
177 0.210625
178 0.235625
179 0.210625
180 0.235625
181 0.210625
182 0.235625
183 0.210625
184 0.235625
185 0.211250
186 0.235000
187 0.211250
188 0.235625
189 0.210625
190 0.235625
191 0.210625
192 0.235625
193 0.211250
194 0.235625
195 0.211250
196 0.236250
197 0.210625
198 0.236250
199 0.210625
200 0.235625
201 0.205000
202 0.232500
203 0.206250
204 0.231250
205 0.207500
206 0.230625
207 0.210000
208 0.230000
209 0.208750
210 0.229375
211 0.208125
212 0.228125
213 0.208125
214 0.226875
215 0.210000
216 0.225625
217 0.210625
218 0.224375
219 0.210625
220 0.225625
221 0.210625
222 0.225625
223 0.210625
224 0.226250
225 0.210625
226 0.226250
227 0.210625
228 0.225625
229 0.211250
230 0.225000
231 0.209375
232 0.225000
233 0.210000
234 0.224375
235 0.211250
236 0.224375
237 0.210625
238 0.224375
239 0.210625
240 0.224375
241 0.211250
242 0.224375
243 0.211250
244 0.224375
245 0.211250
246 0.223125
247 0.210000
248 0.223125
249 0.210000
250 0.223125
251 0.210000
252 0.223125
253 0.209375
254 0.222500
255 0.208750
256 0.222500
257 0.208750
258 0.222500
259 0.208750
260 0.222500
261 0.208125
262 0.222500
263 0.208125
264 0.222500
265 0.208750
266 0.223125
267 0.208750
268 0.223125
269 0.208750
270 0.223125
271 0.208750
272 0.223125
273 0.208750
274 0.223125
275 0.208750
276 0.223125
277 0.208750
278 0.223125
279 0.208750
280 0.223125
281 0.208750
282 0.223125
283 0.208750
284 0.223125
285 0.208750
286 0.223125
287 0.208750
288 0.223125
289 0.208750
290 0.223125
291 0.208750
292 0.222500
293 0.208750
294 0.222500
295 0.208750
296 0.222500
297 0.208750
298 0.222500
299 0.208750
300 0.222500
