1 0.001875
2 0.005000
3 0.001875
4 0.004375
5 0.001875
6 0.004375
7 0.001875
8 0.004375
9 0.001875
10 0.004375
11 0.001875
12 0.004375
13 0.001875
14 0.004375
15 0.001875
16 0.004375
17 0.001875
18 0.004375
19 0.001875
20 0.004375
21 0.001875
22 0.004375
23 0.001875
24 0.004375
25 0.001875
26 0.004375
27 0.001875
28 0.004375
29 0.001875
30 0.004375
31 0.001875
32 0.004375
33 0.001875
34 0.004375
35 0.001875
36 0.004375
37 0.001875
38 0.004375
39 0.001875
40 0.004375
41 0.001875
42 0.004375
43 0.001875
44 0.004375
45 0.001875
46 0.004375
47 0.001875
48 0.004375
49 0.001875
50 0.004375
51 0.001875
52 0.004375
53 0.001875
54 0.004375
55 0.001875
56 0.004375
57 0.001875
58 0.004375
59 0.001875
60 0.004375
61 0.001875
62 0.004375
63 0.001875
64 0.004375
65 0.001875
66 0.004375
67 0.001875
68 0.004375
69 0.001875
70 0.004375
71 0.001875
72 0.004375
73 0.001875
74 0.004375
75 0.001875
76 0.004375
77 0.001875
78 0.004375
79 0.001875
80 0.004375
81 0.001875
82 0.004375
83 0.001875
84 0.004375
85 0.001875
86 0.004375
87 0.001875
88 0.004375
89 0.001875
90 0.004375
91 0.001875
92 0.004375
93 0.001875
94 0.004375
95 0.001875
96 0.004375
97 0.001875
98 0.004375
99 0.001875
100 0.004375
101 0.001875
102 0.003125
103 0.001875
104 0.003125
105 0.001875
106 0.001875
107 0.001875
108 0.001875
109 0.001875
110 0.001875
111 0.001875
112 0.001875
113 0.002500
114 0.001875
115 0.002500
116 0.001875
117 0.001875
118 0.001875
119 0.001875
120 0.001875
121 0.001875
122 0.001875
123 0.001875
124 0.001875
125 0.001875
126 0.001875
127 0.001875
128 0.001875
129 0.001875
130 0.001875
131 0.001875
132 0.001875
133 0.001875
134 0.001875
135 0.001875
136 0.001875
137 0.001875
138 0.001875
139 0.001875
140 0.001875
141 0.001875
142 0.001875
143 0.001875
144 0.001875
145 0.001875
146 0.001875
147 0.001875
148 0.001875
149 0.001875
150 0.001875
151 0.001875
152 0.001875
153 0.001875
154 0.001875
155 0.001875
156 0.001875
157 0.001875
158 0.001875
159 0.001875
160 0.001875
161 0.001875
162 0.001875
163 0.001875
164 0.001875
165 0.001875
166 0.001875
167 0.001875
168 0.001875
169 0.001875
170 0.001875
171 0.001875
172 0.001875
173 0.001875
174 0.001875
175 0.001875
176 0.001875
177 0.001875
178 0.001875
179 0.001875
180 0.001875
181 0.001875
182 0.001875
183 0.001875
184 0.001875
185 0.001875
186 0.001875
187 0.001875
188 0.001875
189 0.001875
190 0.001875
191 0.001875
192 0.001875
193 0.001875
194 0.001875
195 0.001875
196 0.001875
197 0.001875
198 0.001875
199 0.001875
200 0.001875
201 0.001875
202 0.001250
203 0.001875
204 0.001250
205 0.001875
206 0.001250
207 0.001875
208 0.001250
209 0.001875
210 0.001250
211 0.001875
212 0.001250
213 0.001875
214 0.001250
215 0.001875
216 0.001250
217 0.001875
218 0.001250
219 0.001875
220 0.001250
221 0.001875
222 0.001250
223 0.001875
224 0.001250
225 0.001875
226 0.001250
227 0.001875
228 0.001250
229 0.001875
230 0.001250
231 0.001875
232 0.001250
233 0.001875
234 0.001250
235 0.001875
236 0.001250
237 0.001875
238 0.001250
239 0.001875
240 0.001250
241 0.001875
242 0.001250
243 0.001875
244 0.001250
245 0.001875
246 0.001250
247 0.001875
248 0.001250
249 0.001875
250 0.001250
251 0.001875
252 0.001250
253 0.001875
254 0.001250
255 0.001875
256 0.001250
257 0.001875
258 0.001250
259 0.001875
260 0.001250
261 0.001875
262 0.001250
263 0.001875
264 0.001250
265 0.001875
266 0.001250
267 0.001875
268 0.001250
269 0.001875
270 0.001250
271 0.001875
272 0.001250
273 0.001875
274 0.001250
275 0.001875
276 0.001250
277 0.001875
278 0.001250
279 0.001875
280 0.001250
281 0.001875
282 0.001250
283 0.001875
284 0.001250
285 0.001875
286 0.001250
287 0.001875
288 0.001250
289 0.001875
290 0.001250
291 0.001875
292 0.001250
293 0.001875
294 0.001250
295 0.001875
296 0.001250
297 0.001875
298 0.001250
299 0.001875
300 0.001250
