1 0.005000
2 0.008750
3 0.005000
4 0.008750
5 0.005000
6 0.009375
7 0.005000
8 0.009375
9 0.005625
10 0.009375
11 0.005625
12 0.009375
13 0.005625
14 0.009375
15 0.005625
16 0.009375
17 0.005625
18 0.009375
19 0.005625
20 0.009375
21 0.005625
22 0.009375
23 0.005625
24 0.009375
25 0.005625
26 0.009375
27 0.006250
28 0.009375
29 0.006250
30 0.009375
31 0.006250
32 0.009375
33 0.006250
34 0.009375
35 0.006250
36 0.009375
37 0.006250
38 0.009375
39 0.006250
40 0.009375
41 0.006875
42 0.009375
43 0.006875
44 0.009375
45 0.006875
46 0.009375
47 0.006875
48 0.009375
49 0.006875
50 0.009375
51 0.006875
52 0.009375
53 0.006875
54 0.009375
55 0.006875
56 0.009375
57 0.006875
58 0.009375
59 0.006875
60 0.009375
61 0.006875
62 0.009375
63 0.006875
64 0.009375
65 0.006875
66 0.009375
67 0.006875
68 0.009375
69 0.006875
70 0.009375
71 0.006875
72 0.009375
73 0.006875
74 0.009375
75 0.006875
76 0.009375
77 0.006875
78 0.009375
79 0.006875
80 0.009375
81 0.006875
82 0.009375
83 0.006875
84 0.009375
85 0.006875
86 0.009375
87 0.006875
88 0.009375
89 0.006875
90 0.009375
91 0.006875
92 0.009375
93 0.006875
94 0.009375
95 0.006875
96 0.009375
97 0.006875
98 0.009375
99 0.006875
100 0.009375
101 0.004375
102 0.008750
103 0.004375
104 0.008125
105 0.004375
106 0.006875
107 0.004375
108 0.006250
109 0.004375
110 0.006250
111 0.004375
112 0.006250
113 0.004375
114 0.006250
115 0.004375
116 0.005625
117 0.004375
118 0.006250
119 0.004375
120 0.006250
121 0.004375
122 0.006250
123 0.004375
124 0.006250
125 0.004375
126 0.006250
127 0.004375
128 0.006250
129 0.004375
130 0.006250
131 0.004375
132 0.006250
133 0.004375
134 0.006250
135 0.004375
136 0.006250
137 0.004375
138 0.006250
139 0.004375
140 0.006250
141 0.004375
142 0.006250
143 0.004375
144 0.006250
145 0.004375
146 0.006250
147 0.004375
148 0.006250
149 0.004375
150 0.006250
151 0.004375
152 0.006250
153 0.004375
154 0.006250
155 0.004375
156 0.006250
157 0.004375
158 0.006250
159 0.004375
160 0.006250
161 0.005000
162 0.006250
163 0.005000
164 0.006250
165 0.005000
166 0.006250
167 0.005000
168 0.006250
169 0.005000
170 0.006250
171 0.005000
172 0.006250
173 0.005000
174 0.006250
175 0.005000
176 0.006250
177 0.005000
178 0.006250
179 0.005000
180 0.006250
181 0.005000
182 0.006250
183 0.005000
184 0.006250
185 0.005000
186 0.006250
187 0.005000
188 0.006250
189 0.005000
190 0.006250
191 0.005000
192 0.006250
193 0.005000
194 0.006250
195 0.005000
196 0.006250
197 0.005000
198 0.005625
199 0.005000
200 0.005625
201 0.004375
202 0.005000
203 0.004375
204 0.005000
205 0.004375
206 0.005000
207 0.004375
208 0.005000
209 0.004375
210 0.005000
211 0.004375
212 0.005000
213 0.004375
214 0.005000
215 0.004375
216 0.005000
217 0.004375
218 0.005000
219 0.004375
220 0.005000
221 0.004375
222 0.005000
223 0.004375
224 0.005000
225 0.004375
226 0.005000
227 0.004375
228 0.005000
229 0.004375
230 0.005000
231 0.004375
232 0.005000
233 0.004375
234 0.005000
235 0.004375
236 0.005000
237 0.004375
238 0.005000
239 0.004375
240 0.005000
241 0.004375
242 0.005000
243 0.004375
244 0.005000
245 0.004375
246 0.005000
247 0.004375
248 0.005000
249 0.004375
250 0.005000
251 0.004375
252 0.005000
253 0.004375
254 0.005000
255 0.004375
256 0.005000
257 0.004375
258 0.005000
259 0.004375
260 0.005000
261 0.004375
262 0.005000
263 0.004375
264 0.005000
265 0.004375
266 0.005000
267 0.004375
268 0.005000
269 0.004375
270 0.005000
271 0.004375
272 0.005000
273 0.004375
274 0.005000
275 0.004375
276 0.005000
277 0.004375
278 0.005000
279 0.004375
280 0.005000
281 0.004375
282 0.005000
283 0.004375
284 0.005000
285 0.004375
286 0.005000
287 0.004375
288 0.005000
289 0.004375
290 0.005000
291 0.004375
292 0.005000
293 0.004375
294 0.005000
295 0.004375
296 0.005000
297 0.004375
298 0.005000
299 0.004375
300 0.005000
