1 3.175615e-02
2 3.090993e-02
3 3.090989e-02
4 3.091003e-02
5 3.090961e-02
6 3.090961e-02
7 3.090961e-02
8 3.090961e-02
9 3.090961e-02
10 3.090961e-02
11 3.090961e-02
12 3.090961e-02
13 3.090961e-02
14 3.090961e-02
15 3.090961e-02
16 3.090961e-02
17 3.090961e-02
18 3.090961e-02
19 3.090961e-02
20 3.090961e-02
21 3.090961e-02
22 3.090961e-02
23 3.090961e-02
24 3.090961e-02
25 3.090961e-02
26 3.090961e-02
27 3.090961e-02
28 3.090961e-02
29 3.090961e-02
30 3.090961e-02
31 3.090961e-02
32 3.090961e-02
33 3.090961e-02
34 3.090961e-02
35 3.090961e-02
36 3.090961e-02
37 3.090961e-02
38 3.090961e-02
39 3.090961e-02
40 3.090961e-02
41 3.090961e-02
42 3.090961e-02
43 3.090961e-02
44 3.090961e-02
45 3.090961e-02
46 3.090961e-02
47 3.090961e-02
48 3.090961e-02
49 3.090961e-02
50 3.090961e-02
51 3.090961e-02
52 3.090961e-02
53 3.090961e-02
54 3.090961e-02
55 3.090961e-02
56 3.090961e-02
57 3.090961e-02
58 3.090961e-02
59 3.090961e-02
60 3.090961e-02
61 3.090961e-02
62 3.090961e-02
63 3.090961e-02
64 3.090961e-02
65 3.090961e-02
66 3.090961e-02
67 3.090961e-02
68 3.090961e-02
69 3.090961e-02
70 3.090961e-02
71 3.090961e-02
72 3.090961e-02
73 3.090961e-02
74 3.090961e-02
75 3.090961e-02
76 3.090961e-02
77 3.090961e-02
78 3.090961e-02
79 3.090961e-02
80 3.090961e-02
81 3.090961e-02
82 3.090961e-02
83 3.090961e-02
84 3.090961e-02
85 3.090961e-02
86 3.090961e-02
87 3.090961e-02
88 3.090961e-02
89 3.090961e-02
90 3.090961e-02
91 3.090961e-02
92 3.090961e-02
93 3.090961e-02
94 3.090961e-02
95 3.090961e-02
96 3.090961e-02
97 3.090961e-02
98 3.090961e-02
99 3.090961e-02
100 3.090961e-02
101 2.521972e-02
102 2.517091e-02
103 2.516868e-02
104 2.516872e-02
105 2.516872e-02
106 2.516872e-02
107 2.516872e-02
108 2.516872e-02
109 2.516872e-02
110 2.516872e-02
111 2.516872e-02
112 2.516872e-02
113 2.516872e-02
114 2.516872e-02
115 2.516872e-02
116 2.516872e-02
117 2.516872e-02
118 2.516872e-02
119 2.516872e-02
120 2.516872e-02
121 2.516872e-02
122 2.516872e-02
123 2.516872e-02
124 2.516872e-02
125 2.516872e-02
126 2.516872e-02
127 2.516872e-02
128 2.516872e-02
129 2.516872e-02
130 2.516872e-02
131 2.516872e-02
132 2.516872e-02
133 2.516872e-02
134 2.516872e-02
135 2.516872e-02
136 2.516872e-02
137 2.516872e-02
138 2.516872e-02
139 2.516872e-02
140 2.516872e-02
141 2.516872e-02
142 2.516872e-02
143 2.516872e-02
144 2.516872e-02
145 2.516872e-02
146 2.516872e-02
147 2.516872e-02
148 2.516872e-02
149 2.516872e-02
150 2.516872e-02
151 2.516872e-02
152 2.516872e-02
153 2.516872e-02
154 2.516872e-02
155 2.516872e-02
156 2.516872e-02
157 2.516872e-02
158 2.516872e-02
159 2.516872e-02
160 2.516872e-02
161 2.516872e-02
162 2.516872e-02
163 2.516872e-02
164 2.516872e-02
165 2.516872e-02
166 2.516872e-02
167 2.516872e-02
168 2.516872e-02
169 2.516872e-02
170 2.516872e-02
171 2.516872e-02
172 2.516872e-02
173 2.516872e-02
174 2.516872e-02
175 2.516872e-02
176 2.516872e-02
177 2.516872e-02
178 2.516872e-02
179 2.516872e-02
180 2.516872e-02
181 2.516872e-02
182 2.516872e-02
183 2.516872e-02
184 2.516872e-02
185 2.516872e-02
186 2.516872e-02
187 2.516872e-02
188 2.516872e-02
189 2.516872e-02
190 2.516872e-02
191 2.516872e-02
192 2.516872e-02
193 2.516872e-02
194 2.516872e-02
195 2.516872e-02
196 2.516872e-02
197 2.516872e-02
198 2.516872e-02
199 2.516872e-02
200 2.516872e-02
201 2.509143e-02
202 2.508837e-02
203 2.508823e-02
204 2.508824e-02
205 2.508824e-02
206 2.508824e-02
207 2.508824e-02
208 2.508824e-02
209 2.508824e-02
210 2.508824e-02
211 2.508824e-02
212 2.508824e-02
213 2.508824e-02
214 2.508824e-02
215 2.508824e-02
216 2.508824e-02
217 2.508824e-02
218 2.508824e-02
219 2.508824e-02
220 2.508824e-02
221 2.508824e-02
222 2.508824e-02
223 2.508824e-02
224 2.508824e-02
225 2.508824e-02
226 2.508824e-02
227 2.508824e-02
228 2.508824e-02
229 2.508824e-02
230 2.508824e-02
231 2.508824e-02
232 2.508824e-02
233 2.508824e-02
234 2.508824e-02
235 2.508824e-02
236 2.508824e-02
237 2.508824e-02
238 2.508824e-02
239 2.508824e-02
240 2.508824e-02
241 2.508824e-02
242 2.508824e-02
243 2.508824e-02
244 2.508824e-02
245 2.508824e-02
246 2.508824e-02
247 2.508824e-02
248 2.508824e-02
249 2.508824e-02
250 2.508824e-02
251 2.508824e-02
252 2.508824e-02
253 2.508824e-02
254 2.508824e-02
255 2.508824e-02
256 2.508824e-02
257 2.508824e-02
258 2.508824e-02
259 2.508824e-02
260 2.508824e-02
261 2.508824e-02
262 2.508824e-02
263 2.508824e-02
264 2.508824e-02
265 2.508824e-02
266 2.508824e-02
267 2.508824e-02
268 2.508824e-02
269 2.508824e-02
270 2.508824e-02
271 2.508824e-02
272 2.508824e-02
273 2.508824e-02
274 2.508824e-02
275 2.508824e-02
276 2.508824e-02
277 2.508824e-02
278 2.508824e-02
279 2.508824e-02
280 2.508824e-02
281 2.508824e-02
282 2.508824e-02
283 2.508824e-02
284 2.508824e-02
285 2.508824e-02
286 2.508824e-02
287 2.508824e-02
288 2.508824e-02
289 2.508824e-02
290 2.508824e-02
291 2.508824e-02
292 2.508824e-02
293 2.508824e-02
294 2.508824e-02
295 2.508824e-02
296 2.508824e-02
297 2.508824e-02
298 2.508824e-02
299 2.508824e-02
300 2.508824e-02
