1 3.930405e-02
2 3.924121e-02
3 3.914038e-02
4 3.914331e-02
5 3.914322e-02
6 3.914318e-02
7 3.914318e-02
8 3.914318e-02
9 3.914318e-02
10 3.914318e-02
11 3.914318e-02
12 3.914318e-02
13 3.914318e-02
14 3.914318e-02
15 3.914318e-02
16 3.914318e-02
17 3.914318e-02
18 3.914318e-02
19 3.914318e-02
20 3.914318e-02
21 3.914318e-02
22 3.914318e-02
23 3.914318e-02
24 3.914318e-02
25 3.914318e-02
26 3.914318e-02
27 3.914318e-02
28 3.914318e-02
29 3.914318e-02
30 3.914318e-02
31 3.914318e-02
32 3.914318e-02
33 3.914318e-02
34 3.914318e-02
35 3.914318e-02
36 3.914318e-02
37 3.914318e-02
38 3.914318e-02
39 3.914318e-02
40 3.914318e-02
41 3.914318e-02
42 3.914318e-02
43 3.914318e-02
44 3.914318e-02
45 3.914318e-02
46 3.914318e-02
47 3.914318e-02
48 3.914318e-02
49 3.914318e-02
50 3.914318e-02
51 3.914318e-02
52 3.914318e-02
53 3.914318e-02
54 3.914318e-02
55 3.914318e-02
56 3.914318e-02
57 3.914318e-02
58 3.914318e-02
59 3.914318e-02
60 3.914318e-02
61 3.914318e-02
62 3.914318e-02
63 3.914318e-02
64 3.914318e-02
65 3.914318e-02
66 3.914318e-02
67 3.914318e-02
68 3.914318e-02
69 3.914318e-02
70 3.914318e-02
71 3.914318e-02
72 3.914318e-02
73 3.914318e-02
74 3.914318e-02
75 3.914318e-02
76 3.914318e-02
77 3.914318e-02
78 3.914318e-02
79 3.914318e-02
80 3.914318e-02
81 3.914318e-02
82 3.914318e-02
83 3.914318e-02
84 3.914318e-02
85 3.914318e-02
86 3.914318e-02
87 3.914318e-02
88 3.914318e-02
89 3.914318e-02
90 3.914318e-02
91 3.914318e-02
92 3.914318e-02
93 3.914318e-02
94 3.914318e-02
95 3.914318e-02
96 3.914318e-02
97 3.914318e-02
98 3.914318e-02
99 3.914318e-02
100 3.914318e-02
101 3.242381e-02
102 3.239477e-02
103 3.239390e-02
104 3.239392e-02
105 3.239392e-02
106 3.239392e-02
107 3.239392e-02
108 3.239392e-02
109 3.239392e-02
110 3.239392e-02
111 3.239392e-02
112 3.239392e-02
113 3.239392e-02
114 3.239392e-02
115 3.239392e-02
116 3.239392e-02
117 3.239392e-02
118 3.239392e-02
119 3.239392e-02
120 3.239392e-02
121 3.239392e-02
122 3.239392e-02
123 3.239392e-02
124 3.239392e-02
125 3.239392e-02
126 3.239392e-02
127 3.239392e-02
128 3.239392e-02
129 3.239392e-02
130 3.239392e-02
131 3.239392e-02
132 3.239392e-02
133 3.239392e-02
134 3.239392e-02
135 3.239392e-02
136 3.239392e-02
137 3.239392e-02
138 3.239392e-02
139 3.239392e-02
140 3.239392e-02
141 3.239392e-02
142 3.239392e-02
143 3.239392e-02
144 3.239392e-02
145 3.239392e-02
146 3.239392e-02
147 3.239392e-02
148 3.239392e-02
149 3.239392e-02
150 3.239392e-02
151 3.239392e-02
152 3.239392e-02
153 3.239392e-02
154 3.239392e-02
155 3.239392e-02
156 3.239392e-02
157 3.239392e-02
158 3.239392e-02
159 3.239392e-02
160 3.239392e-02
161 3.239392e-02
162 3.239392e-02
163 3.239392e-02
164 3.239392e-02
165 3.239392e-02
166 3.239392e-02
167 3.239392e-02
168 3.239392e-02
169 3.239392e-02
170 3.239392e-02
171 3.239392e-02
172 3.239392e-02
173 3.239392e-02
174 3.239392e-02
175 3.239392e-02
176 3.239392e-02
177 3.239392e-02
178 3.239392e-02
179 3.239392e-02
180 3.239392e-02
181 3.239392e-02
182 3.239392e-02
183 3.239392e-02
184 3.239392e-02
185 3.239392e-02
186 3.239392e-02
187 3.239392e-02
188 3.239392e-02
189 3.239392e-02
190 3.239392e-02
191 3.239392e-02
192 3.239392e-02
193 3.239392e-02
194 3.239392e-02
195 3.239392e-02
196 3.239392e-02
197 3.239392e-02
198 3.239392e-02
199 3.239392e-02
200 3.239392e-02
201 3.216367e-02
202 3.216107e-02
203 3.216116e-02
204 3.216117e-02
205 3.216117e-02
206 3.216117e-02
207 3.216117e-02
208 3.216117e-02
209 3.216117e-02
210 3.216117e-02
211 3.216117e-02
212 3.216117e-02
213 3.216117e-02
214 3.216117e-02
215 3.216117e-02
216 3.216117e-02
217 3.216117e-02
218 3.216117e-02
219 3.216117e-02
220 3.216117e-02
221 3.216117e-02
222 3.216117e-02
223 3.216117e-02
224 3.216117e-02
225 3.216117e-02
226 3.216117e-02
227 3.216117e-02
228 3.216117e-02
229 3.216117e-02
230 3.216117e-02
231 3.216117e-02
232 3.216117e-02
233 3.216117e-02
234 3.216117e-02
235 3.216117e-02
236 3.216117e-02
237 3.216117e-02
238 3.216117e-02
239 3.216117e-02
240 3.216117e-02
241 3.216117e-02
242 3.216117e-02
243 3.216117e-02
244 3.216117e-02
245 3.216117e-02
246 3.216117e-02
247 3.216117e-02
248 3.216117e-02
249 3.216117e-02
250 3.216117e-02
251 3.216117e-02
252 3.216117e-02
253 3.216117e-02
254 3.216117e-02
255 3.216117e-02
256 3.216117e-02
257 3.216117e-02
258 3.216117e-02
259 3.216117e-02
260 3.216117e-02
261 3.216117e-02
262 3.216117e-02
263 3.216117e-02
264 3.216117e-02
265 3.216117e-02
266 3.216117e-02
267 3.216117e-02
268 3.216117e-02
269 3.216117e-02
270 3.216117e-02
271 3.216117e-02
272 3.216117e-02
273 3.216117e-02
274 3.216117e-02
275 3.216117e-02
276 3.216117e-02
277 3.216117e-02
278 3.216117e-02
279 3.216117e-02
280 3.216117e-02
281 3.216117e-02
282 3.216117e-02
283 3.216117e-02
284 3.216117e-02
285 3.216117e-02
286 3.216117e-02
287 3.216117e-02
288 3.216117e-02
289 3.216117e-02
290 3.216117e-02
291 3.216117e-02
292 3.216117e-02
293 3.216117e-02
294 3.216117e-02
295 3.216117e-02
296 3.216117e-02
297 3.216117e-02
298 3.216117e-02
299 3.216117e-02
300 3.216117e-02
