1 0.115859
2 0.087578
3 0.084297
4 0.083828
5 0.081953
6 0.082422
7 0.080547
8 0.081953
9 0.082187
10 0.081875
11 0.081875
12 0.082187
13 0.081797
14 0.082734
15 0.081562
16 0.083125
17 0.081875
18 0.082891
19 0.082187
20 0.082812
21 0.082344
22 0.083359
23 0.082656
24 0.083516
25 0.082656
26 0.083750
27 0.083047
28 0.083984
29 0.082969
30 0.083984
31 0.083281
32 0.084062
33 0.083359
34 0.084141
35 0.083594
36 0.084219
37 0.083359
38 0.083984
39 0.083516
40 0.083984
41 0.083672
42 0.084062
43 0.083750
44 0.084219
45 0.083828
46 0.084062
47 0.083984
48 0.084141
49 0.084141
50 0.084297
51 0.084141
52 0.084375
53 0.084062
54 0.084531
55 0.084141
56 0.084609
57 0.084141
58 0.084766
59 0.084297
60 0.084687
61 0.084375
62 0.084687
63 0.084297
64 0.084766
65 0.084297
66 0.084766
67 0.084297
68 0.084687
69 0.084453
70 0.084844
71 0.084609
72 0.084844
73 0.084609
74 0.084844
75 0.084687
76 0.084766
77 0.084766
78 0.084766
79 0.084844
80 0.084844
81 0.084844
82 0.084922
83 0.084844
84 0.085000
85 0.084922
86 0.085000
87 0.084922
88 0.085156
89 0.084844
90 0.085234
91 0.085000
92 0.085312
93 0.085000
94 0.085312
95 0.085000
96 0.085391
97 0.084922
98 0.085391
99 0.084922
100 0.085391
101 0.082109
102 0.083594
103 0.081641
104 0.083906
105 0.082187
106 0.084219
107 0.081562
108 0.084375
109 0.081562
110 0.084453
111 0.081562
112 0.084531
113 0.081562
114 0.084531
115 0.081875
116 0.084687
117 0.081875
118 0.084766
119 0.082109
120 0.084766
121 0.082031
122 0.084609
123 0.082031
124 0.084453
125 0.081953
126 0.084609
127 0.082031
128 0.084687
129 0.082187
130 0.084766
131 0.082187
132 0.084687
133 0.082187
134 0.084687
135 0.082266
136 0.084687
137 0.082187
138 0.084609
139 0.082187
140 0.084609
141 0.082500
142 0.084531
143 0.082500
144 0.084453
145 0.082500
146 0.084531
147 0.082344
148 0.084453
149 0.082344
150 0.084453
151 0.082422
152 0.084453
153 0.082344
154 0.084297
155 0.082422
156 0.084297
157 0.082422
158 0.084219
159 0.082344
160 0.084141
161 0.082422
162 0.084141
163 0.082500
164 0.084297
165 0.082344
166 0.084297
167 0.082266
168 0.084375
169 0.082500
170 0.084375
171 0.082344
172 0.084375
173 0.082344
174 0.084375
175 0.082422
176 0.084375
177 0.082344
178 0.084375
179 0.082422
180 0.084375
181 0.082422
182 0.084375
183 0.082422
184 0.084375
185 0.082422
186 0.084375
187 0.082422
188 0.084375
189 0.082422
190 0.084375
191 0.082422
192 0.084297
193 0.082422
194 0.084297
195 0.082422
196 0.084297
197 0.082344
198 0.084297
199 0.082344
200 0.084297
201 0.081562
202 0.083828
203 0.081406
204 0.083594
205 0.081406
206 0.083437
207 0.081250
208 0.083359
209 0.081172
210 0.083437
211 0.081484
212 0.083359
213 0.081406
214 0.083203
215 0.081328
216 0.083203
217 0.081328
218 0.083203
219 0.081328
220 0.083203
221 0.081406
222 0.083281
223 0.081406
224 0.083359
225 0.081406
226 0.083359
227 0.081484
228 0.083359
229 0.081484
230 0.083359
231 0.081484
232 0.083359
233 0.081562
234 0.083359
235 0.081562
236 0.083437
237 0.081484
238 0.083437
239 0.081484
240 0.083437
241 0.081484
242 0.083359
243 0.081484
244 0.083359
245 0.081484
246 0.083281
247 0.081406
248 0.083281
249 0.081406
250 0.083281
251 0.081406
252 0.083281
253 0.081406
254 0.083281
255 0.081406
256 0.083281
257 0.081406
258 0.083281
259 0.081406
260 0.083281
261 0.081406
262 0.083281
263 0.081406
264 0.083281
265 0.081484
266 0.083281
267 0.081484
268 0.083281
269 0.081484
270 0.083359
271 0.081484
272 0.083359
273 0.081484
274 0.083359
275 0.081484
276 0.083359
277 0.081484
278 0.083359
279 0.081484
280 0.083359
281 0.081484
282 0.083359
283 0.081484
284 0.083359
285 0.081484
286 0.083359
287 0.081484
288 0.083281
289 0.081484
290 0.083281
291 0.081562
292 0.083281
293 0.081562
294 0.083281
295 0.081562
296 0.083281
297 0.081562
298 0.083281
299 0.081562
300 0.083281
