1 0.283438
2 0.280781
3 0.279844
4 0.279219
5 0.279766
6 0.279531
7 0.279375
8 0.279219
9 0.279531
10 0.279219
11 0.279297
12 0.279219
13 0.279297
14 0.279219
15 0.279219
16 0.279219
17 0.279219
18 0.279219
19 0.279219
20 0.279219
21 0.279219
22 0.279219
23 0.279219
24 0.279219
25 0.279219
26 0.279219
27 0.279219
28 0.279219
29 0.279219
30 0.279219
31 0.279219
32 0.279219
33 0.279219
34 0.279219
35 0.279219
36 0.279219
37 0.279219
38 0.279219
39 0.279219
40 0.279219
41 0.279219
42 0.279219
43 0.279219
44 0.279219
45 0.279219
46 0.279219
47 0.279219
48 0.279219
49 0.279219
50 0.279219
51 0.279219
52 0.279219
53 0.279219
54 0.279219
55 0.279219
56 0.279219
57 0.279219
58 0.279219
59 0.279219
60 0.279219
61 0.279219
62 0.279219
63 0.279219
64 0.279219
65 0.279219
66 0.279219
67 0.279219
68 0.279219
69 0.279219
70 0.279219
71 0.279219
72 0.279219
73 0.279219
74 0.279219
75 0.279219
76 0.279219
77 0.279219
78 0.279219
79 0.279219
80 0.279219
81 0.279219
82 0.279219
83 0.279219
84 0.279219
85 0.279219
86 0.279219
87 0.279219
88 0.279219
89 0.279219
90 0.279219
91 0.279219
92 0.279219
93 0.279219
94 0.279219
95 0.279219
96 0.279219
97 0.279219
98 0.279219
99 0.279219
100 0.279219
101 0.279375
102 0.280703
103 0.279844
104 0.281094
105 0.280625
106 0.280938
107 0.280547
108 0.280859
109 0.280547
110 0.280859
111 0.280625
112 0.280781
113 0.280625
114 0.280781
115 0.280703
116 0.280781
117 0.280703
118 0.280781
119 0.280703
120 0.280781
121 0.280703
122 0.280781
123 0.280703
124 0.280781
125 0.280703
126 0.280703
127 0.280703
128 0.280703
129 0.280703
130 0.280703
131 0.280703
132 0.280703
133 0.280703
134 0.280703
135 0.280703
136 0.280703
137 0.280703
138 0.280703
139 0.280703
140 0.280703
141 0.280703
142 0.280703
143 0.280703
144 0.280703
145 0.280703
146 0.280703
147 0.280703
148 0.280703
149 0.280703
150 0.280703
151 0.280703
152 0.280703
153 0.280703
154 0.280703
155 0.280703
156 0.280703
157 0.280703
158 0.280703
159 0.280703
160 0.280703
161 0.280703
162 0.280703
163 0.280703
164 0.280703
165 0.280703
166 0.280703
167 0.280703
168 0.280703
169 0.280703
170 0.280703
171 0.280703
172 0.280703
173 0.280703
174 0.280703
175 0.280703
176 0.280703
177 0.280703
178 0.280703
179 0.280703
180 0.280703
181 0.280703
182 0.280703
183 0.280703
184 0.280703
185 0.280703
186 0.280703
187 0.280703
188 0.280703
189 0.280703
190 0.280703
191 0.280703
192 0.280703
193 0.280703
194 0.280703
195 0.280703
196 0.280703
197 0.280703
198 0.280703
199 0.280703
200 0.280703
201 0.281406
202 0.281406
203 0.281484
204 0.281562
205 0.281328
206 0.281484
207 0.281406
208 0.281484
209 0.281406
210 0.281406
211 0.281406
212 0.281406
213 0.281406
214 0.281406
215 0.281406
216 0.281406
217 0.281406
218 0.281406
219 0.281406
220 0.281406
221 0.281406
222 0.281406
223 0.281406
224 0.281406
225 0.281406
226 0.281406
227 0.281406
228 0.281406
229 0.281406
230 0.281406
231 0.281406
232 0.281406
233 0.281406
234 0.281406
235 0.281406
236 0.281406
237 0.281406
238 0.281406
239 0.281406
240 0.281406
241 0.281406
242 0.281406
243 0.281406
244 0.281406
245 0.281406
246 0.281406
247 0.281406
248 0.281406
249 0.281406
250 0.281406
251 0.281406
252 0.281406
253 0.281406
254 0.281406
255 0.281406
256 0.281406
257 0.281406
258 0.281406
259 0.281406
260 0.281406
261 0.281406
262 0.281406
263 0.281406
264 0.281406
265 0.281406
266 0.281406
267 0.281406
268 0.281406
269 0.281406
270 0.281406
271 0.281406
272 0.281406
273 0.281406
274 0.281406
275 0.281406
276 0.281406
277 0.281406
278 0.281406
279 0.281406
280 0.281406
281 0.281406
282 0.281406
283 0.281406
284 0.281406
285 0.281406
286 0.281406
287 0.281406
288 0.281406
289 0.281406
290 0.281406
291 0.281406
292 0.281406
293 0.281406
294 0.281406
295 0.281406
296 0.281406
297 0.281406
298 0.281406
299 0.281406
300 0.281406
