1 0.035547
2 0.001484
3 0.000625
4 0.000234
5 0.000234
6 0.000234
7 0.000234
8 0.000234
9 0.000234
10 0.000234
11 0.000234
12 0.000234
13 0.000234
14 0.000234
15 0.000234
16 0.000234
17 0.000234
18 0.000234
19 0.000234
20 0.000234
21 0.000234
22 0.000234
23 0.000234
24 0.000234
25 0.000234
26 0.000234
27 0.000234
28 0.000234
29 0.000234
30 0.000234
31 0.000234
32 0.000234
33 0.000234
34 0.000234
35 0.000234
36 0.000234
37 0.000234
38 0.000234
39 0.000234
40 0.000234
41 0.000234
42 0.000234
43 0.000234
44 0.000234
45 0.000234
46 0.000234
47 0.000234
48 0.000234
49 0.000234
50 0.000234
51 0.000234
52 0.000234
53 0.000234
54 0.000234
55 0.000234
56 0.000234
57 0.000234
58 0.000234
59 0.000234
60 0.000234
61 0.000234
62 0.000234
63 0.000234
64 0.000234
65 0.000234
66 0.000234
67 0.000234
68 0.000234
69 0.000234
70 0.000234
71 0.000234
72 0.000234
73 0.000234
74 0.000234
75 0.000234
76 0.000234
77 0.000234
78 0.000234
79 0.000234
80 0.000234
81 0.000234
82 0.000234
83 0.000234
84 0.000234
85 0.000234
86 0.000234
87 0.000234
88 0.000234
89 0.000234
90 0.000234
91 0.000234
92 0.000234
93 0.000234
94 0.000234
95 0.000234
96 0.000234
97 0.000234
98 0.000234
99 0.000234
100 0.000234
101 0.000313
102 0.000313
103 0.000313
104 0.000313
105 0.000313
106 0.000313
107 0.000313
108 0.000313
109 0.000313
110 0.000313
111 0.000313
112 0.000313
113 0.000313
114 0.000313
115 0.000313
116 0.000313
117 0.000313
118 0.000313
119 0.000313
120 0.000313
121 0.000313
122 0.000313
123 0.000313
124 0.000313
125 0.000313
126 0.000313
127 0.000313
128 0.000313
129 0.000313
130 0.000313
131 0.000313
132 0.000313
133 0.000313
134 0.000313
135 0.000313
136 0.000313
137 0.000313
138 0.000313
139 0.000313
140 0.000313
141 0.000313
142 0.000313
143 0.000313
144 0.000313
145 0.000313
146 0.000313
147 0.000313
148 0.000313
149 0.000313
150 0.000313
151 0.000313
152 0.000313
153 0.000313
154 0.000313
155 0.000313
156 0.000313
157 0.000313
158 0.000313
159 0.000313
160 0.000313
161 0.000313
162 0.000313
163 0.000313
164 0.000313
165 0.000313
166 0.000313
167 0.000313
168 0.000313
169 0.000313
170 0.000313
171 0.000313
172 0.000313
173 0.000313
174 0.000313
175 0.000313
176 0.000313
177 0.000313
178 0.000313
179 0.000313
180 0.000313
181 0.000313
182 0.000313
183 0.000313
184 0.000313
185 0.000313
186 0.000313
187 0.000313
188 0.000313
189 0.000313
190 0.000313
191 0.000313
192 0.000313
193 0.000313
194 0.000313
195 0.000313
196 0.000313
197 0.000313
198 0.000313
199 0.000313
200 0.000313
201 0.000313
202 0.000313
203 0.000313
204 0.000313
205 0.000313
206 0.000313
207 0.000313
208 0.000313
209 0.000313
210 0.000313
211 0.000313
212 0.000313
213 0.000313
214 0.000313
215 0.000313
216 0.000313
217 0.000313
218 0.000313
219 0.000313
220 0.000313
221 0.000313
222 0.000313
223 0.000313
224 0.000313
225 0.000313
226 0.000313
227 0.000313
228 0.000313
229 0.000313
230 0.000313
231 0.000313
232 0.000313
233 0.000313
234 0.000313
235 0.000313
236 0.000313
237 0.000313
238 0.000313
239 0.000313
240 0.000313
241 0.000313
242 0.000313
243 0.000313
244 0.000313
245 0.000313
246 0.000313
247 0.000313
248 0.000313
249 0.000313
250 0.000313
251 0.000313
252 0.000313
253 0.000313
254 0.000313
255 0.000313
256 0.000313
257 0.000313
258 0.000313
259 0.000313
260 0.000313
261 0.000313
262 0.000313
263 0.000313
264 0.000313
265 0.000313
266 0.000313
267 0.000313
268 0.000313
269 0.000313
270 0.000313
271 0.000313
272 0.000313
273 0.000313
274 0.000313
275 0.000313
276 0.000313
277 0.000313
278 0.000313
279 0.000313
280 0.000313
281 0.000313
282 0.000313
283 0.000313
284 0.000313
285 0.000313
286 0.000313
287 0.000313
288 0.000313
289 0.000313
290 0.000313
291 0.000313
292 0.000313
293 0.000313
294 0.000313
295 0.000313
296 0.000313
297 0.000313
298 0.000313
299 0.000313
300 0.000313
