1 0.204063
2 0.199219
3 0.198594
4 0.198203
5 0.196953
6 0.197187
7 0.197578
8 0.197266
9 0.197578
10 0.196719
11 0.197266
12 0.196953
13 0.196797
14 0.196875
15 0.196953
16 0.196797
17 0.196875
18 0.196875
19 0.196953
20 0.196719
21 0.196953
22 0.196875
23 0.196953
24 0.196875
25 0.196953
26 0.196953
27 0.196875
28 0.196953
29 0.196875
30 0.196953
31 0.196875
32 0.196953
33 0.196953
34 0.196953
35 0.196953
36 0.196953
37 0.196953
38 0.196953
39 0.197031
40 0.196953
41 0.197031
42 0.196953
43 0.197031
44 0.197031
45 0.197031
46 0.197031
47 0.197031
48 0.197031
49 0.197031
50 0.197031
51 0.197031
52 0.197031
53 0.197031
54 0.197031
55 0.197031
56 0.197031
57 0.197031
58 0.197031
59 0.197031
60 0.197031
61 0.197031
62 0.197031
63 0.197031
64 0.197031
65 0.197031
66 0.197031
67 0.197031
68 0.197031
69 0.197031
70 0.197031
71 0.197031
72 0.197031
73 0.197031
74 0.197031
75 0.197031
76 0.197031
77 0.197031
78 0.197031
79 0.197031
80 0.197031
81 0.197031
82 0.197031
83 0.197031
84 0.197031
85 0.197031
86 0.197031
87 0.197031
88 0.197031
89 0.197031
90 0.197031
91 0.197031
92 0.197031
93 0.197031
94 0.197031
95 0.197031
96 0.197031
97 0.197031
98 0.197031
99 0.197031
100 0.197031
101 0.196641
102 0.196250
103 0.195703
104 0.195078
105 0.195937
106 0.195312
107 0.195703
108 0.195234
109 0.195625
110 0.195312
111 0.195547
112 0.195156
113 0.195469
114 0.195156
115 0.195391
116 0.195234
117 0.195391
118 0.195312
119 0.195156
120 0.195312
121 0.195156
122 0.195312
123 0.195078
124 0.195312
125 0.195078
126 0.195312
127 0.195078
128 0.195234
129 0.195078
130 0.195234
131 0.195000
132 0.195234
133 0.195000
134 0.195234
135 0.194922
136 0.195234
137 0.194844
138 0.195234
139 0.194766
140 0.195234
141 0.194766
142 0.195234
143 0.194844
144 0.195234
145 0.194844
146 0.195234
147 0.194844
148 0.195156
149 0.194844
150 0.195156
151 0.194844
152 0.195156
153 0.194844
154 0.195156
155 0.194766
156 0.195156
157 0.194766
158 0.195156
159 0.194766
160 0.195234
161 0.194766
162 0.195234
163 0.194766
164 0.195312
165 0.194766
166 0.195391
167 0.194766
168 0.195391
169 0.194766
170 0.195391
171 0.194766
172 0.195391
173 0.194766
174 0.195312
175 0.194766
176 0.195234
177 0.194766
178 0.195234
179 0.194766
180 0.195391
181 0.194766
182 0.195469
183 0.194766
184 0.195469
185 0.194688
186 0.195625
187 0.194688
188 0.195625
189 0.194688
190 0.195625
191 0.194688
192 0.195625
193 0.194688
194 0.195625
195 0.194688
196 0.195625
197 0.194766
198 0.195625
199 0.194766
200 0.195625
201 0.195312
202 0.195625
203 0.195234
204 0.195703
205 0.195312
206 0.195703
207 0.195156
208 0.195547
209 0.195156
210 0.195625
211 0.195156
212 0.195703
213 0.195156
214 0.195625
215 0.195156
216 0.195625
217 0.195156
218 0.195625
219 0.195234
220 0.195625
221 0.195156
222 0.195547
223 0.195156
224 0.195625
225 0.195234
226 0.195625
227 0.195234
228 0.195625
229 0.195234
230 0.195625
231 0.195312
232 0.195625
233 0.195312
234 0.195469
235 0.195312
236 0.195469
237 0.195312
238 0.195469
239 0.195312
240 0.195469
241 0.195391
242 0.195391
243 0.195391
244 0.195391
245 0.195391
246 0.195391
247 0.195391
248 0.195391
249 0.195391
250 0.195391
251 0.195312
252 0.195391
253 0.195234
254 0.195391
255 0.195234
256 0.195391
257 0.195312
258 0.195391
259 0.195312
260 0.195391
261 0.195312
262 0.195391
263 0.195312
264 0.195312
265 0.195312
266 0.195312
267 0.195312
268 0.195312
269 0.195312
270 0.195312
271 0.195312
272 0.195312
273 0.195312
274 0.195312
275 0.195312
276 0.195312
277 0.195312
278 0.195312
279 0.195234
280 0.195312
281 0.195234
282 0.195312
283 0.195234
284 0.195312
285 0.195312
286 0.195312
287 0.195312
288 0.195312
289 0.195312
290 0.195312
291 0.195312
292 0.195312
293 0.195312
294 0.195312
295 0.195312
296 0.195312
297 0.195312
298 0.195312
299 0.195312
300 0.195312
