1 2.685643e-02
2 1.971469e-02
3 1.950784e-02
4 1.951188e-02
5 1.951077e-02
6 1.951070e-02
7 1.951056e-02
8 1.951056e-02
9 1.951056e-02
10 1.951056e-02
11 1.951056e-02
12 1.951056e-02
13 1.951056e-02
14 1.951056e-02
15 1.951056e-02
16 1.951056e-02
17 1.951056e-02
18 1.951056e-02
19 1.951056e-02
20 1.951056e-02
21 1.951056e-02
22 1.951056e-02
23 1.951056e-02
24 1.951056e-02
25 1.951056e-02
26 1.951056e-02
27 1.951056e-02
28 1.951056e-02
29 1.951056e-02
30 1.951056e-02
31 1.951056e-02
32 1.951056e-02
33 1.951056e-02
34 1.951056e-02
35 1.951056e-02
36 1.951056e-02
37 1.951056e-02
38 1.951056e-02
39 1.951056e-02
40 1.951056e-02
41 1.951056e-02
42 1.951056e-02
43 1.951056e-02
44 1.951056e-02
45 1.951056e-02
46 1.951056e-02
47 1.951056e-02
48 1.951056e-02
49 1.951056e-02
50 1.951056e-02
51 1.951056e-02
52 1.951056e-02
53 1.951056e-02
54 1.951056e-02
55 1.951056e-02
56 1.951056e-02
57 1.951056e-02
58 1.951056e-02
59 1.951056e-02
60 1.951056e-02
61 1.951056e-02
62 1.951056e-02
63 1.951056e-02
64 1.951056e-02
65 1.951056e-02
66 1.951056e-02
67 1.951056e-02
68 1.951056e-02
69 1.951056e-02
70 1.951056e-02
71 1.951056e-02
72 1.951056e-02
73 1.951056e-02
74 1.951056e-02
75 1.951056e-02
76 1.951056e-02
77 1.951056e-02
78 1.951056e-02
79 1.951056e-02
80 1.951056e-02
81 1.951056e-02
82 1.951056e-02
83 1.951056e-02
84 1.951056e-02
85 1.951056e-02
86 1.951056e-02
87 1.951056e-02
88 1.951056e-02
89 1.951056e-02
90 1.951056e-02
91 1.951056e-02
92 1.951056e-02
93 1.951056e-02
94 1.951056e-02
95 1.951056e-02
96 1.951056e-02
97 1.951056e-02
98 1.951056e-02
99 1.951056e-02
100 1.951056e-02
101 2.241469e-02
102 2.261800e-02
103 2.291189e-02
104 2.294867e-02
105 2.297307e-02
106 2.297758e-02
107 2.298003e-02
108 2.298061e-02
109 2.298088e-02
110 2.298096e-02
111 2.298099e-02
112 2.298100e-02
113 2.298100e-02
114 2.298101e-02
115 2.298101e-02
116 2.298101e-02
117 2.298101e-02
118 2.298101e-02
119 2.298101e-02
120 2.298101e-02
121 2.298101e-02
122 2.298101e-02
123 2.298101e-02
124 2.298101e-02
125 2.298101e-02
126 2.298101e-02
127 2.298101e-02
128 2.298101e-02
129 2.298101e-02
130 2.298101e-02
131 2.298101e-02
132 2.298101e-02
133 2.298101e-02
134 2.298101e-02
135 2.298101e-02
136 2.298101e-02
137 2.298101e-02
138 2.298101e-02
139 2.298101e-02
140 2.298101e-02
141 2.298101e-02
142 2.298101e-02
143 2.298101e-02
144 2.298101e-02
145 2.298101e-02
146 2.298101e-02
147 2.298101e-02
148 2.298101e-02
149 2.298101e-02
150 2.298101e-02
151 2.298101e-02
152 2.298101e-02
153 2.298101e-02
154 2.298101e-02
155 2.298101e-02
156 2.298101e-02
157 2.298101e-02
158 2.298101e-02
159 2.298101e-02
160 2.298101e-02
161 2.298101e-02
162 2.298101e-02
163 2.298101e-02
164 2.298101e-02
165 2.298101e-02
166 2.298101e-02
167 2.298101e-02
168 2.298101e-02
169 2.298101e-02
170 2.298101e-02
171 2.298101e-02
172 2.298101e-02
173 2.298101e-02
174 2.298101e-02
175 2.298101e-02
176 2.298101e-02
177 2.298101e-02
178 2.298101e-02
179 2.298101e-02
180 2.298101e-02
181 2.298101e-02
182 2.298101e-02
183 2.298101e-02
184 2.298101e-02
185 2.298101e-02
186 2.298101e-02
187 2.298101e-02
188 2.298101e-02
189 2.298101e-02
190 2.298101e-02
191 2.298101e-02
192 2.298101e-02
193 2.298101e-02
194 2.298101e-02
195 2.298101e-02
196 2.298101e-02
197 2.298101e-02
198 2.298101e-02
199 2.298101e-02
200 2.298101e-02
201 2.127517e-02
202 2.118169e-02
203 2.113931e-02
204 2.113322e-02
205 2.113050e-02
206 2.112996e-02
207 2.112973e-02
208 2.112968e-02
209 2.112966e-02
210 2.112966e-02
211 2.112965e-02
212 2.112965e-02
213 2.112965e-02
214 2.112965e-02
215 2.112965e-02
216 2.112965e-02
217 2.112965e-02
218 2.112965e-02
219 2.112965e-02
220 2.112965e-02
221 2.112965e-02
222 2.112965e-02
223 2.112965e-02
224 2.112965e-02
225 2.112965e-02
226 2.112965e-02
227 2.112965e-02
228 2.112965e-02
229 2.112965e-02
230 2.112965e-02
231 2.112965e-02
232 2.112965e-02
233 2.112965e-02
234 2.112965e-02
235 2.112965e-02
236 2.112965e-02
237 2.112965e-02
238 2.112965e-02
239 2.112965e-02
240 2.112965e-02
241 2.112965e-02
242 2.112965e-02
243 2.112965e-02
244 2.112965e-02
245 2.112965e-02
246 2.112965e-02
247 2.112965e-02
248 2.112965e-02
249 2.112965e-02
250 2.112965e-02
251 2.112965e-02
252 2.112965e-02
253 2.112965e-02
254 2.112965e-02
255 2.112965e-02
256 2.112965e-02
257 2.112965e-02
258 2.112965e-02
259 2.112965e-02
260 2.112965e-02
261 2.112965e-02
262 2.112965e-02
263 2.112965e-02
264 2.112965e-02
265 2.112965e-02
266 2.112965e-02
267 2.112965e-02
268 2.112965e-02
269 2.112965e-02
270 2.112965e-02
271 2.112965e-02
272 2.112965e-02
273 2.112965e-02
274 2.112965e-02
275 2.112965e-02
276 2.112965e-02
277 2.112965e-02
278 2.112965e-02
279 2.112965e-02
280 2.112965e-02
281 2.112965e-02
282 2.112965e-02
283 2.112965e-02
284 2.112965e-02
285 2.112965e-02
286 2.112965e-02
287 2.112965e-02
288 2.112965e-02
289 2.112965e-02
290 2.112965e-02
291 2.112965e-02
292 2.112965e-02
293 2.112965e-02
294 2.112965e-02
295 2.112965e-02
296 2.112965e-02
297 2.112965e-02
298 2.112965e-02
299 2.112965e-02
300 2.112965e-02
