1 0.170646
2 0.162594
3 0.194505
4 0.333708
5 0.259797
6 0.384188
7 0.290807
8 0.386042
9 0.304385
10 0.385115
11 0.311339
12 0.383891
13 0.315807
14 0.383594
15 0.319026
16 0.384161
17 0.321141
18 0.383641
19 0.322875
20 0.383646
21 0.324276
22 0.383104
23 0.325318
24 0.382714
25 0.326302
26 0.382969
27 0.326953
28 0.382620
29 0.327630
30 0.382224
31 0.328307
32 0.381828
33 0.328792
34 0.381563
35 0.329427
36 0.381333
37 0.329813
38 0.381031
39 0.330031
40 0.381172
41 0.330651
42 0.380927
43 0.331016
44 0.380745
45 0.331375
46 0.380630
47 0.331687
48 0.380583
49 0.331896
50 0.380167
51 0.332089
52 0.380099
53 0.332219
54 0.380109
55 0.332125
56 0.379906
57 0.332266
58 0.379974
59 0.332417
60 0.380005
61 0.332443
62 0.380151
63 0.332578
64 0.379932
65 0.332474
66 0.380094
67 0.332542
68 0.380167
69 0.332526
70 0.379995
71 0.332578
72 0.379880
73 0.332677
74 0.379776
75 0.332865
76 0.379781
77 0.332901
78 0.379859
79 0.333021
80 0.379672
81 0.333083
82 0.379682
83 0.333094
84 0.379589
85 0.333031
86 0.379542
87 0.332974
88 0.379542
89 0.333016
90 0.379552
91 0.333052
92 0.379490
93 0.333109
94 0.379510
95 0.333302
96 0.379375
97 0.333182
98 0.379411
99 0.333208
100 0.379297
101 0.329224
102 0.380615
103 0.331193
104 0.380005
105 0.331583
106 0.379708
107 0.331797
108 0.379583
109 0.332115
110 0.379724
111 0.332297
112 0.379417
113 0.332557
114 0.379448
115 0.332609
116 0.379432
117 0.332661
118 0.379365
119 0.332818
120 0.379245
121 0.332859
122 0.379401
123 0.333036
124 0.379234
125 0.333068
126 0.379307
127 0.333141
128 0.379255
129 0.333193
130 0.379349
131 0.333229
132 0.379260
133 0.333161
134 0.379318
135 0.333240
136 0.379229
137 0.333234
138 0.379203
139 0.333240
140 0.379333
141 0.333167
142 0.379146
143 0.333245
144 0.379146
145 0.333271
146 0.379214
147 0.333406
148 0.379156
149 0.333344
150 0.379193
151 0.333401
152 0.379115
153 0.333354
154 0.379115
155 0.333406
156 0.379172
157 0.333391
158 0.379172
159 0.333427
160 0.379057
161 0.333323
162 0.379062
163 0.333417
164 0.379036
165 0.333370
166 0.379094
167 0.333448
168 0.378990
169 0.333406
170 0.379063
171 0.333411
172 0.378938
173 0.333417
174 0.379083
175 0.333391
176 0.379021
177 0.333469
178 0.379083
179 0.333490
180 0.379036
181 0.333437
182 0.379172
183 0.333453
184 0.378990
185 0.333448
186 0.379047
187 0.333490
188 0.378984
189 0.333448
190 0.379026
191 0.333464
192 0.378984
193 0.333474
194 0.378974
195 0.333521
196 0.379000
197 0.333500
198 0.379021
199 0.333521
200 0.378984
201 0.330875
202 0.380276
203 0.332609
204 0.379500
205 0.332937
206 0.379271
207 0.333078
208 0.379115
209 0.333151
210 0.379255
211 0.333224
212 0.379010
213 0.333276
214 0.379021
215 0.333391
216 0.379010
217 0.333323
218 0.379036
219 0.333458
220 0.378953
221 0.333510
222 0.378979
223 0.333552
224 0.378880
225 0.333557
226 0.378828
227 0.333583
228 0.378849
229 0.333568
230 0.378979
231 0.333615
232 0.378969
233 0.333609
234 0.379057
235 0.333651
236 0.379068
237 0.333656
238 0.379099
239 0.333661
240 0.379073
241 0.333641
242 0.379052
243 0.333651
244 0.378974
245 0.333625
246 0.379068
247 0.333656
248 0.379078
249 0.333635
250 0.379094
251 0.333651
252 0.378990
253 0.333615
254 0.379052
255 0.333646
256 0.378964
257 0.333667
258 0.378896
259 0.333693
260 0.379078
261 0.333646
262 0.378990
263 0.333661
264 0.379047
265 0.333656
266 0.379005
267 0.333677
268 0.378969
269 0.333625
270 0.379000
271 0.333672
272 0.378969
273 0.333620
274 0.379016
275 0.333641
276 0.379036
277 0.333625
278 0.379005
279 0.333661
280 0.379000
281 0.333630
282 0.378979
283 0.333682
284 0.379063
285 0.333682
286 0.378990
287 0.333687
288 0.378953
289 0.333661
290 0.378932
291 0.333703
292 0.378964
293 0.333672
294 0.378979
295 0.333698
296 0.379010
297 0.333734
298 0.378885
299 0.333734
300 0.378958
