1 0.002500
2 0.000833
3 0.000833
4 0.001042
5 0.000833
6 0.001042
7 0.001042
8 0.001042
9 0.001042
10 0.001042
11 0.001042
12 0.001042
13 0.001042
14 0.001042
15 0.001042
16 0.001042
17 0.001042
18 0.001042
19 0.001042
20 0.001042
21 0.001042
22 0.001042
23 0.001042
24 0.001042
25 0.001042
26 0.001042
27 0.001042
28 0.001042
29 0.001042
30 0.001042
31 0.001042
32 0.001042
33 0.001042
34 0.001042
35 0.001042
36 0.001042
37 0.001042
38 0.001042
39 0.001042
40 0.001042
41 0.001042
42 0.001042
43 0.001042
44 0.001042
45 0.001042
46 0.001042
47 0.001042
48 0.001042
49 0.001042
50 0.001042
51 0.001042
52 0.001042
53 0.001042
54 0.001042
55 0.001042
56 0.001042
57 0.001042
58 0.001042
59 0.001042
60 0.001042
61 0.001042
62 0.001042
63 0.001042
64 0.001042
65 0.001042
66 0.001042
67 0.001042
68 0.001042
69 0.001042
70 0.001042
71 0.001042
72 0.001042
73 0.001042
74 0.001042
75 0.001042
76 0.001042
77 0.001042
78 0.001042
79 0.001042
80 0.001042
81 0.001042
82 0.001042
83 0.001042
84 0.001042
85 0.001042
86 0.001042
87 0.001042
88 0.001042
89 0.001042
90 0.001042
91 0.001042
92 0.001042
93 0.001042
94 0.001042
95 0.001042
96 0.001042
97 0.001042
98 0.001042
99 0.001042
100 0.001042
101 0.001042
102 0.001042
103 0.001042
104 0.001042
105 0.001042
106 0.001042
107 0.001042
108 0.001042
109 0.001042
110 0.001042
111 0.001042
112 0.001042
113 0.001042
114 0.001042
115 0.001042
116 0.001042
117 0.001042
118 0.001042
119 0.001042
120 0.001042
121 0.001042
122 0.001042
123 0.001042
124 0.001042
125 0.001042
126 0.001042
127 0.001042
128 0.001042
129 0.001042
130 0.001042
131 0.001042
132 0.001042
133 0.001042
134 0.001042
135 0.001042
136 0.001042
137 0.001042
138 0.001042
139 0.001042
140 0.001042
141 0.001042
142 0.001042
143 0.001042
144 0.001042
145 0.001042
146 0.001042
147 0.001042
148 0.001042
149 0.001042
150 0.001042
151 0.001042
152 0.001042
153 0.001042
154 0.001042
155 0.001042
156 0.001042
157 0.001042
158 0.001042
159 0.001042
160 0.001042
161 0.001042
162 0.001042
163 0.001042
164 0.001042
165 0.001042
166 0.001042
167 0.001042
168 0.001042
169 0.001042
170 0.001042
171 0.001042
172 0.001042
173 0.001042
174 0.001042
175 0.001042
176 0.001042
177 0.001042
178 0.001042
179 0.001042
180 0.001042
181 0.001042
182 0.001042
183 0.001042
184 0.001042
185 0.001042
186 0.001042
187 0.001042
188 0.001042
189 0.001042
190 0.001042
191 0.001042
192 0.001042
193 0.001042
194 0.001042
195 0.001042
196 0.001042
197 0.001042
198 0.001042
199 0.001042
200 0.001042
201 0.001042
202 0.001042
203 0.001042
204 0.001042
205 0.001042
206 0.001042
207 0.001042
208 0.001042
209 0.001042
210 0.001042
211 0.001042
212 0.001042
213 0.001042
214 0.001042
215 0.001042
216 0.001042
217 0.001042
218 0.001042
219 0.001042
220 0.001042
221 0.001042
222 0.001042
223 0.001042
224 0.001042
225 0.001042
226 0.001042
227 0.001042
228 0.001042
229 0.001042
230 0.001042
231 0.001042
232 0.001042
233 0.001042
234 0.001042
235 0.001042
236 0.001042
237 0.001042
238 0.001042
239 0.001042
240 0.001042
241 0.001042
242 0.001042
243 0.001042
244 0.001042
245 0.001042
246 0.001042
247 0.001042
248 0.001042
249 0.001042
250 0.001042
251 0.001042
252 0.001042
253 0.001042
254 0.001042
255 0.001042
256 0.001042
257 0.001042
258 0.001042
259 0.001042
260 0.001042
261 0.001042
262 0.001042
263 0.001042
264 0.001042
265 0.001042
266 0.001042
267 0.001042
268 0.001042
269 0.001042
270 0.001042
271 0.001042
272 0.001042
273 0.001042
274 0.001042
275 0.001042
276 0.001042
277 0.001042
278 0.001042
279 0.001042
280 0.001042
281 0.001042
282 0.001042
283 0.001042
284 0.001042
285 0.001042
286 0.001042
287 0.001042
288 0.001042
289 0.001042
290 0.001042
291 0.001042
292 0.001042
293 0.001042
294 0.001042
295 0.001042
296 0.001042
297 0.001042
298 0.001042
299 0.001042
300 0.001042
