#1 0.170412
2 0.161574
3 0.193117
4 0.329904
5 0.258389
6 0.382683
7 0.289265
8 0.385759
9 0.303295
10 0.384902
11 0.310764
12 0.384274
13 0.315384
14 0.384090
15 0.318430
16 0.383577
17 0.320728
18 0.383210
19 0.322524
20 0.382860
21 0.323917
22 0.382452
23 0.325055
24 0.382130
25 0.325978
26 0.381847
27 0.326746
28 0.381692
29 0.327426
30 0.381446
31 0.328015
32 0.381144
33 0.328541
34 0.381010
35 0.328922
36 0.380851
37 0.329294
38 0.380711
39 0.329588
40 0.380667
41 0.329895
42 0.380535
43 0.330183
44 0.380460
45 0.330406
46 0.380301
47 0.330624
48 0.380228
49 0.330816
50 0.380139
51 0.331000
52 0.380056
53 0.331139
54 0.380033
55 0.331326
56 0.379958
57 0.331465
58 0.379892
59 0.331534
60 0.379808
61 0.331653
62 0.379788
63 0.331730
64 0.379695
65 0.331792
66 0.379704
67 0.331911
68 0.379662
69 0.331982
70 0.379604
71 0.332050
72 0.379571
73 0.332084
74 0.379522
75 0.332142
76 0.379504
77 0.332225
78 0.379422
79 0.332264
80 0.379447
81 0.332312
82 0.379309
83 0.332344
84 0.379316
85 0.332371
86 0.379312
87 0.332395
88 0.379337
89 0.332426
90 0.379263
91 0.332439
92 0.379236
93 0.332474
94 0.379179
95 0.332483
96 0.379177
97 0.332473
98 0.379150
99 0.332503
100 0.379155
101 0.328594
102 0.380365
103 0.330456
104 0.379819
105 0.330891
106 0.379581
107 0.331149
108 0.379370
109 0.331301
110 0.379295
111 0.331501
112 0.379261
113 0.331663
114 0.379208
115 0.331764
116 0.379111
117 0.331886
118 0.379146
119 0.331968
120 0.379113
121 0.332092
122 0.379099
123 0.332139
124 0.379093
125 0.332200
126 0.379062
127 0.332226
128 0.379021
129 0.332286
130 0.378975
131 0.332315
132 0.378946
133 0.332355
134 0.378994
135 0.332390
136 0.378941
137 0.332425
138 0.378901
139 0.332438
140 0.378928
141 0.332482
142 0.378914
143 0.332465
144 0.378889
145 0.332494
146 0.378897
147 0.332501
148 0.378871
149 0.332522
150 0.378878
151 0.332538
152 0.378861
153 0.332582
154 0.378859
155 0.332601
156 0.378863
157 0.332613
158 0.378832
159 0.332616
160 0.378851
161 0.332652
162 0.378829
163 0.332647
164 0.378826
165 0.332644
166 0.378822
167 0.332645
168 0.378801
169 0.332659
170 0.378802
171 0.332658
172 0.378787
173 0.332668
174 0.378795
175 0.332666
176 0.378814
177 0.332684
178 0.378794
179 0.332678
180 0.378790
181 0.332703
182 0.378761
183 0.332691
184 0.378801
185 0.332718
186 0.378806
187 0.332723
188 0.378798
189 0.332731
190 0.378799
191 0.332714
192 0.378801
193 0.332736
194 0.378795
195 0.332704
196 0.378776
197 0.332721
198 0.378765
199 0.332702
200 0.378794
201 0.330008
202 0.379907
203 0.331720
204 0.379362
205 0.332062
206 0.379125
207 0.332194
208 0.379003
209 0.332303
210 0.378929
211 0.332350
212 0.378847
213 0.332410
214 0.378853
215 0.332425
216 0.378805
217 0.332480
218 0.378789
219 0.332461
220 0.378757
221 0.332504
222 0.378755
223 0.332515
224 0.378762
225 0.332535
226 0.378714
227 0.332546
228 0.378710
229 0.332570
230 0.378723
231 0.332582
232 0.378710
233 0.332623
234 0.378721
235 0.332621
236 0.378697
237 0.332644
238 0.378702
239 0.332643
240 0.378688
241 0.332656
242 0.378685
243 0.332651
244 0.378709
245 0.332675
246 0.378705
247 0.332677
248 0.378679
249 0.332682
250 0.378667
251 0.332681
252 0.378672
253 0.332708
254 0.378698
255 0.332686
256 0.378652
257 0.332710
258 0.378682
259 0.332703
260 0.378673
261 0.332729
262 0.378680
263 0.332714
264 0.378662
265 0.332739
266 0.378673
267 0.332729
268 0.378650
269 0.332751
270 0.378668
271 0.332735
272 0.378676
273 0.332758
274 0.378658
275 0.332748
276 0.378672
277 0.332747
278 0.378674
279 0.332732
280 0.378655
281 0.332764
282 0.378665
283 0.332751
284 0.378657
285 0.332756
286 0.378679
287 0.332744
288 0.378657
289 0.332781
290 0.378671
291 0.332755
292 0.378637
293 0.332757
294 0.378661
295 0.332751
296 0.378645
297 0.332773
298 0.378676
299 0.332756
300 0.378672
