1 0.289574
2 0.338667
3 0.316217
4 0.300861
5 0.301159
6 0.302982
7 0.303431
8 0.302752
9 0.302284
10 0.302332
11 0.228112
12 0.215907
13 0.216342
14 0.217086
15 0.216781
16 0.216675
17 0.216667
18 0.216659
19 0.216666
20 0.216664
21 0.179214
22 0.174573
23 0.175279
24 0.175355
25 0.175187
26 0.175126
27 0.175122
28 0.175129
29 0.175133
30 0.175133
31 0.151948
32 0.148976
33 0.149389
34 0.149435
35 0.149358
36 0.149316
37 0.149307
38 0.149313
39 0.149317
40 0.149318
41 0.134168
42 0.132472
43 0.132676
44 0.132696
45 0.132696
46 0.132673
47 0.132651
48 0.132651
49 0.132653
50 0.132653
51 0.122389
52 0.121504
53 0.121785
54 0.121791
55 0.121776
56 0.121777
57 0.121772
58 0.121767
59 0.121766
60 0.121767
61 0.113968
62 0.113372
63 0.113722
64 0.113859
65 0.113852
66 0.113833
67 0.113833
68 0.113831
69 0.113829
70 0.113828
71 0.107711
72 0.107196
73 0.107541
74 0.107630
75 0.107622
76 0.107618
77 0.107611
78 0.107608
79 0.107607
80 0.107607
81 0.102131
82 0.101760
83 0.101909
84 0.101927
85 0.101939
86 0.101934
87 0.101925
88 0.101923
89 0.101923
90 0.101923
91 0.097642
92 0.097358
93 0.097612
94 0.097723
95 0.097741
96 0.097724
97 0.097712
98 0.097711
99 0.097711
100 0.097711
