1 0.281453
2 0.334271
3 0.310982
4 0.294280
5 0.294632
6 0.296690
7 0.297222
8 0.296424
9 0.295859
10 0.295916
11 0.234265
12 0.210189
13 0.208704
14 0.209705
15 0.209131
16 0.209035
17 0.208926
18 0.208939
19 0.208934
20 0.208930
21 0.172164
22 0.165348
23 0.164878
24 0.164820
25 0.164562
26 0.164492
27 0.164496
28 0.164499
29 0.164506
30 0.164507
31 0.139430
32 0.134736
33 0.134311
34 0.134214
35 0.134134
36 0.134125
37 0.134123
38 0.134124
39 0.134123
40 0.134122
41 0.116605
42 0.113604
43 0.113475
44 0.113529
45 0.113505
46 0.113481
47 0.113468
48 0.113468
49 0.113470
50 0.113469
51 0.099693
52 0.096809
53 0.096613
54 0.096629
55 0.096584
56 0.096573
57 0.096565
58 0.096563
59 0.096565
60 0.096564
61 0.085376
62 0.083358
63 0.083118
64 0.083059
65 0.083016
66 0.082994
67 0.082991
68 0.082991
69 0.082990
70 0.082990
71 0.075093
72 0.073765
73 0.073753
74 0.073813
75 0.073806
76 0.073795
77 0.073791
78 0.073789
79 0.073788
80 0.073788
81 0.067026
82 0.065560
83 0.065370
84 0.065376
85 0.065377
86 0.065374
87 0.065372
88 0.065371
89 0.065371
90 0.065372
91 0.060700
92 0.059749
93 0.059581
94 0.059557
95 0.059553
96 0.059551
97 0.059548
98 0.059549
99 0.059549
100 0.059549
