1 0.276507
2 0.331739
3 0.307939
4 0.290359
5 0.290753
6 0.292971
7 0.293563
8 0.292681
9 0.292047
10 0.292111
11 0.249321
12 0.215314
13 0.211327
14 0.213836
15 0.212560
16 0.212429
17 0.212380
18 0.212312
19 0.212329
20 0.212318
21 0.171750
22 0.164066
23 0.163168
24 0.162979
25 0.162693
26 0.162635
27 0.162643
28 0.162638
29 0.162634
30 0.162633
31 0.134619
32 0.128944
33 0.128348
34 0.128409
35 0.128345
36 0.128309
37 0.128299
38 0.128291
39 0.128290
40 0.128292
41 0.107690
42 0.103566
43 0.103222
44 0.103194
45 0.103125
46 0.103081
47 0.103054
48 0.103054
49 0.103060
50 0.103062
51 0.084427
52 0.080141
53 0.079724
54 0.079727
55 0.079706
56 0.079720
57 0.079721
58 0.079718
59 0.079718
60 0.079717
61 0.066238
62 0.063282
63 0.062741
64 0.062668
65 0.062650
66 0.062642
67 0.062643
68 0.062645
69 0.062645
70 0.062645
71 0.052586
72 0.050508
73 0.050261
74 0.050218
75 0.050185
76 0.050177
77 0.050177
78 0.050176
79 0.050176
80 0.050176
81 0.044045
82 0.042764
83 0.042574
84 0.042525
85 0.042510
86 0.042513
87 0.042512
88 0.042509
89 0.042509
90 0.042509
91 0.038434
92 0.037449
93 0.037310
94 0.037287
95 0.037267
96 0.037260
97 0.037258
98 0.037257
99 0.037257
100 0.037257
