1 0.273182
2 0.330105
3 0.305962
4 0.287765
5 0.288192
6 0.290526
7 0.291161
8 0.290219
9 0.289534
10 0.289602
11 0.263612
12 0.219630
13 0.215375
14 0.216837
15 0.215578
16 0.215426
17 0.215431
18 0.215330
19 0.215308
20 0.215341
21 0.174451
22 0.167025
23 0.165941
24 0.165889
25 0.165714
26 0.165628
27 0.165628
28 0.165632
29 0.165632
30 0.165631
31 0.134869
32 0.127235
33 0.126241
34 0.126240
35 0.126104
36 0.126075
37 0.126079
38 0.126075
39 0.126072
40 0.126071
41 0.102780
42 0.097794
43 0.097140
44 0.096987
45 0.096887
46 0.096896
47 0.096902
48 0.096905
49 0.096907
50 0.096906
51 0.077608
52 0.073397
53 0.072790
54 0.072673
55 0.072647
56 0.072666
57 0.072671
58 0.072670
59 0.072670
60 0.072670
61 0.057883
62 0.054542
63 0.054149
64 0.054110
65 0.054097
66 0.054100
67 0.054098
68 0.054098
69 0.054098
70 0.054097
71 0.044077
72 0.041778
73 0.041442
74 0.041421
75 0.041415
76 0.041420
77 0.041424
78 0.041423
79 0.041422
80 0.041422
81 0.034611
82 0.032880
83 0.032531
84 0.032466
85 0.032449
86 0.032447
87 0.032452
88 0.032455
89 0.032455
90 0.032455
91 0.028514
92 0.027612
93 0.027475
94 0.027451
95 0.027443
96 0.027442
97 0.027442
98 0.027443
99 0.027443
100 0.027442
