1 0.373975
2 0.348310
3 0.347987
4 0.348619
5 0.348497
6 0.348375
7 0.348358
8 0.348365
9 0.348367
10 0.348367
11 0.348367
12 0.348367
13 0.348367
14 0.348367
15 0.348367
16 0.348367
17 0.348367
18 0.348367
19 0.348367
20 0.348367
21 0.348367
22 0.348367
23 0.348367
24 0.348367
25 0.348367
26 0.348367
27 0.348367
28 0.348367
29 0.348367
30 0.348367
31 0.347623
32 0.299333
33 0.320536
34 0.307428
35 0.313871
36 0.310080
37 0.312173
38 0.310898
39 0.311656
40 0.311169
41 0.311480
42 0.311269
43 0.311412
44 0.311309
45 0.311384
46 0.311328
47 0.311370
48 0.311337
49 0.311363
50 0.311342
51 0.311359
52 0.311345
53 0.311356
54 0.311347
55 0.311355
56 0.311348
57 0.311354
58 0.311349
59 0.311353
60 0.311349
61 0.275878
62 0.292389
63 0.282009
64 0.288485
65 0.284290
66 0.287001
67 0.285192
68 0.286409
69 0.285567
70 0.286157
71 0.285733
72 0.286041
73 0.285812
74 0.285985
75 0.285851
76 0.285956
77 0.285873
78 0.285939
79 0.285886
80 0.285929
81 0.285893
82 0.285923
83 0.285898
84 0.285919
85 0.285901
86 0.285916
87 0.285903
88 0.285914
89 0.285905
90 0.285913
