1 0.071250
2 0.078750
3 0.070000
4 0.072500
5 0.071250
6 0.072500
7 0.071250
8 0.072500
9 0.071250
10 0.071250
11 0.072500
12 0.070000
13 0.072500
14 0.070000
15 0.072500
16 0.070000
17 0.072500
18 0.071250
19 0.072500
20 0.071250
21 0.073750
22 0.070000
23 0.073750
24 0.070000
25 0.075000
26 0.068750
27 0.075000
28 0.068750
29 0.075000
30 0.070000
31 0.075000
32 0.071250
33 0.075000
34 0.071250
35 0.076250
36 0.072500
37 0.076250
38 0.072500
39 0.076250
40 0.072500
41 0.076250
42 0.073750
43 0.076250
44 0.073750
45 0.076250
46 0.073750
47 0.076250
48 0.073750
49 0.076250
50 0.073750
51 0.076250
52 0.073750
53 0.076250
54 0.075000
55 0.076250
56 0.075000
57 0.076250
58 0.076250
59 0.076250
60 0.075000
61 0.077500
62 0.075000
63 0.077500
64 0.075000
65 0.077500
66 0.075000
67 0.077500
68 0.075000
69 0.076250
70 0.076250
71 0.076250
72 0.076250
73 0.076250
74 0.076250
75 0.076250
76 0.076250
77 0.076250
78 0.076250
79 0.076250
80 0.076250
81 0.077500
82 0.076250
83 0.077500
84 0.076250
85 0.077500
86 0.076250
87 0.077500
88 0.076250
89 0.077500
90 0.076250
91 0.077500
92 0.076250
93 0.077500
94 0.076250
95 0.077500
96 0.076250
97 0.077500
98 0.076250
99 0.077500
100 0.076250
101 0.061250
102 0.072500
103 0.061250
104 0.068750
105 0.062500
106 0.070000
107 0.063750
108 0.068750
109 0.063750
110 0.068750
111 0.063750
112 0.068750
113 0.063750
114 0.068750
115 0.063750
116 0.068750
117 0.063750
118 0.066250
119 0.061250
120 0.065000
121 0.061250
122 0.065000
123 0.061250
124 0.066250
125 0.060000
126 0.065000
127 0.058750
128 0.065000
129 0.058750
130 0.063750
131 0.058750
132 0.063750
133 0.058750
134 0.063750
135 0.058750
136 0.063750
137 0.058750
138 0.062500
139 0.058750
140 0.062500
141 0.057500
142 0.062500
143 0.057500
144 0.062500
145 0.057500
146 0.062500
147 0.057500
148 0.062500
149 0.057500
150 0.062500
151 0.057500
152 0.062500
153 0.057500
154 0.062500
155 0.057500
156 0.062500
157 0.057500
158 0.062500
159 0.057500
160 0.062500
161 0.057500
162 0.062500
163 0.057500
164 0.062500
165 0.056250
166 0.062500
167 0.057500
168 0.062500
169 0.057500
170 0.062500
171 0.057500
172 0.062500
173 0.057500
174 0.062500
175 0.057500
176 0.062500
177 0.057500
178 0.062500
179 0.057500
180 0.062500
181 0.058750
182 0.062500
183 0.058750
184 0.062500
185 0.058750
186 0.062500
187 0.058750
188 0.062500
189 0.058750
190 0.062500
191 0.058750
192 0.062500
193 0.058750
194 0.062500
195 0.058750
196 0.062500
197 0.058750
198 0.062500
199 0.058750
200 0.062500
201 0.060000
202 0.063750
203 0.060000
204 0.063750
205 0.060000
206 0.063750
207 0.060000
208 0.065000
209 0.060000
210 0.065000
211 0.060000
212 0.065000
213 0.060000
214 0.066250
215 0.060000
216 0.066250
217 0.061250
218 0.068750
219 0.061250
220 0.068750
221 0.061250
222 0.068750
223 0.061250
224 0.068750
225 0.061250
226 0.068750
227 0.061250
228 0.070000
229 0.061250
230 0.070000
231 0.061250
232 0.070000
233 0.061250
234 0.070000
235 0.061250
236 0.070000
237 0.061250
238 0.070000
239 0.061250
240 0.070000
241 0.061250
242 0.070000
243 0.061250
244 0.070000
245 0.061250
246 0.070000
247 0.061250
248 0.070000
249 0.061250
250 0.070000
251 0.061250
252 0.070000
253 0.061250
254 0.070000
255 0.061250
256 0.070000
257 0.061250
258 0.070000
259 0.061250
260 0.070000
261 0.062500
262 0.070000
263 0.062500
264 0.070000
265 0.062500
266 0.070000
267 0.062500
268 0.070000
269 0.062500
270 0.070000
271 0.062500
272 0.070000
273 0.062500
274 0.070000
275 0.062500
276 0.070000
277 0.062500
278 0.070000
279 0.062500
280 0.070000
281 0.062500
282 0.070000
283 0.062500
284 0.070000
285 0.062500
286 0.068750
287 0.062500
288 0.068750
289 0.062500
290 0.068750
291 0.062500
292 0.068750
293 0.062500
294 0.068750
295 0.062500
296 0.068750
297 0.062500
298 0.068750
299 0.062500
300 0.068750
