1 0.018750
2 0.022500
3 0.018750
4 0.021250
5 0.020000
6 0.022500
7 0.020000
8 0.022500
9 0.020000
10 0.022500
11 0.020000
12 0.022500
13 0.020000
14 0.022500
15 0.020000
16 0.022500
17 0.020000
18 0.025000
19 0.020000
20 0.023750
21 0.020000
22 0.023750
23 0.020000
24 0.023750
25 0.021250
26 0.025000
27 0.021250
28 0.025000
29 0.021250
30 0.025000
31 0.021250
32 0.025000
33 0.021250
34 0.025000
35 0.021250
36 0.025000
37 0.021250
38 0.025000
39 0.021250
40 0.025000
41 0.021250
42 0.025000
43 0.021250
44 0.025000
45 0.021250
46 0.026250
47 0.021250
48 0.026250
49 0.021250
50 0.026250
51 0.021250
52 0.026250
53 0.021250
54 0.026250
55 0.021250
56 0.026250
57 0.021250
58 0.026250
59 0.021250
60 0.026250
61 0.021250
62 0.026250
63 0.021250
64 0.026250
65 0.021250
66 0.026250
67 0.021250
68 0.026250
69 0.021250
70 0.026250
71 0.021250
72 0.026250
73 0.021250
74 0.026250
75 0.021250
76 0.026250
77 0.020000
78 0.026250
79 0.020000
80 0.026250
81 0.020000
82 0.026250
83 0.020000
84 0.026250
85 0.020000
86 0.026250
87 0.020000
88 0.026250
89 0.020000
90 0.026250
91 0.020000
92 0.026250
93 0.020000
94 0.026250
95 0.020000
96 0.026250
97 0.020000
98 0.026250
99 0.020000
100 0.026250
101 0.018750
102 0.025000
103 0.020000
104 0.023750
105 0.020000
106 0.022500
107 0.020000
108 0.022500
109 0.020000
110 0.022500
111 0.020000
112 0.022500
113 0.020000
114 0.021250
115 0.020000
116 0.021250
117 0.020000
118 0.021250
119 0.020000
120 0.021250
121 0.018750
122 0.020000
123 0.018750
124 0.020000
125 0.018750
126 0.020000
127 0.018750
128 0.020000
129 0.018750
130 0.020000
131 0.018750
132 0.020000
133 0.018750
134 0.020000
135 0.018750
136 0.020000
137 0.018750
138 0.020000
139 0.018750
140 0.020000
141 0.018750
142 0.020000
143 0.018750
144 0.020000
145 0.018750
146 0.020000
147 0.018750
148 0.020000
149 0.018750
150 0.018750
151 0.018750
152 0.018750
153 0.018750
154 0.018750
155 0.018750
156 0.018750
157 0.018750
158 0.018750
159 0.018750
160 0.018750
161 0.018750
162 0.018750
163 0.018750
164 0.018750
165 0.018750
166 0.018750
167 0.018750
168 0.018750
169 0.018750
170 0.018750
171 0.018750
172 0.018750
173 0.018750
174 0.018750
175 0.018750
176 0.018750
177 0.018750
178 0.018750
179 0.018750
180 0.018750
181 0.018750
182 0.018750
183 0.018750
184 0.018750
185 0.018750
186 0.018750
187 0.018750
188 0.018750
189 0.018750
190 0.018750
191 0.018750
192 0.018750
193 0.018750
194 0.018750
195 0.018750
196 0.020000
197 0.018750
198 0.020000
199 0.018750
200 0.020000
201 0.018750
202 0.018750
203 0.018750
204 0.018750
205 0.018750
206 0.018750
207 0.018750
208 0.018750
209 0.018750
210 0.020000
211 0.018750
212 0.020000
213 0.018750
214 0.020000
215 0.018750
216 0.020000
217 0.020000
218 0.020000
219 0.020000
220 0.020000
221 0.020000
222 0.020000
223 0.020000
224 0.020000
225 0.020000
226 0.021250
227 0.020000
228 0.021250
229 0.020000
230 0.021250
231 0.020000
232 0.021250
233 0.020000
234 0.021250
235 0.020000
236 0.021250
237 0.020000
238 0.021250
239 0.020000
240 0.021250
241 0.020000
242 0.021250
243 0.020000
244 0.021250
245 0.020000
246 0.021250
247 0.020000
248 0.021250
249 0.020000
250 0.021250
251 0.020000
252 0.021250
253 0.020000
254 0.021250
255 0.020000
256 0.021250
257 0.020000
258 0.021250
259 0.020000
260 0.021250
261 0.020000
262 0.021250
263 0.020000
264 0.021250
265 0.020000
266 0.021250
267 0.020000
268 0.021250
269 0.020000
270 0.021250
271 0.020000
272 0.021250
273 0.020000
274 0.021250
275 0.020000
276 0.021250
277 0.020000
278 0.021250
279 0.020000
280 0.021250
281 0.020000
282 0.021250
283 0.020000
284 0.021250
285 0.020000
286 0.021250
287 0.020000
288 0.021250
289 0.020000
290 0.021250
291 0.020000
292 0.021250
293 0.020000
294 0.021250
295 0.020000
296 0.021250
297 0.020000
298 0.021250
299 0.020000
300 0.021250
