1 0.366250
2 0.370000
3 0.361250
4 0.370000
5 0.361250
6 0.370000
7 0.366250
8 0.370000
9 0.366250
10 0.370000
11 0.366250
12 0.368750
13 0.365000
14 0.366250
15 0.365000
16 0.366250
17 0.365000
18 0.366250
19 0.365000
20 0.365000
21 0.365000
22 0.365000
23 0.365000
24 0.365000
25 0.365000
26 0.365000
27 0.365000
28 0.365000
29 0.365000
30 0.365000
31 0.365000
32 0.365000
33 0.365000
34 0.365000
35 0.365000
36 0.365000
37 0.365000
38 0.365000
39 0.365000
40 0.365000
41 0.365000
42 0.365000
43 0.365000
44 0.365000
45 0.365000
46 0.365000
47 0.365000
48 0.365000
49 0.365000
50 0.365000
51 0.365000
52 0.365000
53 0.365000
54 0.365000
55 0.365000
56 0.365000
57 0.365000
58 0.365000
59 0.365000
60 0.365000
61 0.365000
62 0.365000
63 0.365000
64 0.365000
65 0.365000
66 0.365000
67 0.365000
68 0.365000
69 0.365000
70 0.365000
71 0.365000
72 0.365000
73 0.365000
74 0.365000
75 0.365000
76 0.365000
77 0.365000
78 0.365000
79 0.365000
80 0.365000
81 0.365000
82 0.365000
83 0.365000
84 0.365000
85 0.365000
86 0.365000
87 0.365000
88 0.365000
89 0.365000
90 0.365000
91 0.365000
92 0.365000
93 0.365000
94 0.365000
95 0.365000
96 0.365000
97 0.365000
98 0.365000
99 0.365000
100 0.365000
101 0.363750
102 0.361250
103 0.361250
104 0.360000
105 0.361250
106 0.358750
107 0.360000
108 0.360000
109 0.358750
110 0.358750
111 0.358750
112 0.358750
113 0.358750
114 0.358750
115 0.358750
116 0.358750
117 0.358750
118 0.358750
119 0.358750
120 0.358750
121 0.358750
122 0.358750
123 0.358750
124 0.358750
125 0.358750
126 0.358750
127 0.358750
128 0.358750
129 0.358750
130 0.358750
131 0.358750
132 0.358750
133 0.358750
134 0.358750
135 0.358750
136 0.358750
137 0.358750
138 0.358750
139 0.358750
140 0.358750
141 0.358750
142 0.358750
143 0.358750
144 0.358750
145 0.358750
146 0.358750
147 0.358750
148 0.358750
149 0.358750
150 0.358750
151 0.358750
152 0.358750
153 0.358750
154 0.358750
155 0.358750
156 0.358750
157 0.358750
158 0.358750
159 0.358750
160 0.358750
161 0.358750
162 0.358750
163 0.358750
164 0.358750
165 0.358750
166 0.358750
167 0.358750
168 0.358750
169 0.358750
170 0.358750
171 0.358750
172 0.358750
173 0.358750
174 0.358750
175 0.358750
176 0.358750
177 0.358750
178 0.358750
179 0.358750
180 0.358750
181 0.358750
182 0.358750
183 0.358750
184 0.358750
185 0.358750
186 0.358750
187 0.358750
188 0.358750
189 0.358750
190 0.358750
191 0.358750
192 0.358750
193 0.358750
194 0.358750
195 0.358750
196 0.358750
197 0.358750
198 0.358750
199 0.358750
200 0.358750
201 0.366250
202 0.365000
203 0.365000
204 0.365000
205 0.365000
206 0.365000
207 0.365000
208 0.365000
209 0.365000
210 0.365000
211 0.365000
212 0.365000
213 0.365000
214 0.365000
215 0.365000
216 0.365000
217 0.365000
218 0.365000
219 0.365000
220 0.365000
221 0.365000
222 0.365000
223 0.365000
224 0.365000
225 0.365000
226 0.365000
227 0.365000
228 0.365000
229 0.365000
230 0.365000
231 0.365000
232 0.365000
233 0.365000
234 0.365000
235 0.365000
236 0.365000
237 0.365000
238 0.365000
239 0.365000
240 0.365000
241 0.365000
242 0.365000
243 0.365000
244 0.365000
245 0.365000
246 0.365000
247 0.365000
248 0.365000
249 0.365000
250 0.365000
251 0.365000
252 0.365000
253 0.365000
254 0.365000
255 0.365000
256 0.365000
257 0.365000
258 0.365000
259 0.365000
260 0.365000
261 0.365000
262 0.365000
263 0.365000
264 0.365000
265 0.365000
266 0.365000
267 0.365000
268 0.365000
269 0.365000
270 0.365000
271 0.365000
272 0.365000
273 0.365000
274 0.365000
275 0.365000
276 0.365000
277 0.365000
278 0.365000
279 0.365000
280 0.365000
281 0.365000
282 0.365000
283 0.365000
284 0.365000
285 0.365000
286 0.365000
287 0.365000
288 0.365000
289 0.365000
290 0.365000
291 0.365000
292 0.365000
293 0.365000
294 0.365000
295 0.365000
296 0.365000
297 0.365000
298 0.365000
299 0.365000
300 0.365000
