1 0.217500
2 0.221250
3 0.217500
4 0.218750
5 0.217500
6 0.226250
7 0.217500
8 0.221250
9 0.217500
10 0.221250
11 0.217500
12 0.218750
13 0.216250
14 0.217500
15 0.216250
16 0.216250
17 0.215000
18 0.218750
19 0.215000
20 0.218750
21 0.215000
22 0.220000
23 0.213750
24 0.220000
25 0.213750
26 0.220000
27 0.213750
28 0.221250
29 0.213750
30 0.218750
31 0.213750
32 0.218750
33 0.215000
34 0.218750
35 0.215000
36 0.218750
37 0.215000
38 0.218750
39 0.215000
40 0.218750
41 0.215000
42 0.218750
43 0.215000
44 0.217500
45 0.215000
46 0.217500
47 0.215000
48 0.216250
49 0.215000
50 0.216250
51 0.215000
52 0.216250
53 0.215000
54 0.216250
55 0.215000
56 0.216250
57 0.215000
58 0.216250
59 0.215000
60 0.216250
61 0.215000
62 0.216250
63 0.215000
64 0.216250
65 0.215000
66 0.216250
67 0.215000
68 0.216250
69 0.215000
70 0.216250
71 0.215000
72 0.216250
73 0.215000
74 0.216250
75 0.215000
76 0.216250
77 0.215000
78 0.216250
79 0.215000
80 0.216250
81 0.215000
82 0.216250
83 0.215000
84 0.215000
85 0.215000
86 0.215000
87 0.215000
88 0.215000
89 0.215000
90 0.215000
91 0.213750
92 0.215000
93 0.213750
94 0.215000
95 0.213750
96 0.215000
97 0.213750
98 0.213750
99 0.213750
100 0.213750
101 0.217500
102 0.218750
103 0.220000
104 0.221250
105 0.218750
106 0.222500
107 0.217500
108 0.222500
109 0.217500
110 0.222500
111 0.217500
112 0.217500
113 0.216250
114 0.217500
115 0.216250
116 0.216250
117 0.216250
118 0.216250
119 0.216250
120 0.216250
121 0.216250
122 0.216250
123 0.216250
124 0.216250
125 0.216250
126 0.215000
127 0.215000
128 0.215000
129 0.215000
130 0.215000
131 0.215000
132 0.215000
133 0.215000
134 0.215000
135 0.215000
136 0.215000
137 0.215000
138 0.215000
139 0.215000
140 0.215000
141 0.215000
142 0.215000
143 0.215000
144 0.215000
145 0.215000
146 0.215000
147 0.215000
148 0.215000
149 0.215000
150 0.215000
151 0.215000
152 0.215000
153 0.215000
154 0.215000
155 0.215000
156 0.215000
157 0.215000
158 0.215000
159 0.215000
160 0.215000
161 0.215000
162 0.215000
163 0.215000
164 0.215000
165 0.215000
166 0.215000
167 0.215000
168 0.215000
169 0.215000
170 0.215000
171 0.215000
172 0.215000
173 0.215000
174 0.215000
175 0.215000
176 0.215000
177 0.215000
178 0.215000
179 0.215000
180 0.215000
181 0.215000
182 0.215000
183 0.215000
184 0.215000
185 0.215000
186 0.215000
187 0.215000
188 0.215000
189 0.215000
190 0.215000
191 0.215000
192 0.215000
193 0.215000
194 0.215000
195 0.215000
196 0.215000
197 0.215000
198 0.215000
199 0.215000
200 0.215000
201 0.218750
202 0.217500
203 0.220000
204 0.220000
205 0.220000
206 0.220000
207 0.220000
208 0.218750
209 0.221250
210 0.221250
211 0.221250
212 0.220000
213 0.220000
214 0.220000
215 0.218750
216 0.220000
217 0.218750
218 0.220000
219 0.218750
220 0.218750
221 0.218750
222 0.218750
223 0.218750
224 0.218750
225 0.218750
226 0.218750
227 0.218750
228 0.218750
229 0.218750
230 0.218750
231 0.218750
232 0.218750
233 0.218750
234 0.218750
235 0.218750
236 0.218750
237 0.218750
238 0.218750
239 0.218750
240 0.218750
241 0.218750
242 0.218750
243 0.218750
244 0.218750
245 0.218750
246 0.218750
247 0.218750
248 0.218750
249 0.218750
250 0.218750
251 0.218750
252 0.218750
253 0.218750
254 0.218750
255 0.218750
256 0.218750
257 0.218750
258 0.218750
259 0.218750
260 0.218750
261 0.218750
262 0.218750
263 0.218750
264 0.218750
265 0.218750
266 0.218750
267 0.218750
268 0.218750
269 0.218750
270 0.218750
271 0.218750
272 0.218750
273 0.218750
274 0.218750
275 0.218750
276 0.218750
277 0.218750
278 0.218750
279 0.218750
280 0.218750
281 0.218750
282 0.218750
283 0.218750
284 0.218750
285 0.218750
286 0.218750
287 0.218750
288 0.218750
289 0.218750
290 0.218750
291 0.218750
292 0.218750
293 0.218750
294 0.218750
295 0.218750
296 0.218750
297 0.218750
298 0.218750
299 0.218750
300 0.218750
