1 0.087500
2 0.082500
3 0.086250
4 0.077500
5 0.088750
6 0.081250
7 0.087500
8 0.082500
9 0.088750
10 0.085000
11 0.088750
12 0.083750
13 0.090000
14 0.083750
15 0.090000
16 0.083750
17 0.088750
18 0.083750
19 0.087500
20 0.083750
21 0.087500
22 0.083750
23 0.087500
24 0.081250
25 0.087500
26 0.081250
27 0.087500
28 0.082500
29 0.086250
30 0.082500
31 0.085000
32 0.082500
33 0.085000
34 0.082500
35 0.085000
36 0.083750
37 0.085000
38 0.083750
39 0.085000
40 0.083750
41 0.085000
42 0.082500
43 0.085000
44 0.082500
45 0.085000
46 0.082500
47 0.085000
48 0.083750
49 0.085000
50 0.083750
51 0.085000
52 0.083750
53 0.086250
54 0.083750
55 0.087500
56 0.083750
57 0.087500
58 0.083750
59 0.087500
60 0.083750
61 0.088750
62 0.082500
63 0.088750
64 0.082500
65 0.088750
66 0.082500
67 0.090000
68 0.082500
69 0.090000
70 0.082500
71 0.090000
72 0.082500
73 0.090000
74 0.082500
75 0.090000
76 0.082500
77 0.090000
78 0.082500
79 0.090000
80 0.082500
81 0.090000
82 0.082500
83 0.090000
84 0.083750
85 0.090000
86 0.083750
87 0.090000
88 0.083750
89 0.090000
90 0.083750
91 0.090000
92 0.083750
93 0.090000
94 0.083750
95 0.090000
96 0.083750
97 0.090000
98 0.085000
99 0.090000
100 0.085000
101 0.078750
102 0.082500
103 0.076250
104 0.080000
105 0.073750
106 0.080000
107 0.073750
108 0.081250
109 0.073750
110 0.081250
111 0.073750
112 0.080000
113 0.073750
114 0.080000
115 0.075000
116 0.080000
117 0.075000
118 0.080000
119 0.075000
120 0.081250
121 0.075000
122 0.081250
123 0.075000
124 0.081250
125 0.075000
126 0.081250
127 0.075000
128 0.081250
129 0.075000
130 0.081250
131 0.075000
132 0.081250
133 0.075000
134 0.081250
135 0.075000
136 0.081250
137 0.075000
138 0.081250
139 0.076250
140 0.081250
141 0.076250
142 0.081250
143 0.077500
144 0.081250
145 0.077500
146 0.081250
147 0.077500
148 0.081250
149 0.077500
150 0.081250
151 0.077500
152 0.081250
153 0.077500
154 0.081250
155 0.077500
156 0.081250
157 0.077500
158 0.081250
159 0.078750
160 0.081250
161 0.078750
162 0.081250
163 0.078750
164 0.082500
165 0.078750
166 0.082500
167 0.078750
168 0.082500
169 0.078750
170 0.082500
171 0.078750
172 0.082500
173 0.078750
174 0.082500
175 0.078750
176 0.082500
177 0.078750
178 0.082500
179 0.078750
180 0.082500
181 0.078750
182 0.082500
183 0.078750
184 0.082500
185 0.078750
186 0.082500
187 0.078750
188 0.082500
189 0.077500
190 0.082500
191 0.077500
192 0.082500
193 0.077500
194 0.082500
195 0.077500
196 0.082500
197 0.077500
198 0.082500
199 0.077500
200 0.082500
201 0.073750
202 0.081250
203 0.075000
204 0.081250
205 0.076250
206 0.081250
207 0.076250
208 0.078750
209 0.076250
210 0.078750
211 0.076250
212 0.078750
213 0.076250
214 0.078750
215 0.076250
216 0.078750
217 0.076250
218 0.078750
219 0.077500
220 0.078750
221 0.077500
222 0.077500
223 0.077500
224 0.077500
225 0.077500
226 0.077500
227 0.077500
228 0.077500
229 0.077500
230 0.077500
231 0.077500
232 0.077500
233 0.077500
234 0.077500
235 0.077500
236 0.077500
237 0.077500
238 0.077500
239 0.076250
240 0.077500
241 0.076250
242 0.077500
243 0.076250
244 0.078750
245 0.076250
246 0.078750
247 0.076250
248 0.078750
249 0.076250
250 0.078750
251 0.076250
252 0.078750
253 0.076250
254 0.078750
255 0.076250
256 0.078750
257 0.076250
258 0.078750
259 0.077500
260 0.078750
261 0.077500
262 0.078750
263 0.077500
264 0.078750
265 0.077500
266 0.078750
267 0.077500
268 0.078750
269 0.077500
270 0.078750
271 0.077500
272 0.078750
273 0.077500
274 0.078750
275 0.077500
276 0.078750
277 0.077500
278 0.078750
279 0.077500
280 0.078750
281 0.077500
282 0.078750
283 0.077500
284 0.078750
285 0.077500
286 0.078750
287 0.077500
288 0.078750
289 0.077500
290 0.078750
291 0.077500
292 0.078750
293 0.077500
294 0.078750
295 0.077500
296 0.078750
297 0.077500
298 0.078750
299 0.077500
300 0.078750
