1 0.067500
2 0.098750
3 0.067500
4 0.095000
5 0.070000
6 0.091250
7 0.070000
8 0.087500
9 0.071250
10 0.086250
11 0.071250
12 0.088750
13 0.070000
14 0.087500
15 0.071250
16 0.087500
17 0.071250
18 0.087500
19 0.072500
20 0.087500
21 0.072500
22 0.090000
23 0.072500
24 0.091250
25 0.073750
26 0.092500
27 0.073750
28 0.092500
29 0.073750
30 0.092500
31 0.073750
32 0.093750
33 0.072500
34 0.093750
35 0.072500
36 0.093750
37 0.072500
38 0.095000
39 0.072500
40 0.095000
41 0.072500
42 0.095000
43 0.072500
44 0.095000
45 0.072500
46 0.096250
47 0.072500
48 0.096250
49 0.072500
50 0.096250
51 0.072500
52 0.095000
53 0.072500
54 0.095000
55 0.072500
56 0.095000
57 0.071250
58 0.095000
59 0.071250
60 0.095000
61 0.071250
62 0.095000
63 0.070000
64 0.095000
65 0.070000
66 0.095000
67 0.070000
68 0.095000
69 0.071250
70 0.095000
71 0.071250
72 0.095000
73 0.071250
74 0.095000
75 0.071250
76 0.095000
77 0.071250
78 0.095000
79 0.071250
80 0.095000
81 0.071250
82 0.095000
83 0.071250
84 0.095000
85 0.071250
86 0.095000
87 0.071250
88 0.095000
89 0.071250
90 0.095000
91 0.071250
92 0.095000
93 0.071250
94 0.095000
95 0.071250
96 0.095000
97 0.071250
98 0.095000
99 0.071250
100 0.095000
101 0.070000
102 0.090000
103 0.070000
104 0.086250
105 0.067500
106 0.086250
107 0.067500
108 0.085000
109 0.067500
110 0.083750
111 0.067500
112 0.083750
113 0.067500
114 0.083750
115 0.067500
116 0.083750
117 0.068750
118 0.081250
119 0.068750
120 0.081250
121 0.068750
122 0.080000
123 0.067500
124 0.080000
125 0.067500
126 0.080000
127 0.067500
128 0.078750
129 0.066250
130 0.078750
131 0.066250
132 0.080000
133 0.066250
134 0.078750
135 0.066250
136 0.078750
137 0.066250
138 0.078750
139 0.066250
140 0.078750
141 0.066250
142 0.077500
143 0.066250
144 0.077500
145 0.066250
146 0.077500
147 0.067500
148 0.077500
149 0.067500
150 0.077500
151 0.067500
152 0.077500
153 0.067500
154 0.077500
155 0.067500
156 0.076250
157 0.067500
158 0.076250
159 0.068750
160 0.076250
161 0.068750
162 0.076250
163 0.068750
164 0.076250
165 0.068750
166 0.076250
167 0.068750
168 0.076250
169 0.068750
170 0.076250
171 0.068750
172 0.076250
173 0.068750
174 0.076250
175 0.070000
176 0.076250
177 0.070000
178 0.076250
179 0.070000
180 0.076250
181 0.070000
182 0.076250
183 0.070000
184 0.076250
185 0.070000
186 0.076250
187 0.070000
188 0.076250
189 0.070000
190 0.076250
191 0.071250
192 0.076250
193 0.071250
194 0.076250
195 0.071250
196 0.076250
197 0.071250
198 0.076250
199 0.071250
200 0.076250
201 0.070000
202 0.073750
203 0.071250
204 0.072500
205 0.072500
206 0.072500
207 0.070000
208 0.072500
209 0.068750
210 0.072500
211 0.068750
212 0.072500
213 0.068750
214 0.072500
215 0.067500
216 0.073750
217 0.067500
218 0.073750
219 0.067500
220 0.073750
221 0.067500
222 0.073750
223 0.067500
224 0.073750
225 0.067500
226 0.073750
227 0.067500
228 0.073750
229 0.067500
230 0.073750
231 0.067500
232 0.075000
233 0.067500
234 0.075000
235 0.067500
236 0.075000
237 0.067500
238 0.075000
239 0.067500
240 0.075000
241 0.067500
242 0.075000
243 0.067500
244 0.075000
245 0.067500
246 0.075000
247 0.067500
248 0.075000
249 0.067500
250 0.075000
251 0.067500
252 0.075000
253 0.067500
254 0.075000
255 0.067500
256 0.075000
257 0.067500
258 0.075000
259 0.067500
260 0.075000
261 0.067500
262 0.075000
263 0.067500
264 0.075000
265 0.067500
266 0.075000
267 0.067500
268 0.075000
269 0.067500
270 0.075000
271 0.067500
272 0.075000
273 0.067500
274 0.075000
275 0.067500
276 0.075000
277 0.067500
278 0.075000
279 0.067500
280 0.075000
281 0.067500
282 0.075000
283 0.067500
284 0.075000
285 0.067500
286 0.076250
287 0.067500
288 0.076250
289 0.067500
290 0.076250
291 0.067500
292 0.076250
293 0.067500
294 0.076250
295 0.067500
296 0.076250
297 0.067500
298 0.076250
299 0.067500
300 0.076250
