1 0.027500
2 0.036250
3 0.027500
4 0.035000
5 0.027500
6 0.032500
7 0.027500
8 0.032500
9 0.027500
10 0.033750
11 0.027500
12 0.033750
13 0.027500
14 0.033750
15 0.027500
16 0.032500
17 0.025000
18 0.033750
19 0.025000
20 0.035000
21 0.026250
22 0.035000
23 0.026250
24 0.035000
25 0.026250
26 0.035000
27 0.026250
28 0.035000
29 0.026250
30 0.035000
31 0.026250
32 0.035000
33 0.027500
34 0.035000
35 0.027500
36 0.035000
37 0.027500
38 0.035000
39 0.027500
40 0.035000
41 0.027500
42 0.035000
43 0.027500
44 0.035000
45 0.027500
46 0.035000
47 0.028750
48 0.035000
49 0.028750
50 0.035000
51 0.028750
52 0.035000
53 0.028750
54 0.035000
55 0.028750
56 0.035000
57 0.028750
58 0.035000
59 0.028750
60 0.035000
61 0.028750
62 0.035000
63 0.028750
64 0.033750
65 0.028750
66 0.033750
67 0.028750
68 0.033750
69 0.028750
70 0.033750
71 0.028750
72 0.033750
73 0.028750
74 0.033750
75 0.028750
76 0.033750
77 0.028750
78 0.033750
79 0.028750
80 0.033750
81 0.028750
82 0.033750
83 0.028750
84 0.033750
85 0.028750
86 0.033750
87 0.028750
88 0.033750
89 0.028750
90 0.033750
91 0.028750
92 0.033750
93 0.028750
94 0.033750
95 0.028750
96 0.033750
97 0.028750
98 0.033750
99 0.028750
100 0.033750
101 0.025000
102 0.028750
103 0.023750
104 0.028750
105 0.025000
106 0.030000
107 0.025000
108 0.028750
109 0.025000
110 0.027500
111 0.025000
112 0.027500
113 0.025000
114 0.027500
115 0.025000
116 0.027500
117 0.025000
118 0.027500
119 0.025000
120 0.027500
121 0.025000
122 0.027500
123 0.025000
124 0.027500
125 0.025000
126 0.026250
127 0.025000
128 0.026250
129 0.025000
130 0.026250
131 0.025000
132 0.026250
133 0.025000
134 0.026250
135 0.025000
136 0.026250
137 0.025000
138 0.026250
139 0.025000
140 0.026250
141 0.025000
142 0.026250
143 0.025000
144 0.026250
145 0.025000
146 0.026250
147 0.025000
148 0.026250
149 0.025000
150 0.026250
151 0.025000
152 0.026250
153 0.025000
154 0.026250
155 0.026250
156 0.026250
157 0.026250
158 0.026250
159 0.026250
160 0.026250
161 0.026250
162 0.026250
163 0.026250
164 0.026250
165 0.026250
166 0.026250
167 0.026250
168 0.026250
169 0.026250
170 0.026250
171 0.026250
172 0.026250
173 0.026250
174 0.026250
175 0.026250
176 0.026250
177 0.026250
178 0.026250
179 0.026250
180 0.026250
181 0.026250
182 0.026250
183 0.026250
184 0.026250
185 0.026250
186 0.026250
187 0.026250
188 0.026250
189 0.026250
190 0.026250
191 0.026250
192 0.026250
193 0.026250
194 0.026250
195 0.026250
196 0.026250
197 0.026250
198 0.026250
199 0.026250
200 0.026250
201 0.025000
202 0.026250
203 0.025000
204 0.025000
205 0.025000
206 0.025000
207 0.025000
208 0.025000
209 0.025000
210 0.025000
211 0.025000
212 0.025000
213 0.025000
214 0.025000
215 0.025000
216 0.025000
217 0.025000
218 0.025000
219 0.025000
220 0.025000
221 0.025000
222 0.025000
223 0.025000
224 0.025000
225 0.025000
226 0.025000
227 0.025000
228 0.025000
229 0.025000
230 0.025000
231 0.025000
232 0.025000
233 0.025000
234 0.025000
235 0.025000
236 0.025000
237 0.025000
238 0.025000
239 0.025000
240 0.025000
241 0.025000
242 0.025000
243 0.025000
244 0.025000
245 0.025000
246 0.025000
247 0.025000
248 0.025000
249 0.025000
250 0.025000
251 0.025000
252 0.025000
253 0.025000
254 0.025000
255 0.025000
256 0.025000
257 0.025000
258 0.025000
259 0.025000
260 0.025000
261 0.025000
262 0.025000
263 0.025000
264 0.025000
265 0.025000
266 0.025000
267 0.025000
268 0.025000
269 0.025000
270 0.025000
271 0.025000
272 0.025000
273 0.025000
274 0.025000
275 0.025000
276 0.025000
277 0.025000
278 0.025000
279 0.025000
280 0.025000
281 0.025000
282 0.025000
283 0.025000
284 0.025000
285 0.025000
286 0.025000
287 0.025000
288 0.025000
289 0.025000
290 0.025000
291 0.025000
292 0.025000
293 0.025000
294 0.025000
295 0.025000
296 0.025000
297 0.025000
298 0.025000
299 0.025000
300 0.025000
