1 0.171250
2 0.170000
3 0.170000
4 0.165000
5 0.171250
6 0.165000
7 0.171250
8 0.162500
9 0.171250
10 0.161250
11 0.172500
12 0.160000
13 0.172500
14 0.160000
15 0.173750
16 0.158750
17 0.175000
18 0.161250
19 0.173750
20 0.160000
21 0.173750
22 0.160000
23 0.172500
24 0.160000
25 0.172500
26 0.161250
27 0.172500
28 0.161250
29 0.173750
30 0.161250
31 0.173750
32 0.161250
33 0.173750
34 0.160000
35 0.173750
36 0.160000
37 0.173750
38 0.160000
39 0.173750
40 0.161250
41 0.173750
42 0.162500
43 0.173750
44 0.163750
45 0.173750
46 0.162500
47 0.173750
48 0.162500
49 0.173750
50 0.162500
51 0.172500
52 0.163750
53 0.172500
54 0.163750
55 0.173750
56 0.163750
57 0.173750
58 0.163750
59 0.173750
60 0.162500
61 0.175000
62 0.162500
63 0.175000
64 0.162500
65 0.175000
66 0.162500
67 0.175000
68 0.162500
69 0.175000
70 0.162500
71 0.175000
72 0.162500
73 0.175000
74 0.162500
75 0.175000
76 0.163750
77 0.175000
78 0.163750
79 0.175000
80 0.163750
81 0.175000
82 0.163750
83 0.175000
84 0.163750
85 0.175000
86 0.165000
87 0.175000
88 0.165000
89 0.175000
90 0.165000
91 0.175000
92 0.165000
93 0.173750
94 0.165000
95 0.172500
96 0.166250
97 0.172500
98 0.166250
99 0.172500
100 0.166250
101 0.171250
102 0.160000
103 0.173750
104 0.162500
105 0.172500
106 0.162500
107 0.171250
108 0.162500
109 0.172500
110 0.162500
111 0.171250
112 0.161250
113 0.170000
114 0.161250
115 0.170000
116 0.161250
117 0.170000
118 0.163750
119 0.171250
120 0.163750
121 0.171250
122 0.163750
123 0.171250
124 0.166250
125 0.171250
126 0.166250
127 0.171250
128 0.166250
129 0.170000
130 0.166250
131 0.170000
132 0.166250
133 0.170000
134 0.166250
135 0.170000
136 0.166250
137 0.170000
138 0.166250
139 0.170000
140 0.166250
141 0.170000
142 0.167500
143 0.170000
144 0.167500
145 0.170000
146 0.167500
147 0.170000
148 0.168750
149 0.170000
150 0.168750
151 0.170000
152 0.168750
153 0.170000
154 0.168750
155 0.170000
156 0.168750
157 0.170000
158 0.168750
159 0.170000
160 0.168750
161 0.170000
162 0.168750
163 0.170000
164 0.168750
165 0.170000
166 0.167500
167 0.170000
168 0.167500
169 0.170000
170 0.167500
171 0.170000
172 0.167500
173 0.170000
174 0.167500
175 0.168750
176 0.167500
177 0.168750
178 0.167500
179 0.168750
180 0.167500
181 0.168750
182 0.167500
183 0.168750
184 0.167500
185 0.168750
186 0.167500
187 0.168750
188 0.167500
189 0.168750
190 0.167500
191 0.168750
192 0.167500
193 0.168750
194 0.167500
195 0.168750
196 0.167500
197 0.168750
198 0.167500
199 0.168750
200 0.167500
201 0.175000
202 0.168750
203 0.175000
204 0.170000
205 0.175000
206 0.170000
207 0.172500
208 0.168750
209 0.172500
210 0.168750
211 0.172500
212 0.168750
213 0.172500
214 0.168750
215 0.171250
216 0.168750
217 0.171250
218 0.170000
219 0.170000
220 0.168750
221 0.170000
222 0.168750
223 0.168750
224 0.168750
225 0.168750
226 0.168750
227 0.168750
228 0.168750
229 0.168750
230 0.168750
231 0.168750
232 0.168750
233 0.168750
234 0.168750
235 0.168750
236 0.168750
237 0.168750
238 0.168750
239 0.168750
240 0.168750
241 0.168750
242 0.168750
243 0.168750
244 0.168750
245 0.168750
246 0.168750
247 0.168750
248 0.168750
249 0.168750
250 0.167500
251 0.168750
252 0.167500
253 0.168750
254 0.167500
255 0.168750
256 0.167500
257 0.168750
258 0.167500
259 0.168750
260 0.167500
261 0.168750
262 0.168750
263 0.167500
264 0.168750
265 0.167500
266 0.168750
267 0.167500
268 0.168750
269 0.167500
270 0.168750
271 0.167500
272 0.168750
273 0.167500
274 0.168750
275 0.167500
276 0.168750
277 0.167500
278 0.168750
279 0.167500
280 0.168750
281 0.167500
282 0.168750
283 0.167500
284 0.168750
285 0.167500
286 0.168750
287 0.167500
288 0.168750
289 0.167500
290 0.168750
291 0.167500
292 0.168750
293 0.167500
294 0.168750
295 0.167500
296 0.168750
297 0.167500
298 0.168750
299 0.167500
300 0.168750
