1 0.102500
2 0.112500
3 0.103750
4 0.111250
5 0.103750
6 0.113750
7 0.102500
8 0.113750
9 0.102500
10 0.115000
11 0.105000
12 0.116250
13 0.102500
14 0.117500
15 0.102500
16 0.118750
17 0.102500
18 0.118750
19 0.102500
20 0.117500
21 0.102500
22 0.115000
23 0.101250
24 0.115000
25 0.102500
26 0.115000
27 0.102500
28 0.115000
29 0.102500
30 0.116250
31 0.102500
32 0.117500
33 0.102500
34 0.117500
35 0.103750
36 0.117500
37 0.103750
38 0.116250
39 0.103750
40 0.116250
41 0.103750
42 0.117500
43 0.103750
44 0.117500
45 0.103750
46 0.117500
47 0.103750
48 0.117500
49 0.103750
50 0.116250
51 0.103750
52 0.116250
53 0.103750
54 0.116250
55 0.103750
56 0.116250
57 0.103750
58 0.116250
59 0.103750
60 0.116250
61 0.103750
62 0.116250
63 0.103750
64 0.116250
65 0.105000
66 0.117500
67 0.105000
68 0.117500
69 0.105000
70 0.117500
71 0.105000
72 0.117500
73 0.105000
74 0.117500
75 0.105000
76 0.117500
77 0.105000
78 0.117500
79 0.103750
80 0.117500
81 0.103750
82 0.117500
83 0.103750
84 0.117500
85 0.103750
86 0.117500
87 0.103750
88 0.117500
89 0.103750
90 0.117500
91 0.103750
92 0.117500
93 0.103750
94 0.117500
95 0.105000
96 0.117500
97 0.105000
98 0.117500
99 0.105000
100 0.117500
101 0.100000
102 0.115000
103 0.100000
104 0.113750
105 0.103750
106 0.115000
107 0.103750
108 0.116250
109 0.105000
110 0.116250
111 0.106250
112 0.117500
113 0.105000
114 0.116250
115 0.105000
116 0.115000
117 0.106250
118 0.118750
119 0.107500
120 0.118750
121 0.107500
122 0.117500
123 0.107500
124 0.117500
125 0.107500
126 0.117500
127 0.108750
128 0.117500
129 0.108750
130 0.117500
131 0.108750
132 0.117500
133 0.110000
134 0.117500
135 0.110000
136 0.117500
137 0.110000
138 0.118750
139 0.110000
140 0.118750
141 0.110000
142 0.118750
143 0.110000
144 0.120000
145 0.110000
146 0.118750
147 0.110000
148 0.118750
149 0.110000
150 0.117500
151 0.110000
152 0.117500
153 0.110000
154 0.117500
155 0.110000
156 0.117500
157 0.110000
158 0.117500
159 0.110000
160 0.117500
161 0.110000
162 0.117500
163 0.110000
164 0.117500
165 0.110000
166 0.117500
167 0.110000
168 0.117500
169 0.110000
170 0.117500
171 0.110000
172 0.117500
173 0.110000
174 0.116250
175 0.110000
176 0.116250
177 0.110000
178 0.116250
179 0.110000
180 0.116250
181 0.110000
182 0.116250
183 0.110000
184 0.116250
185 0.110000
186 0.116250
187 0.110000
188 0.116250
189 0.110000
190 0.116250
191 0.110000
192 0.116250
193 0.110000
194 0.116250
195 0.108750
196 0.116250
197 0.108750
198 0.116250
199 0.108750
200 0.116250
201 0.100000
202 0.113750
203 0.101250
204 0.111250
205 0.102500
206 0.112500
207 0.103750
208 0.112500
209 0.103750
210 0.112500
211 0.103750
212 0.112500
213 0.105000
214 0.112500
215 0.105000
216 0.112500
217 0.105000
218 0.112500
219 0.105000
220 0.112500
221 0.105000
222 0.112500
223 0.105000
224 0.112500
225 0.105000
226 0.111250
227 0.105000
228 0.111250
229 0.105000
230 0.111250
231 0.105000
232 0.110000
233 0.105000
234 0.110000
235 0.105000
236 0.110000
237 0.105000
238 0.110000
239 0.105000
240 0.111250
241 0.105000
242 0.111250
243 0.105000
244 0.111250
245 0.105000
246 0.111250
247 0.105000
248 0.111250
249 0.105000
250 0.110000
251 0.105000
252 0.110000
253 0.105000
254 0.110000
255 0.106250
256 0.110000
257 0.106250
258 0.110000
259 0.106250
260 0.108750
261 0.106250
262 0.110000
263 0.106250
264 0.110000
265 0.106250
266 0.110000
267 0.107500
268 0.110000
269 0.107500
270 0.110000
271 0.107500
272 0.110000
273 0.107500
274 0.110000
275 0.107500
276 0.110000
277 0.107500
278 0.110000
279 0.107500
280 0.110000
281 0.107500
282 0.110000
283 0.107500
284 0.111250
285 0.107500
286 0.111250
287 0.107500
288 0.111250
289 0.107500
290 0.111250
291 0.107500
292 0.111250
293 0.107500
294 0.111250
295 0.107500
296 0.111250
297 0.107500
298 0.111250
299 0.107500
300 0.111250
