1 0.156250
2 0.178750
3 0.156250
4 0.168750
5 0.160000
6 0.165000
7 0.161250
8 0.165000
9 0.163750
10 0.166250
11 0.162500
12 0.166250
13 0.161250
14 0.167500
15 0.158750
16 0.168750
17 0.161250
18 0.167500
19 0.161250
20 0.166250
21 0.158750
22 0.165000
23 0.157500
24 0.166250
25 0.156250
26 0.168750
27 0.156250
28 0.170000
29 0.156250
30 0.168750
31 0.157500
32 0.167500
33 0.157500
34 0.167500
35 0.157500
36 0.170000
37 0.157500
38 0.170000
39 0.157500
40 0.170000
41 0.157500
42 0.171250
43 0.157500
44 0.171250
45 0.157500
46 0.171250
47 0.157500
48 0.171250
49 0.157500
50 0.171250
51 0.157500
52 0.171250
53 0.157500
54 0.170000
55 0.158750
56 0.170000
57 0.158750
58 0.170000
59 0.158750
60 0.170000
61 0.157500
62 0.170000
63 0.156250
64 0.170000
65 0.156250
66 0.168750
67 0.156250
68 0.168750
69 0.156250
70 0.168750
71 0.156250
72 0.168750
73 0.156250
74 0.168750
75 0.156250
76 0.170000
77 0.156250
78 0.170000
79 0.155000
80 0.170000
81 0.155000
82 0.168750
83 0.155000
84 0.168750
85 0.156250
86 0.167500
87 0.156250
88 0.167500
89 0.156250
90 0.167500
91 0.156250
92 0.167500
93 0.156250
94 0.167500
95 0.156250
96 0.167500
97 0.156250
98 0.167500
99 0.155000
100 0.167500
101 0.150000
102 0.161250
103 0.148750
104 0.158750
105 0.150000
106 0.160000
107 0.148750
108 0.157500
109 0.147500
110 0.158750
111 0.147500
112 0.155000
113 0.147500
114 0.153750
115 0.146250
116 0.155000
117 0.147500
118 0.155000
119 0.147500
120 0.156250
121 0.147500
122 0.156250
123 0.147500
124 0.156250
125 0.147500
126 0.156250
127 0.147500
128 0.156250
129 0.147500
130 0.156250
131 0.147500
132 0.155000
133 0.147500
134 0.155000
135 0.147500
136 0.155000
137 0.147500
138 0.155000
139 0.147500
140 0.151250
141 0.147500
142 0.151250
143 0.147500
144 0.150000
145 0.147500
146 0.150000
147 0.147500
148 0.150000
149 0.147500
150 0.150000
151 0.147500
152 0.150000
153 0.147500
154 0.150000
155 0.146250
156 0.150000
157 0.146250
158 0.150000
159 0.147500
160 0.150000
161 0.147500
162 0.150000
163 0.147500
164 0.150000
165 0.147500
166 0.150000
167 0.147500
168 0.150000
169 0.147500
170 0.150000
171 0.147500
172 0.150000
173 0.147500
174 0.150000
175 0.147500
176 0.148750
177 0.147500
178 0.150000
179 0.146250
180 0.150000
181 0.146250
182 0.150000
183 0.146250
184 0.150000
185 0.146250
186 0.150000
187 0.146250
188 0.150000
189 0.146250
190 0.150000
191 0.146250
192 0.150000
193 0.146250
194 0.150000
195 0.146250
196 0.150000
197 0.146250
198 0.150000
199 0.146250
200 0.150000
201 0.151250
202 0.151250
203 0.150000
204 0.152500
205 0.151250
206 0.152500
207 0.152500
208 0.152500
209 0.151250
210 0.153750
211 0.150000
212 0.153750
213 0.150000
214 0.153750
215 0.151250
216 0.152500
217 0.151250
218 0.152500
219 0.150000
220 0.152500
221 0.148750
222 0.152500
223 0.148750
224 0.153750
225 0.148750
226 0.151250
227 0.148750
228 0.151250
229 0.148750
230 0.151250
231 0.148750
232 0.151250
233 0.150000
234 0.151250
235 0.150000
236 0.151250
237 0.150000
238 0.151250
239 0.150000
240 0.151250
241 0.150000
242 0.151250
243 0.150000
244 0.151250
245 0.150000
246 0.151250
247 0.150000
248 0.151250
249 0.150000
250 0.151250
251 0.150000
252 0.151250
253 0.150000
254 0.151250
255 0.150000
256 0.151250
257 0.150000
258 0.151250
259 0.150000
260 0.150000
261 0.150000
262 0.150000
263 0.150000
264 0.150000
265 0.150000
266 0.150000
267 0.150000
268 0.150000
269 0.151250
270 0.150000
271 0.151250
272 0.150000
273 0.151250
274 0.150000
275 0.151250
276 0.150000
277 0.151250
278 0.150000
279 0.151250
280 0.150000
281 0.151250
282 0.150000
283 0.151250
284 0.150000
285 0.151250
286 0.150000
287 0.151250
288 0.150000
289 0.151250
290 0.150000
291 0.151250
292 0.150000
293 0.151250
294 0.150000
295 0.151250
296 0.150000
297 0.151250
298 0.150000
299 0.151250
300 0.150000
