1 0.305286
2 0.459141
3 0.306094
4 0.470260
5 0.307891
6 0.477969
7 0.311380
8 0.483698
9 0.315000
10 0.487266
11 0.318333
12 0.489557
13 0.322578
14 0.491094
15 0.325964
16 0.491771
17 0.329401
18 0.492682
19 0.331849
20 0.493359
21 0.333359
22 0.493490
23 0.334609
24 0.493568
25 0.335859
26 0.493906
27 0.336745
28 0.493958
29 0.337760
30 0.493932
31 0.338411
32 0.494010
33 0.338984
34 0.494010
35 0.339167
36 0.494063
37 0.339974
38 0.494167
39 0.340547
40 0.493932
41 0.341042
42 0.493750
43 0.341458
44 0.493828
45 0.341641
46 0.493932
47 0.342005
48 0.493880
49 0.342396
50 0.493932
51 0.342396
52 0.493698
53 0.342604
54 0.493750
55 0.342760
56 0.493776
57 0.342865
58 0.493906
59 0.342813
60 0.493880
61 0.342917
62 0.494010
63 0.342865
64 0.494036
65 0.342891
66 0.493984
67 0.343047
68 0.493958
69 0.343047
70 0.493828
71 0.343099
72 0.493854
73 0.343177
74 0.493906
75 0.343307
76 0.494010
77 0.343333
78 0.493958
79 0.343359
80 0.493906
81 0.343333
82 0.493932
83 0.343385
84 0.493984
85 0.343385
86 0.493984
87 0.343411
88 0.493932
89 0.343490
90 0.493854
91 0.343568
92 0.493828
93 0.343568
94 0.493802
95 0.343594
96 0.493828
97 0.343646
98 0.493828
99 0.343672
100 0.493776
101 0.347630
102 0.423620
103 0.353281
104 0.417448
105 0.356979
106 0.414531
107 0.361068
108 0.413906
109 0.363516
110 0.412266
111 0.365469
112 0.411250
113 0.367995
114 0.410573
115 0.369583
116 0.409974
117 0.370469
118 0.409323
119 0.371563
120 0.408984
121 0.373307
122 0.408776
123 0.374688
124 0.409141
125 0.375547
126 0.408776
127 0.375937
128 0.409036
129 0.375911
130 0.409844
131 0.376276
132 0.409115
133 0.376328
134 0.409141
135 0.376589
136 0.409089
137 0.376771
138 0.409401
139 0.376797
140 0.409193
141 0.377031
142 0.409219
143 0.377240
144 0.408724
145 0.377474
146 0.408568
147 0.377682
148 0.408490
149 0.377708
150 0.408229
151 0.377500
152 0.407969
153 0.377734
154 0.407865
155 0.377604
156 0.407995
157 0.377891
158 0.408073
159 0.377995
160 0.407969
161 0.377969
162 0.408125
163 0.378125
164 0.408073
165 0.378151
166 0.408047
167 0.378099
168 0.408307
169 0.378203
170 0.408359
171 0.378229
172 0.408073
173 0.378281
174 0.407943
175 0.378385
176 0.407995
177 0.378437
178 0.408021
179 0.378464
180 0.407969
181 0.378464
182 0.407839
183 0.378490
184 0.408021
185 0.378464
186 0.408047
187 0.378464
188 0.408099
189 0.378620
190 0.408177
191 0.378724
192 0.408281
193 0.378776
194 0.408073
195 0.378828
196 0.408151
197 0.378932
198 0.408177
199 0.379010
200 0.408177
201 0.325729
202 0.387448
203 0.331198
204 0.381563
205 0.332656
206 0.378828
207 0.333281
208 0.377839
209 0.334479
210 0.377292
211 0.335859
212 0.376068
213 0.336797
214 0.376719
215 0.336667
216 0.376667
217 0.337005
218 0.376953
219 0.338359
220 0.376589
221 0.339193
222 0.377005
223 0.339609
224 0.376276
225 0.340260
226 0.375885
227 0.340677
228 0.375443
229 0.341094
230 0.375521
231 0.341328
232 0.375260
233 0.341667
234 0.375000
235 0.342318
236 0.374896
237 0.342526
238 0.374766
239 0.342630
240 0.374609
241 0.343125
242 0.374766
243 0.343203
244 0.374792
245 0.343516
246 0.374583
247 0.343620
248 0.374375
249 0.343516
250 0.374063
251 0.343906
252 0.373932
253 0.343984
254 0.373828
255 0.344036
256 0.373542
257 0.344089
258 0.373437
259 0.344193
260 0.373490
261 0.344479
262 0.373385
263 0.344583
264 0.373125
265 0.344531
266 0.373073
267 0.344505
268 0.373099
269 0.344740
270 0.373047
271 0.344714
272 0.373021
273 0.344740
274 0.372812
275 0.345000
276 0.372786
277 0.344948
278 0.372734
279 0.344922
280 0.372708
281 0.344844
282 0.372604
283 0.344974
284 0.372396
285 0.344922
286 0.372161
287 0.345130
288 0.372083
289 0.345313
290 0.372188
291 0.345469
292 0.372292
293 0.345703
294 0.372266
295 0.345781
296 0.372083
297 0.345859
298 0.372109
299 0.345859
300 0.372109
