1 0.008099
2 0.014323
3 0.008724
4 0.022526
5 0.012370
6 0.023672
7 0.012760
8 0.024974
9 0.013333
10 0.024818
11 0.013490
12 0.025443
13 0.013802
14 0.024922
15 0.013672
16 0.025417
17 0.013698
18 0.024792
19 0.013750
20 0.025391
21 0.013776
22 0.024870
23 0.013776
24 0.025521
25 0.013776
26 0.024948
27 0.013802
28 0.025469
29 0.013776
30 0.024922
31 0.013880
32 0.025417
33 0.013776
34 0.024922
35 0.013802
36 0.025365
37 0.013802
38 0.024922
39 0.013802
40 0.025443
41 0.013776
42 0.024922
43 0.013802
44 0.025443
45 0.013776
46 0.024922
47 0.013776
48 0.025417
49 0.013802
50 0.024948
51 0.013750
52 0.025443
53 0.013802
54 0.024922
55 0.013750
56 0.025417
57 0.013828
58 0.024948
59 0.013750
60 0.025417
61 0.013828
62 0.024922
63 0.013750
64 0.025417
65 0.013828
66 0.024922
67 0.013750
68 0.025391
69 0.013802
70 0.024922
71 0.013750
72 0.025391
73 0.013802
74 0.024922
75 0.013750
76 0.025391
77 0.013802
78 0.024896
79 0.013750
80 0.025391
81 0.013802
82 0.024896
83 0.013750
84 0.025391
85 0.013776
86 0.024896
87 0.013750
88 0.025391
89 0.013776
90 0.024896
91 0.013750
92 0.025391
93 0.013776
94 0.024896
95 0.013776
96 0.025391
97 0.013776
98 0.024896
99 0.013776
100 0.025391
101 0.000547
102 0.001771
103 0.000755
104 0.001224
105 0.001042
106 0.001146
107 0.001094
108 0.001120
109 0.001146
110 0.001172
111 0.001120
112 0.001146
113 0.001094
114 0.001146
115 0.001094
116 0.001146
117 0.001094
118 0.001146
119 0.001120
120 0.001146
121 0.001120
122 0.001146
123 0.001120
124 0.001146
125 0.001120
126 0.001146
127 0.001120
128 0.001146
129 0.001120
130 0.001146
131 0.001120
132 0.001146
133 0.001120
134 0.001146
135 0.001120
136 0.001146
137 0.001120
138 0.001146
139 0.001120
140 0.001146
141 0.001120
142 0.001146
143 0.001120
144 0.001146
145 0.001120
146 0.001146
147 0.001120
148 0.001146
149 0.001120
150 0.001146
151 0.001120
152 0.001146
153 0.001120
154 0.001146
155 0.001120
156 0.001146
157 0.001120
158 0.001146
159 0.001120
160 0.001146
161 0.001120
162 0.001146
163 0.001120
164 0.001146
165 0.001120
166 0.001146
167 0.001120
168 0.001146
169 0.001120
170 0.001146
171 0.001120
172 0.001146
173 0.001120
174 0.001146
175 0.001120
176 0.001146
177 0.001120
178 0.001146
179 0.001120
180 0.001146
181 0.001120
182 0.001146
183 0.001120
184 0.001146
185 0.001120
186 0.001146
187 0.001120
188 0.001172
189 0.001120
190 0.001172
191 0.001120
192 0.001172
193 0.001120
194 0.001172
195 0.001120
196 0.001172
197 0.001120
198 0.001172
199 0.001120
200 0.001172
201 0.000443
202 0.000521
203 0.000417
204 0.000417
205 0.000443
206 0.000469
207 0.000443
208 0.000469
209 0.000443
210 0.000443
211 0.000443
212 0.000443
213 0.000443
214 0.000443
215 0.000443
216 0.000443
217 0.000443
218 0.000443
219 0.000443
220 0.000443
221 0.000443
222 0.000443
223 0.000443
224 0.000443
225 0.000443
226 0.000443
227 0.000443
228 0.000443
229 0.000443
230 0.000443
231 0.000443
232 0.000443
233 0.000443
234 0.000443
235 0.000443
236 0.000443
237 0.000443
238 0.000443
239 0.000443
240 0.000443
241 0.000443
242 0.000443
243 0.000443
244 0.000443
245 0.000443
246 0.000443
247 0.000443
248 0.000443
249 0.000443
250 0.000443
251 0.000443
252 0.000443
253 0.000443
254 0.000443
255 0.000443
256 0.000443
257 0.000443
258 0.000443
259 0.000443
260 0.000443
261 0.000443
262 0.000443
263 0.000443
264 0.000443
265 0.000443
266 0.000443
267 0.000443
268 0.000443
269 0.000443
270 0.000443
271 0.000443
272 0.000443
273 0.000443
274 0.000443
275 0.000443
276 0.000443
277 0.000443
278 0.000443
279 0.000443
280 0.000443
281 0.000443
282 0.000443
283 0.000443
284 0.000443
285 0.000443
286 0.000443
287 0.000443
288 0.000443
289 0.000443
290 0.000443
291 0.000443
292 0.000443
293 0.000443
294 0.000443
295 0.000443
296 0.000443
297 0.000443
298 0.000443
299 0.000443
300 0.000443
