1 0.053542
2 0.151875
3 0.064922
4 0.199635
5 0.084635
6 0.213802
7 0.097995
8 0.219792
9 0.104870
10 0.222318
11 0.108307
12 0.223177
13 0.110651
14 0.223307
15 0.112031
16 0.223776
17 0.113516
18 0.223802
19 0.114818
20 0.223776
21 0.115599
22 0.223932
23 0.116120
24 0.224141
25 0.116771
26 0.224349
27 0.117083
28 0.224453
29 0.117292
30 0.224453
31 0.117474
32 0.224401
33 0.117630
34 0.224375
35 0.117943
36 0.224401
37 0.117969
38 0.224349
39 0.118021
40 0.224245
41 0.118047
42 0.224245
43 0.118125
44 0.224245
45 0.118281
46 0.224297
47 0.118333
48 0.224297
49 0.118385
50 0.224271
51 0.118385
52 0.224219
53 0.118385
54 0.224193
55 0.118411
56 0.224193
57 0.118438
58 0.224167
59 0.118464
60 0.224167
61 0.118464
62 0.224141
63 0.118516
64 0.224141
65 0.118516
66 0.224115
67 0.118516
68 0.224115
69 0.118516
70 0.224115
71 0.118516
72 0.224141
73 0.118516
74 0.224141
75 0.118516
76 0.224115
77 0.118516
78 0.224115
79 0.118516
80 0.224089
81 0.118516
82 0.224089
83 0.118516
84 0.224115
85 0.118516
86 0.224115
87 0.118516
88 0.224115
89 0.118516
90 0.224115
91 0.118516
92 0.224115
93 0.118516
94 0.224115
95 0.118516
96 0.224115
97 0.118568
98 0.224115
99 0.118568
100 0.224115
101 0.049818
102 0.084740
103 0.050807
104 0.080651
105 0.053125
106 0.079740
107 0.055286
108 0.079609
109 0.056589
110 0.079609
111 0.057656
112 0.079245
113 0.058229
114 0.079219
115 0.058542
116 0.079089
117 0.059036
118 0.079271
119 0.059427
120 0.079193
121 0.060078
122 0.079375
123 0.060260
124 0.079531
125 0.060495
126 0.079297
127 0.060677
128 0.079297
129 0.060937
130 0.079323
131 0.061016
132 0.079323
133 0.061068
134 0.079193
135 0.061302
136 0.079141
137 0.061354
138 0.079115
139 0.061328
140 0.079167
141 0.061432
142 0.079271
143 0.061536
144 0.079167
145 0.061510
146 0.079193
147 0.061562
148 0.079089
149 0.061589
150 0.079141
151 0.061589
152 0.079167
153 0.061667
154 0.079089
155 0.061615
156 0.079062
157 0.061745
158 0.079036
159 0.061849
160 0.079089
161 0.061901
162 0.079141
163 0.061927
164 0.079115
165 0.061927
166 0.079141
167 0.061979
168 0.079115
169 0.061979
170 0.079115
171 0.061901
172 0.079089
173 0.061927
174 0.079062
175 0.061901
176 0.079089
177 0.061901
178 0.079115
179 0.061901
180 0.079089
181 0.061875
182 0.079089
183 0.061849
184 0.079089
185 0.061901
186 0.079062
187 0.061901
188 0.079036
189 0.061901
190 0.079036
191 0.061875
192 0.079062
193 0.061823
194 0.079062
195 0.061849
196 0.079062
197 0.061849
198 0.079036
199 0.061875
200 0.078984
201 0.029271
202 0.051510
203 0.031120
204 0.048281
205 0.032318
206 0.046484
207 0.032943
208 0.045130
209 0.033698
210 0.044323
211 0.034375
212 0.043828
213 0.034766
214 0.043620
215 0.034766
216 0.043464
217 0.034948
218 0.043073
219 0.035130
220 0.042891
221 0.035339
222 0.042682
223 0.035391
224 0.042500
225 0.035495
226 0.042448
227 0.035547
228 0.042370
229 0.035651
230 0.042396
231 0.035729
232 0.042370
233 0.035729
234 0.042396
235 0.035807
236 0.042318
237 0.035885
238 0.042266
239 0.035937
240 0.042292
241 0.035964
242 0.042240
243 0.035964
244 0.042240
245 0.035964
246 0.042188
247 0.035964
248 0.042109
249 0.035937
250 0.042057
251 0.035964
252 0.042083
253 0.035964
254 0.042083
255 0.035937
256 0.042083
257 0.035911
258 0.042135
259 0.035937
260 0.042135
261 0.035964
262 0.042135
263 0.035937
264 0.042135
265 0.035937
266 0.042135
267 0.035937
268 0.042135
269 0.035937
270 0.042135
271 0.035964
272 0.042135
273 0.035964
274 0.042109
275 0.035964
276 0.042083
277 0.035964
278 0.042083
279 0.035964
280 0.042083
281 0.036016
282 0.042083
283 0.036016
284 0.042083
285 0.036016
286 0.042083
287 0.036016
288 0.042057
289 0.035990
290 0.042031
291 0.035990
292 0.042031
293 0.035990
294 0.042057
295 0.035990
296 0.042031
297 0.035990
298 0.042005
299 0.035990
300 0.042005
