1 0.001484
2 0.002083
3 0.003568
4 0.003099
5 0.001927
6 0.004167
7 0.001797
8 0.003255
9 0.003021
10 0.003177
11 0.001823
12 0.004323
13 0.002266
14 0.002812
15 0.003203
16 0.003125
17 0.001979
18 0.004349
19 0.002057
20 0.003099
21 0.003229
22 0.003281
23 0.001849
24 0.004401
25 0.002214
26 0.003073
27 0.003203
28 0.003307
29 0.001953
30 0.004375
31 0.002083
32 0.003125
33 0.003385
34 0.003203
35 0.001797
36 0.004557
37 0.002214
38 0.003151
39 0.003073
40 0.003490
41 0.001875
42 0.004349
43 0.002214
44 0.003021
45 0.003281
46 0.003229
47 0.001771
48 0.004531
49 0.002188
50 0.003047
51 0.003203
52 0.003333
53 0.001927
54 0.004427
55 0.001953
56 0.003255
57 0.003177
58 0.003307
59 0.001719
60 0.004557
61 0.002266
62 0.002969
63 0.003177
64 0.003359
65 0.001953
66 0.004401
67 0.002031
68 0.003151
69 0.003411
70 0.003229
71 0.001745
72 0.004557
73 0.002161
74 0.003021
75 0.003177
76 0.003333
77 0.001979
78 0.004479
79 0.001979
80 0.003177
81 0.003229
82 0.003229
83 0.001745
84 0.004557
85 0.002188
86 0.003047
87 0.003125
88 0.003385
89 0.002005
90 0.004349
91 0.001927
92 0.003255
93 0.003255
94 0.003229
95 0.001719
96 0.004557
97 0.002135
98 0.003073
99 0.003125
100 0.003411
101 0.000000
102 0.000000
103 0.000000
104 0.000000
105 0.000000
106 0.000000
107 0.000000
108 0.000000
109 0.000000
110 0.000000
111 0.000000
112 0.000000
113 0.000000
114 0.000000
115 0.000000
116 0.000000
117 0.000000
118 0.000000
119 0.000000
120 0.000000
121 0.000000
122 0.000000
123 0.000000
124 0.000000
125 0.000000
126 0.000000
127 0.000000
128 0.000000
129 0.000000
130 0.000000
131 0.000000
132 0.000000
133 0.000000
134 0.000000
135 0.000000
136 0.000000
137 0.000000
138 0.000000
139 0.000000
140 0.000000
141 0.000000
142 0.000000
143 0.000000
144 0.000000
145 0.000000
146 0.000000
147 0.000000
148 0.000000
149 0.000000
150 0.000000
151 0.000000
152 0.000000
153 0.000000
154 0.000000
155 0.000000
156 0.000000
157 0.000000
158 0.000000
159 0.000000
160 0.000000
161 0.000000
162 0.000000
163 0.000000
164 0.000000
165 0.000000
166 0.000000
167 0.000000
168 0.000000
169 0.000000
170 0.000000
171 0.000000
172 0.000000
173 0.000000
174 0.000000
175 0.000000
176 0.000000
177 0.000000
178 0.000000
179 0.000000
180 0.000000
181 0.000000
182 0.000000
183 0.000000
184 0.000000
185 0.000000
186 0.000000
187 0.000000
188 0.000000
189 0.000000
190 0.000000
191 0.000000
192 0.000000
193 0.000000
194 0.000000
195 0.000000
196 0.000000
197 0.000000
198 0.000000
199 0.000000
200 0.000000
201 0.000000
202 0.000000
203 0.000000
204 0.000000
205 0.000000
206 0.000000
207 0.000000
208 0.000000
209 0.000000
210 0.000000
211 0.000000
212 0.000000
213 0.000000
214 0.000000
215 0.000000
216 0.000000
217 0.000000
218 0.000000
219 0.000000
220 0.000000
221 0.000000
222 0.000000
223 0.000000
224 0.000000
225 0.000000
226 0.000000
227 0.000000
228 0.000000
229 0.000000
230 0.000000
231 0.000000
232 0.000000
233 0.000000
234 0.000000
235 0.000000
236 0.000000
237 0.000000
238 0.000000
239 0.000000
240 0.000000
241 0.000000
242 0.000000
243 0.000000
244 0.000000
245 0.000000
246 0.000000
247 0.000000
248 0.000000
249 0.000000
250 0.000000
251 0.000000
252 0.000000
253 0.000000
254 0.000000
255 0.000000
256 0.000000
257 0.000000
258 0.000000
259 0.000000
260 0.000000
261 0.000000
262 0.000000
263 0.000000
264 0.000000
265 0.000000
266 0.000000
267 0.000000
268 0.000000
269 0.000000
270 0.000000
271 0.000000
272 0.000000
273 0.000000
274 0.000000
275 0.000000
276 0.000000
277 0.000000
278 0.000000
279 0.000000
280 0.000000
281 0.000000
282 0.000000
283 0.000000
284 0.000000
285 0.000000
286 0.000000
287 0.000000
288 0.000000
289 0.000000
290 0.000000
291 0.000000
292 0.000000
293 0.000000
294 0.000000
295 0.000000
296 0.000000
297 0.000000
298 0.000000
299 0.000000
300 0.000000
