1 0.002734
2 0.003828
3 0.003932
4 0.005052
5 0.004661
6 0.005208
7 0.004063
8 0.005729
9 0.004740
10 0.005391
11 0.004479
12 0.005755
13 0.004766
14 0.005599
15 0.004609
16 0.005807
17 0.004974
18 0.005495
19 0.004609
20 0.005703
21 0.004870
22 0.005495
23 0.004505
24 0.005703
25 0.004844
26 0.005547
27 0.004505
28 0.005703
29 0.004870
30 0.005547
31 0.004453
32 0.005781
33 0.004922
34 0.005495
35 0.004401
36 0.005703
37 0.004948
38 0.005469
39 0.004427
40 0.005755
41 0.004766
42 0.005495
43 0.004531
44 0.005755
45 0.004922
46 0.005443
47 0.004479
48 0.005885
49 0.004948
50 0.005417
51 0.004349
52 0.005807
53 0.004922
54 0.005521
55 0.004401
56 0.005703
57 0.004844
58 0.005495
59 0.004479
60 0.005755
61 0.004766
62 0.005391
63 0.004557
64 0.005781
65 0.004844
66 0.005365
67 0.004531
68 0.005807
69 0.004818
70 0.005469
71 0.004557
72 0.005833
73 0.004844
74 0.005443
75 0.004505
76 0.005807
77 0.004922
78 0.005469
79 0.004479
80 0.005729
81 0.004818
82 0.005495
83 0.004505
84 0.005755
85 0.004792
86 0.005469
87 0.004583
88 0.005729
89 0.004818
90 0.005469
91 0.004505
92 0.005755
93 0.004844
94 0.005469
95 0.004453
96 0.005729
97 0.004844
98 0.005443
99 0.004531
100 0.005781
101 0.000052
102 0.000156
103 0.000104
104 0.000078
105 0.000104
106 0.000078
107 0.000078
108 0.000078
109 0.000078
110 0.000078
111 0.000078
112 0.000078
113 0.000078
114 0.000078
115 0.000078
116 0.000078
117 0.000078
118 0.000078
119 0.000078
120 0.000078
121 0.000078
122 0.000078
123 0.000078
124 0.000078
125 0.000078
126 0.000078
127 0.000078
128 0.000078
129 0.000078
130 0.000078
131 0.000078
132 0.000078
133 0.000078
134 0.000078
135 0.000078
136 0.000078
137 0.000078
138 0.000078
139 0.000078
140 0.000078
141 0.000078
142 0.000078
143 0.000078
144 0.000078
145 0.000078
146 0.000078
147 0.000078
148 0.000078
149 0.000078
150 0.000078
151 0.000078
152 0.000078
153 0.000078
154 0.000078
155 0.000078
156 0.000078
157 0.000078
158 0.000078
159 0.000078
160 0.000078
161 0.000078
162 0.000078
163 0.000078
164 0.000078
165 0.000078
166 0.000078
167 0.000078
168 0.000078
169 0.000078
170 0.000078
171 0.000078
172 0.000078
173 0.000078
174 0.000078
175 0.000078
176 0.000078
177 0.000078
178 0.000078
179 0.000078
180 0.000078
181 0.000078
182 0.000078
183 0.000078
184 0.000078
185 0.000078
186 0.000078
187 0.000078
188 0.000078
189 0.000078
190 0.000078
191 0.000078
192 0.000078
193 0.000078
194 0.000078
195 0.000078
196 0.000078
197 0.000078
198 0.000078
199 0.000078
200 0.000078
201 0.000104
202 0.000078
203 0.000104
204 0.000104
205 0.000104
206 0.000104
207 0.000104
208 0.000104
209 0.000104
210 0.000104
211 0.000104
212 0.000104
213 0.000104
214 0.000104
215 0.000104
216 0.000104
217 0.000104
218 0.000104
219 0.000104
220 0.000104
221 0.000104
222 0.000104
223 0.000104
224 0.000104
225 0.000104
226 0.000104
227 0.000104
228 0.000104
229 0.000104
230 0.000104
231 0.000104
232 0.000104
233 0.000104
234 0.000104
235 0.000104
236 0.000104
237 0.000104
238 0.000104
239 0.000104
240 0.000104
241 0.000104
242 0.000104
243 0.000104
244 0.000104
245 0.000104
246 0.000104
247 0.000104
248 0.000104
249 0.000104
250 0.000104
251 0.000104
252 0.000104
253 0.000104
254 0.000104
255 0.000104
256 0.000104
257 0.000104
258 0.000104
259 0.000104
260 0.000104
261 0.000104
262 0.000104
263 0.000104
264 0.000104
265 0.000104
266 0.000104
267 0.000104
268 0.000104
269 0.000104
270 0.000104
271 0.000104
272 0.000104
273 0.000104
274 0.000104
275 0.000104
276 0.000104
277 0.000104
278 0.000104
279 0.000104
280 0.000104
281 0.000104
282 0.000104
283 0.000104
284 0.000104
285 0.000104
286 0.000104
287 0.000104
288 0.000104
289 0.000104
290 0.000104
291 0.000104
292 0.000104
293 0.000104
294 0.000104
295 0.000104
296 0.000104
297 0.000104
298 0.000104
299 0.000104
300 0.000104
