1 0.025469
2 0.064349
3 0.031745
4 0.094219
5 0.044323
6 0.100234
7 0.051146
8 0.103307
9 0.053802
10 0.104115
11 0.055495
12 0.104688
13 0.056198
14 0.104974
15 0.056875
16 0.105339
17 0.057031
18 0.105443
19 0.057292
20 0.105599
21 0.057552
22 0.105651
23 0.057630
24 0.105703
25 0.057813
26 0.105781
27 0.057786
28 0.105911
29 0.057917
30 0.105833
31 0.057995
32 0.105833
33 0.058099
34 0.105885
35 0.058229
36 0.105938
37 0.058255
38 0.105964
39 0.058281
40 0.106016
41 0.058307
42 0.106042
43 0.058333
44 0.106094
45 0.058333
46 0.106120
47 0.058333
48 0.106146
49 0.058385
50 0.106120
51 0.058385
52 0.106068
53 0.058385
54 0.106094
55 0.058385
56 0.106094
57 0.058385
58 0.106094
59 0.058359
60 0.106094
61 0.058411
62 0.106172
63 0.058464
64 0.106172
65 0.058438
66 0.106172
67 0.058438
68 0.106172
69 0.058438
70 0.106172
71 0.058464
72 0.106172
73 0.058464
74 0.106198
75 0.058464
76 0.106198
77 0.058464
78 0.106198
79 0.058464
80 0.106198
81 0.058464
82 0.106198
83 0.058464
84 0.106198
85 0.058464
86 0.106198
87 0.058464
88 0.106198
89 0.058464
90 0.106198
91 0.058464
92 0.106198
93 0.058464
94 0.106172
95 0.058464
96 0.106172
97 0.058464
98 0.106172
99 0.058464
100 0.106172
101 0.010651
102 0.024297
103 0.011146
104 0.021146
105 0.011875
106 0.020026
107 0.012344
108 0.019219
109 0.012865
110 0.018880
111 0.013151
112 0.018646
113 0.013333
114 0.018411
115 0.013385
116 0.018203
117 0.013620
118 0.018047
119 0.013776
120 0.017995
121 0.013958
122 0.017917
123 0.013984
124 0.017839
125 0.014010
126 0.017760
127 0.014063
128 0.017630
129 0.014089
130 0.017604
131 0.014141
132 0.017552
133 0.014089
134 0.017552
135 0.014115
136 0.017500
137 0.014167
138 0.017474
139 0.014219
140 0.017474
141 0.014245
142 0.017396
143 0.014219
144 0.017422
145 0.014271
146 0.017422
147 0.014193
148 0.017396
149 0.014219
150 0.017370
151 0.014219
152 0.017370
153 0.014219
154 0.017344
155 0.014219
156 0.017344
157 0.014193
158 0.017344
159 0.014193
160 0.017344
161 0.014193
162 0.017344
163 0.014193
164 0.017344
165 0.014193
166 0.017370
167 0.014193
168 0.017344
169 0.014193
170 0.017344
171 0.014193
172 0.017344
173 0.014193
174 0.017344
175 0.014219
176 0.017344
177 0.014193
178 0.017344
179 0.014193
180 0.017344
181 0.014219
182 0.017318
183 0.014245
184 0.017318
185 0.014245
186 0.017318
187 0.014245
188 0.017318
189 0.014245
190 0.017292
191 0.014245
192 0.017292
193 0.014245
194 0.017292
195 0.014245
196 0.017292
197 0.014245
198 0.017292
199 0.014245
200 0.017292
201 0.006901
202 0.011146
203 0.007266
204 0.010026
205 0.007682
206 0.009453
207 0.008073
208 0.009219
209 0.008203
210 0.009010
211 0.008307
212 0.009010
213 0.008333
214 0.009089
215 0.008359
216 0.009089
217 0.008359
218 0.009089
219 0.008359
220 0.009062
221 0.008359
222 0.009036
223 0.008385
224 0.008984
225 0.008385
226 0.008932
227 0.008385
228 0.008932
229 0.008385
230 0.008932
231 0.008385
232 0.008932
233 0.008411
234 0.008906
235 0.008411
236 0.008880
237 0.008438
238 0.008880
239 0.008438
240 0.008854
241 0.008464
242 0.008854
243 0.008464
244 0.008854
245 0.008464
246 0.008854
247 0.008464
248 0.008854
249 0.008464
250 0.008828
251 0.008464
252 0.008828
253 0.008464
254 0.008802
255 0.008464
256 0.008802
257 0.008464
258 0.008802
259 0.008490
260 0.008802
261 0.008490
262 0.008802
263 0.008490
264 0.008802
265 0.008490
266 0.008802
267 0.008490
268 0.008828
269 0.008490
270 0.008828
271 0.008490
272 0.008828
273 0.008490
274 0.008828
275 0.008490
276 0.008828
277 0.008490
278 0.008828
279 0.008490
280 0.008828
281 0.008490
282 0.008828
283 0.008490
284 0.008828
285 0.008490
286 0.008828
287 0.008490
288 0.008828
289 0.008464
290 0.008802
291 0.008464
292 0.008802
293 0.008464
294 0.008802
295 0.008464
296 0.008802
297 0.008464
298 0.008802
299 0.008464
300 0.008802
