1 3.136067e-01
2 3.185906e-01
3 3.183011e-01
4 3.183092e-01
5 3.183063e-01
6 3.183062e-01
7 3.183062e-01
8 3.183062e-01
9 3.183062e-01
10 3.183062e-01
11 3.183062e-01
12 3.183062e-01
13 3.183062e-01
14 3.183062e-01
15 3.183062e-01
16 3.183062e-01
17 3.183062e-01
18 3.183062e-01
19 3.183062e-01
20 3.183062e-01
21 3.183062e-01
22 3.183062e-01
23 3.183062e-01
24 3.183062e-01
25 3.183062e-01
26 3.183062e-01
27 3.183062e-01
28 3.183062e-01
29 3.183062e-01
30 3.183062e-01
31 3.183062e-01
32 3.183062e-01
33 3.183062e-01
34 3.183062e-01
35 3.183062e-01
36 3.183062e-01
37 3.183062e-01
38 3.183062e-01
39 3.183062e-01
40 3.183062e-01
41 3.183062e-01
42 3.183062e-01
43 3.183062e-01
44 3.183062e-01
45 3.183062e-01
46 3.183062e-01
47 3.183062e-01
48 3.183062e-01
49 3.183062e-01
50 3.183062e-01
51 3.183062e-01
52 3.183062e-01
53 3.183062e-01
54 3.183062e-01
55 3.183062e-01
56 3.183062e-01
57 3.183062e-01
58 3.183062e-01
59 3.183062e-01
60 3.183062e-01
61 3.183062e-01
62 3.183062e-01
63 3.183062e-01
64 3.183062e-01
65 3.183062e-01
66 3.183062e-01
67 3.183062e-01
68 3.183062e-01
69 3.183062e-01
70 3.183062e-01
71 3.183062e-01
72 3.183062e-01
73 3.183062e-01
74 3.183062e-01
75 3.183062e-01
76 3.183062e-01
77 3.183062e-01
78 3.183062e-01
79 3.183062e-01
80 3.183062e-01
81 3.183062e-01
82 3.183062e-01
83 3.183062e-01
84 3.183062e-01
85 3.183062e-01
86 3.183062e-01
87 3.183062e-01
88 3.183062e-01
89 3.183062e-01
90 3.183062e-01
91 3.183062e-01
92 3.183062e-01
93 3.183062e-01
94 3.183062e-01
95 3.183062e-01
96 3.183062e-01
97 3.183062e-01
98 3.183062e-01
99 3.183062e-01
100 3.183062e-01
101 4.816721e-01
102 5.098010e-01
103 5.225762e-01
104 5.220219e-01
105 5.238219e-01
106 5.232593e-01
107 5.236713e-01
108 5.234825e-01
109 5.235932e-01
110 5.235368e-01
111 5.235679e-01
112 5.235515e-01
113 5.235604e-01
114 5.235556e-01
115 5.235582e-01
116 5.235568e-01
117 5.235576e-01
118 5.235572e-01
119 5.235574e-01
120 5.235573e-01
121 5.235573e-01
122 5.235573e-01
123 5.235573e-01
124 5.235573e-01
125 5.235573e-01
126 5.235573e-01
127 5.235573e-01
128 5.235573e-01
129 5.235573e-01
130 5.235573e-01
131 5.235573e-01
132 5.235573e-01
133 5.235573e-01
134 5.235573e-01
135 5.235573e-01
136 5.235573e-01
137 5.235573e-01
138 5.235573e-01
139 5.235573e-01
140 5.235573e-01
141 5.235573e-01
142 5.235573e-01
143 5.235573e-01
144 5.235573e-01
145 5.235573e-01
146 5.235573e-01
147 5.235573e-01
148 5.235573e-01
149 5.235573e-01
150 5.235573e-01
151 5.235573e-01
152 5.235573e-01
153 5.235573e-01
154 5.235573e-01
155 5.235573e-01
156 5.235573e-01
157 5.235573e-01
158 5.235573e-01
159 5.235573e-01
160 5.235573e-01
161 5.235573e-01
162 5.235573e-01
163 5.235573e-01
164 5.235573e-01
165 5.235573e-01
166 5.235573e-01
167 5.235573e-01
168 5.235573e-01
169 5.235573e-01
170 5.235573e-01
171 5.235573e-01
172 5.235573e-01
173 5.235573e-01
174 5.235573e-01
175 5.235573e-01
176 5.235573e-01
177 5.235573e-01
178 5.235573e-01
179 5.235573e-01
180 5.235573e-01
181 5.235573e-01
182 5.235573e-01
183 5.235573e-01
184 5.235573e-01
185 5.235573e-01
186 5.235573e-01
187 5.235573e-01
188 5.235573e-01
189 5.235573e-01
190 5.235573e-01
191 5.235573e-01
192 5.235573e-01
193 5.235573e-01
194 5.235573e-01
195 5.235573e-01
196 5.235573e-01
197 5.235573e-01
198 5.235573e-01
199 5.235573e-01
200 5.235573e-01
201 5.644485e-01
202 5.724461e-01
203 5.731867e-01
204 5.733077e-01
205 5.733320e-01
206 5.733368e-01
207 5.733377e-01
208 5.733379e-01
209 5.733379e-01
210 5.733379e-01
211 5.733379e-01
212 5.733379e-01
213 5.733379e-01
214 5.733379e-01
215 5.733379e-01
216 5.733379e-01
217 5.733379e-01
218 5.733379e-01
219 5.733379e-01
220 5.733379e-01
221 5.733379e-01
222 5.733379e-01
223 5.733379e-01
224 5.733379e-01
225 5.733379e-01
226 5.733379e-01
227 5.733379e-01
228 5.733379e-01
229 5.733379e-01
230 5.733379e-01
231 5.733379e-01
232 5.733379e-01
233 5.733379e-01
234 5.733379e-01
235 5.733379e-01
236 5.733379e-01
237 5.733379e-01
238 5.733379e-01
239 5.733379e-01
240 5.733379e-01
241 5.733379e-01
242 5.733379e-01
243 5.733379e-01
244 5.733379e-01
245 5.733379e-01
246 5.733379e-01
247 5.733379e-01
248 5.733379e-01
249 5.733379e-01
250 5.733379e-01
251 5.733379e-01
252 5.733379e-01
253 5.733379e-01
254 5.733379e-01
255 5.733379e-01
256 5.733379e-01
257 5.733379e-01
258 5.733379e-01
259 5.733379e-01
260 5.733379e-01
261 5.733379e-01
262 5.733379e-01
263 5.733379e-01
264 5.733379e-01
265 5.733379e-01
266 5.733379e-01
267 5.733379e-01
268 5.733379e-01
269 5.733379e-01
270 5.733379e-01
271 5.733379e-01
272 5.733379e-01
273 5.733379e-01
274 5.733379e-01
275 5.733379e-01
276 5.733379e-01
277 5.733379e-01
278 5.733379e-01
279 5.733379e-01
280 5.733379e-01
281 5.733379e-01
282 5.733379e-01
283 5.733379e-01
284 5.733379e-01
285 5.733379e-01
286 5.733379e-01
287 5.733379e-01
288 5.733379e-01
289 5.733379e-01
290 5.733379e-01
291 5.733379e-01
292 5.733379e-01
293 5.733379e-01
294 5.733379e-01
295 5.733379e-01
296 5.733379e-01
297 5.733379e-01
298 5.733379e-01
299 5.733379e-01
300 5.733379e-01
