1 8.122519e-02
2 8.229732e-02
3 8.226467e-02
4 8.226202e-02
5 8.225011e-02
6 8.224861e-02
7 8.224811e-02
8 8.224811e-02
9 8.224810e-02
10 8.224810e-02
11 8.224810e-02
12 8.224810e-02
13 8.224810e-02
14 8.224810e-02
15 8.224810e-02
16 8.224810e-02
17 8.224810e-02
18 8.224810e-02
19 8.224810e-02
20 8.224810e-02
21 8.224810e-02
22 8.224810e-02
23 8.224810e-02
24 8.224810e-02
25 8.224810e-02
26 8.224810e-02
27 8.224810e-02
28 8.224810e-02
29 8.224810e-02
30 8.224810e-02
31 8.224810e-02
32 8.224810e-02
33 8.224810e-02
34 8.224810e-02
35 8.224810e-02
36 8.224810e-02
37 8.224810e-02
38 8.224810e-02
39 8.224810e-02
40 8.224810e-02
41 8.224810e-02
42 8.224810e-02
43 8.224810e-02
44 8.224810e-02
45 8.224810e-02
46 8.224810e-02
47 8.224810e-02
48 8.224810e-02
49 8.224810e-02
50 8.224810e-02
51 8.224810e-02
52 8.224810e-02
53 8.224810e-02
54 8.224810e-02
55 8.224810e-02
56 8.224810e-02
57 8.224810e-02
58 8.224810e-02
59 8.224810e-02
60 8.224810e-02
61 8.224810e-02
62 8.224810e-02
63 8.224810e-02
64 8.224810e-02
65 8.224810e-02
66 8.224810e-02
67 8.224810e-02
68 8.224810e-02
69 8.224810e-02
70 8.224810e-02
71 8.224810e-02
72 8.224810e-02
73 8.224810e-02
74 8.224810e-02
75 8.224810e-02
76 8.224810e-02
77 8.224810e-02
78 8.224810e-02
79 8.224810e-02
80 8.224810e-02
81 8.224810e-02
82 8.224810e-02
83 8.224810e-02
84 8.224810e-02
85 8.224810e-02
86 8.224810e-02
87 8.224810e-02
88 8.224810e-02
89 8.224810e-02
90 8.224810e-02
91 8.224810e-02
92 8.224810e-02
93 8.224810e-02
94 8.224810e-02
95 8.224810e-02
96 8.224810e-02
97 8.224810e-02
98 8.224810e-02
99 8.224810e-02
100 8.224810e-02
101 4.668135e-02
102 4.518491e-02
103 4.512939e-02
104 4.512974e-02
105 4.512995e-02
106 4.513000e-02
107 4.513002e-02
108 4.513003e-02
109 4.513003e-02
110 4.513003e-02
111 4.513003e-02
112 4.513003e-02
113 4.513003e-02
114 4.513003e-02
115 4.513003e-02
116 4.513003e-02
117 4.513003e-02
118 4.513003e-02
119 4.513003e-02
120 4.513003e-02
121 4.513003e-02
122 4.513003e-02
123 4.513003e-02
124 4.513003e-02
125 4.513003e-02
126 4.513003e-02
127 4.513003e-02
128 4.513003e-02
129 4.513003e-02
130 4.513003e-02
131 4.513003e-02
132 4.513003e-02
133 4.513003e-02
134 4.513003e-02
135 4.513003e-02
136 4.513003e-02
137 4.513003e-02
138 4.513003e-02
139 4.513003e-02
140 4.513003e-02
141 4.513003e-02
142 4.513003e-02
143 4.513003e-02
144 4.513003e-02
145 4.513003e-02
146 4.513003e-02
147 4.513003e-02
148 4.513003e-02
149 4.513003e-02
150 4.513003e-02
151 4.513003e-02
152 4.513003e-02
153 4.513003e-02
154 4.513003e-02
155 4.513003e-02
156 4.513003e-02
157 4.513003e-02
158 4.513003e-02
159 4.513003e-02
160 4.513003e-02
161 4.513003e-02
162 4.513003e-02
163 4.513003e-02
164 4.513003e-02
165 4.513003e-02
166 4.513003e-02
167 4.513003e-02
168 4.513003e-02
169 4.513003e-02
170 4.513003e-02
171 4.513003e-02
172 4.513003e-02
173 4.513003e-02
174 4.513003e-02
175 4.513003e-02
176 4.513003e-02
177 4.513003e-02
178 4.513003e-02
179 4.513003e-02
180 4.513003e-02
181 4.513003e-02
182 4.513003e-02
183 4.513003e-02
184 4.513003e-02
185 4.513003e-02
186 4.513003e-02
187 4.513003e-02
188 4.513003e-02
189 4.513003e-02
190 4.513003e-02
191 4.513003e-02
192 4.513003e-02
193 4.513003e-02
194 4.513003e-02
195 4.513003e-02
196 4.513003e-02
197 4.513003e-02
198 4.513003e-02
199 4.513003e-02
200 4.513003e-02
201 3.587104e-02
202 3.583025e-02
203 3.583524e-02
204 3.583517e-02
205 3.583532e-02
206 3.583536e-02
207 3.583535e-02
208 3.583535e-02
209 3.583535e-02
210 3.583535e-02
211 3.583535e-02
212 3.583535e-02
213 3.583535e-02
214 3.583535e-02
215 3.583535e-02
216 3.583535e-02
217 3.583535e-02
218 3.583535e-02
219 3.583535e-02
220 3.583535e-02
221 3.583535e-02
222 3.583535e-02
223 3.583535e-02
224 3.583535e-02
225 3.583535e-02
226 3.583535e-02
227 3.583535e-02
228 3.583535e-02
229 3.583535e-02
230 3.583535e-02
231 3.583535e-02
232 3.583535e-02
233 3.583535e-02
234 3.583535e-02
235 3.583535e-02
236 3.583535e-02
237 3.583535e-02
238 3.583535e-02
239 3.583535e-02
240 3.583535e-02
241 3.583535e-02
242 3.583535e-02
243 3.583535e-02
244 3.583535e-02
245 3.583535e-02
246 3.583535e-02
247 3.583535e-02
248 3.583535e-02
249 3.583535e-02
250 3.583535e-02
251 3.583535e-02
252 3.583535e-02
253 3.583535e-02
254 3.583535e-02
255 3.583535e-02
256 3.583535e-02
257 3.583535e-02
258 3.583535e-02
259 3.583535e-02
260 3.583535e-02
261 3.583535e-02
262 3.583535e-02
263 3.583535e-02
264 3.583535e-02
265 3.583535e-02
266 3.583535e-02
267 3.583535e-02
268 3.583535e-02
269 3.583535e-02
270 3.583535e-02
271 3.583535e-02
272 3.583535e-02
273 3.583535e-02
274 3.583535e-02
275 3.583535e-02
276 3.583535e-02
277 3.583535e-02
278 3.583535e-02
279 3.583535e-02
280 3.583535e-02
281 3.583535e-02
282 3.583535e-02
283 3.583535e-02
284 3.583535e-02
285 3.583535e-02
286 3.583535e-02
287 3.583535e-02
288 3.583535e-02
289 3.583535e-02
290 3.583535e-02
291 3.583535e-02
292 3.583535e-02
293 3.583535e-02
294 3.583535e-02
295 3.583535e-02
296 3.583535e-02
297 3.583535e-02
298 3.583535e-02
299 3.583535e-02
300 3.583535e-02
