1 6.743387e-02
2 6.651774e-02
3 6.673077e-02
4 6.678515e-02
5 6.677832e-02
6 6.677892e-02
7 6.677844e-02
8 6.677837e-02
9 6.677836e-02
10 6.677836e-02
11 6.677836e-02
12 6.677836e-02
13 6.677836e-02
14 6.677836e-02
15 6.677836e-02
16 6.677836e-02
17 6.677836e-02
18 6.677836e-02
19 6.677836e-02
20 6.677836e-02
21 6.677836e-02
22 6.677836e-02
23 6.677836e-02
24 6.677836e-02
25 6.677836e-02
26 6.677836e-02
27 6.677836e-02
28 6.677836e-02
29 6.677836e-02
30 6.677836e-02
31 6.677836e-02
32 6.677836e-02
33 6.677836e-02
34 6.677836e-02
35 6.677836e-02
36 6.677836e-02
37 6.677836e-02
38 6.677836e-02
39 6.677836e-02
40 6.677836e-02
41 6.677836e-02
42 6.677836e-02
43 6.677836e-02
44 6.677836e-02
45 6.677836e-02
46 6.677836e-02
47 6.677836e-02
48 6.677836e-02
49 6.677836e-02
50 6.677836e-02
51 6.677836e-02
52 6.677836e-02
53 6.677836e-02
54 6.677836e-02
55 6.677836e-02
56 6.677836e-02
57 6.677836e-02
58 6.677836e-02
59 6.677836e-02
60 6.677836e-02
61 6.677836e-02
62 6.677836e-02
63 6.677836e-02
64 6.677836e-02
65 6.677836e-02
66 6.677836e-02
67 6.677836e-02
68 6.677836e-02
69 6.677836e-02
70 6.677836e-02
71 6.677836e-02
72 6.677836e-02
73 6.677836e-02
74 6.677836e-02
75 6.677836e-02
76 6.677836e-02
77 6.677836e-02
78 6.677836e-02
79 6.677836e-02
80 6.677836e-02
81 6.677836e-02
82 6.677836e-02
83 6.677836e-02
84 6.677836e-02
85 6.677836e-02
86 6.677836e-02
87 6.677836e-02
88 6.677836e-02
89 6.677836e-02
90 6.677836e-02
91 6.677836e-02
92 6.677836e-02
93 6.677836e-02
94 6.677836e-02
95 6.677836e-02
96 6.677836e-02
97 6.677836e-02
98 6.677836e-02
99 6.677836e-02
100 6.677836e-02
101 3.148461e-02
102 3.041055e-02
103 3.036654e-02
104 3.036450e-02
105 3.036462e-02
106 3.036456e-02
107 3.036455e-02
108 3.036455e-02
109 3.036455e-02
110 3.036455e-02
111 3.036455e-02
112 3.036455e-02
113 3.036455e-02
114 3.036455e-02
115 3.036455e-02
116 3.036455e-02
117 3.036455e-02
118 3.036455e-02
119 3.036455e-02
120 3.036455e-02
121 3.036455e-02
122 3.036455e-02
123 3.036455e-02
124 3.036455e-02
125 3.036455e-02
126 3.036455e-02
127 3.036455e-02
128 3.036455e-02
129 3.036455e-02
130 3.036455e-02
131 3.036455e-02
132 3.036455e-02
133 3.036455e-02
134 3.036455e-02
135 3.036455e-02
136 3.036455e-02
137 3.036455e-02
138 3.036455e-02
139 3.036455e-02
140 3.036455e-02
141 3.036455e-02
142 3.036455e-02
143 3.036455e-02
144 3.036455e-02
145 3.036455e-02
146 3.036455e-02
147 3.036455e-02
148 3.036455e-02
149 3.036455e-02
150 3.036455e-02
151 3.036455e-02
152 3.036455e-02
153 3.036455e-02
154 3.036455e-02
155 3.036455e-02
156 3.036455e-02
157 3.036455e-02
158 3.036455e-02
159 3.036455e-02
160 3.036455e-02
161 3.036455e-02
162 3.036455e-02
163 3.036455e-02
164 3.036455e-02
165 3.036455e-02
166 3.036455e-02
167 3.036455e-02
168 3.036455e-02
169 3.036455e-02
170 3.036455e-02
171 3.036455e-02
172 3.036455e-02
173 3.036455e-02
174 3.036455e-02
175 3.036455e-02
176 3.036455e-02
177 3.036455e-02
178 3.036455e-02
179 3.036455e-02
180 3.036455e-02
181 3.036455e-02
182 3.036455e-02
183 3.036455e-02
184 3.036455e-02
185 3.036455e-02
186 3.036455e-02
187 3.036455e-02
188 3.036455e-02
189 3.036455e-02
190 3.036455e-02
191 3.036455e-02
192 3.036455e-02
193 3.036455e-02
194 3.036455e-02
195 3.036455e-02
196 3.036455e-02
197 3.036455e-02
198 3.036455e-02
199 3.036455e-02
200 3.036455e-02
201 2.590283e-02
202 2.592962e-02
203 2.593221e-02
204 2.593154e-02
205 2.593178e-02
206 2.593176e-02
207 2.593176e-02
208 2.593176e-02
209 2.593176e-02
210 2.593176e-02
211 2.593176e-02
212 2.593176e-02
213 2.593176e-02
214 2.593176e-02
215 2.593176e-02
216 2.593176e-02
217 2.593176e-02
218 2.593176e-02
219 2.593176e-02
220 2.593176e-02
221 2.593176e-02
222 2.593176e-02
223 2.593176e-02
224 2.593176e-02
225 2.593176e-02
226 2.593176e-02
227 2.593176e-02
228 2.593176e-02
229 2.593176e-02
230 2.593176e-02
231 2.593176e-02
232 2.593176e-02
233 2.593176e-02
234 2.593176e-02
235 2.593176e-02
236 2.593176e-02
237 2.593176e-02
238 2.593176e-02
239 2.593176e-02
240 2.593176e-02
241 2.593176e-02
242 2.593176e-02
243 2.593176e-02
244 2.593176e-02
245 2.593176e-02
246 2.593176e-02
247 2.593176e-02
248 2.593176e-02
249 2.593176e-02
250 2.593176e-02
251 2.593176e-02
252 2.593176e-02
253 2.593176e-02
254 2.593176e-02
255 2.593176e-02
256 2.593176e-02
257 2.593176e-02
258 2.593176e-02
259 2.593176e-02
260 2.593176e-02
261 2.593176e-02
262 2.593176e-02
263 2.593176e-02
264 2.593176e-02
265 2.593176e-02
266 2.593176e-02
267 2.593176e-02
268 2.593176e-02
269 2.593176e-02
270 2.593176e-02
271 2.593176e-02
272 2.593176e-02
273 2.593176e-02
274 2.593176e-02
275 2.593176e-02
276 2.593176e-02
277 2.593176e-02
278 2.593176e-02
279 2.593176e-02
280 2.593176e-02
281 2.593176e-02
282 2.593176e-02
283 2.593176e-02
284 2.593176e-02
285 2.593176e-02
286 2.593176e-02
287 2.593176e-02
288 2.593176e-02
289 2.593176e-02
290 2.593176e-02
291 2.593176e-02
292 2.593176e-02
293 2.593176e-02
294 2.593176e-02
295 2.593176e-02
296 2.593176e-02
297 2.593176e-02
298 2.593176e-02
299 2.593176e-02
300 2.593176e-02
