1 0.001875
2 0.001172
3 0.000703
4 0.001016
5 0.000625
6 0.001016
7 0.000625
8 0.000859
9 0.000625
10 0.000859
11 0.000625
12 0.000859
13 0.000625
14 0.000859
15 0.000625
16 0.000859
17 0.000625
18 0.000859
19 0.000703
20 0.000859
21 0.000781
22 0.000937
23 0.000781
24 0.000937
25 0.000781
26 0.000937
27 0.000781
28 0.000937
29 0.000781
30 0.000937
31 0.000781
32 0.000937
33 0.000781
34 0.000937
35 0.000781
36 0.000937
37 0.000781
38 0.000859
39 0.000781
40 0.000859
41 0.000781
42 0.000859
43 0.000781
44 0.000859
45 0.000781
46 0.000859
47 0.000781
48 0.000859
49 0.000781
50 0.000859
51 0.000781
52 0.000859
53 0.000781
54 0.000859
55 0.000781
56 0.000859
57 0.000781
58 0.000859
59 0.000781
60 0.000859
61 0.000781
62 0.000859
63 0.000781
64 0.000859
65 0.000781
66 0.000859
67 0.000781
68 0.000859
69 0.000781
70 0.000859
71 0.000781
72 0.000859
73 0.000781
74 0.000859
75 0.000781
76 0.000859
77 0.000781
78 0.000859
79 0.000781
80 0.000859
81 0.000781
82 0.000859
83 0.000781
84 0.000859
85 0.000781
86 0.000859
87 0.000781
88 0.000859
89 0.000781
90 0.000859
91 0.000781
92 0.000859
93 0.000781
94 0.000859
95 0.000781
96 0.000859
97 0.000781
98 0.000859
99 0.000781
100 0.000859
101 0.000703
102 0.000781
103 0.000703
104 0.000703
105 0.000703
106 0.000703
107 0.000703
108 0.000703
109 0.000703
110 0.000703
111 0.000703
112 0.000703
113 0.000703
114 0.000703
115 0.000703
116 0.000703
117 0.000703
118 0.000703
119 0.000703
120 0.000703
121 0.000703
122 0.000703
123 0.000703
124 0.000703
125 0.000703
126 0.000703
127 0.000703
128 0.000703
129 0.000703
130 0.000703
131 0.000703
132 0.000703
133 0.000703
134 0.000703
135 0.000703
136 0.000703
137 0.000703
138 0.000703
139 0.000703
140 0.000703
141 0.000703
142 0.000703
143 0.000703
144 0.000703
145 0.000703
146 0.000703
147 0.000703
148 0.000703
149 0.000703
150 0.000703
151 0.000703
152 0.000703
153 0.000703
154 0.000703
155 0.000703
156 0.000703
157 0.000703
158 0.000703
159 0.000703
160 0.000703
161 0.000703
162 0.000703
163 0.000703
164 0.000703
165 0.000703
166 0.000703
167 0.000703
168 0.000703
169 0.000703
170 0.000703
171 0.000703
172 0.000703
173 0.000703
174 0.000703
175 0.000703
176 0.000703
177 0.000703
178 0.000703
179 0.000703
180 0.000703
181 0.000703
182 0.000703
183 0.000703
184 0.000703
185 0.000703
186 0.000703
187 0.000703
188 0.000703
189 0.000703
190 0.000703
191 0.000703
192 0.000703
193 0.000703
194 0.000703
195 0.000703
196 0.000703
197 0.000703
198 0.000703
199 0.000703
200 0.000703
201 0.000703
202 0.000781
203 0.000703
204 0.000781
205 0.000703
206 0.000703
207 0.000703
208 0.000703
209 0.000703
210 0.000703
211 0.000703
212 0.000703
213 0.000703
214 0.000703
215 0.000703
216 0.000703
217 0.000703
218 0.000703
219 0.000703
220 0.000703
221 0.000703
222 0.000703
223 0.000703
224 0.000703
225 0.000703
226 0.000703
227 0.000703
228 0.000703
229 0.000703
230 0.000703
231 0.000703
232 0.000703
233 0.000703
234 0.000703
235 0.000703
236 0.000703
237 0.000703
238 0.000703
239 0.000703
240 0.000703
241 0.000703
242 0.000703
243 0.000703
244 0.000703
245 0.000703
246 0.000703
247 0.000703
248 0.000703
249 0.000703
250 0.000703
251 0.000703
252 0.000703
253 0.000703
254 0.000703
255 0.000703
256 0.000703
257 0.000703
258 0.000703
259 0.000703
260 0.000703
261 0.000703
262 0.000703
263 0.000703
264 0.000703
265 0.000703
266 0.000703
267 0.000703
268 0.000703
269 0.000703
270 0.000703
271 0.000703
272 0.000703
273 0.000703
274 0.000703
275 0.000703
276 0.000703
277 0.000703
278 0.000703
279 0.000703
280 0.000703
281 0.000703
282 0.000703
283 0.000703
284 0.000703
285 0.000703
286 0.000703
287 0.000703
288 0.000703
289 0.000703
290 0.000703
291 0.000703
292 0.000703
293 0.000703
294 0.000703
295 0.000703
296 0.000703
297 0.000703
298 0.000703
299 0.000703
300 0.000703
