1 0.001016
2 0.000156
3 0.000078
4 0.000156
5 0.000078
6 0.000156
7 0.000078
8 0.000156
9 0.000156
10 0.000156
11 0.000156
12 0.000156
13 0.000156
14 0.000156
15 0.000156
16 0.000156
17 0.000156
18 0.000156
19 0.000156
20 0.000156
21 0.000156
22 0.000156
23 0.000156
24 0.000156
25 0.000156
26 0.000156
27 0.000156
28 0.000156
29 0.000156
30 0.000156
31 0.000156
32 0.000156
33 0.000156
34 0.000156
35 0.000156
36 0.000156
37 0.000156
38 0.000156
39 0.000156
40 0.000156
41 0.000156
42 0.000156
43 0.000156
44 0.000156
45 0.000156
46 0.000156
47 0.000156
48 0.000156
49 0.000156
50 0.000156
51 0.000156
52 0.000156
53 0.000156
54 0.000156
55 0.000156
56 0.000156
57 0.000156
58 0.000156
59 0.000156
60 0.000156
61 0.000156
62 0.000156
63 0.000156
64 0.000156
65 0.000156
66 0.000156
67 0.000156
68 0.000156
69 0.000156
70 0.000156
71 0.000156
72 0.000156
73 0.000156
74 0.000156
75 0.000156
76 0.000156
77 0.000156
78 0.000156
79 0.000156
80 0.000156
81 0.000156
82 0.000156
83 0.000156
84 0.000156
85 0.000156
86 0.000156
87 0.000156
88 0.000156
89 0.000156
90 0.000156
91 0.000156
92 0.000156
93 0.000156
94 0.000156
95 0.000156
96 0.000156
97 0.000156
98 0.000156
99 0.000156
100 0.000156
101 0.000078
102 0.000156
103 0.000078
104 0.000078
105 0.000078
106 0.000078
107 0.000078
108 0.000078
109 0.000078
110 0.000078
111 0.000078
112 0.000078
113 0.000078
114 0.000078
115 0.000078
116 0.000078
117 0.000078
118 0.000078
119 0.000078
120 0.000078
121 0.000078
122 0.000078
123 0.000078
124 0.000078
125 0.000078
126 0.000078
127 0.000078
128 0.000078
129 0.000078
130 0.000078
131 0.000078
132 0.000078
133 0.000078
134 0.000078
135 0.000078
136 0.000078
137 0.000078
138 0.000078
139 0.000078
140 0.000078
141 0.000078
142 0.000078
143 0.000078
144 0.000078
145 0.000078
146 0.000078
147 0.000078
148 0.000078
149 0.000078
150 0.000078
151 0.000078
152 0.000078
153 0.000078
154 0.000078
155 0.000078
156 0.000078
157 0.000078
158 0.000078
159 0.000078
160 0.000078
161 0.000078
162 0.000078
163 0.000078
164 0.000078
165 0.000078
166 0.000078
167 0.000078
168 0.000078
169 0.000078
170 0.000078
171 0.000078
172 0.000078
173 0.000078
174 0.000078
175 0.000078
176 0.000078
177 0.000078
178 0.000078
179 0.000078
180 0.000078
181 0.000078
182 0.000078
183 0.000078
184 0.000078
185 0.000078
186 0.000078
187 0.000078
188 0.000078
189 0.000078
190 0.000078
191 0.000078
192 0.000078
193 0.000078
194 0.000078
195 0.000078
196 0.000078
197 0.000078
198 0.000078
199 0.000078
200 0.000078
201 0.000078
202 0.000078
203 0.000078
204 0.000078
205 0.000078
206 0.000078
207 0.000078
208 0.000078
209 0.000078
210 0.000078
211 0.000078
212 0.000078
213 0.000078
214 0.000078
215 0.000078
216 0.000078
217 0.000078
218 0.000078
219 0.000078
220 0.000078
221 0.000078
222 0.000078
223 0.000078
224 0.000078
225 0.000078
226 0.000078
227 0.000078
228 0.000078
229 0.000078
230 0.000078
231 0.000078
232 0.000078
233 0.000078
234 0.000078
235 0.000078
236 0.000078
237 0.000078
238 0.000078
239 0.000078
240 0.000078
241 0.000078
242 0.000078
243 0.000078
244 0.000078
245 0.000078
246 0.000078
247 0.000078
248 0.000078
249 0.000078
250 0.000078
251 0.000078
252 0.000078
253 0.000078
254 0.000078
255 0.000078
256 0.000078
257 0.000078
258 0.000078
259 0.000078
260 0.000078
261 0.000078
262 0.000078
263 0.000078
264 0.000078
265 0.000078
266 0.000078
267 0.000078
268 0.000078
269 0.000078
270 0.000078
271 0.000078
272 0.000078
273 0.000078
274 0.000078
275 0.000078
276 0.000078
277 0.000078
278 0.000078
279 0.000078
280 0.000078
281 0.000078
282 0.000078
283 0.000078
284 0.000078
285 0.000078
286 0.000078
287 0.000078
288 0.000078
289 0.000078
290 0.000078
291 0.000078
292 0.000078
293 0.000078
294 0.000078
295 0.000078
296 0.000078
297 0.000078
298 0.000078
299 0.000078
300 0.000078
