1 0.010859
2 0.008203
3 0.008047
4 0.008281
5 0.008281
6 0.008359
7 0.008828
8 0.008672
9 0.008828
10 0.008906
11 0.008672
12 0.009375
13 0.008984
14 0.009375
15 0.008906
16 0.009453
17 0.008984
18 0.009687
19 0.009062
20 0.009766
21 0.008984
22 0.009766
23 0.009062
24 0.009844
25 0.009062
26 0.009844
27 0.009141
28 0.009922
29 0.009219
30 0.009922
31 0.009375
32 0.010000
33 0.009375
34 0.010000
35 0.009375
36 0.010000
37 0.009375
38 0.010156
39 0.009375
40 0.010156
41 0.009375
42 0.010156
43 0.009375
44 0.010156
45 0.009453
46 0.010156
47 0.009375
48 0.010156
49 0.009375
50 0.010156
51 0.009375
52 0.010156
53 0.009375
54 0.010156
55 0.009297
56 0.010156
57 0.009297
58 0.010078
59 0.009297
60 0.010078
61 0.009297
62 0.010078
63 0.009297
64 0.010078
65 0.009297
66 0.010078
67 0.009297
68 0.010078
69 0.009297
70 0.010078
71 0.009297
72 0.010078
73 0.009297
74 0.010078
75 0.009297
76 0.010078
77 0.009297
78 0.010078
79 0.009297
80 0.010078
81 0.009297
82 0.010078
83 0.009297
84 0.010078
85 0.009297
86 0.010078
87 0.009297
88 0.010078
89 0.009297
90 0.010078
91 0.009297
92 0.010078
93 0.009297
94 0.010078
95 0.009297
96 0.010078
97 0.009297
98 0.010078
99 0.009297
100 0.010078
101 0.005625
102 0.008281
103 0.005547
104 0.007812
105 0.005781
106 0.007578
107 0.005547
108 0.007109
109 0.005859
110 0.007109
111 0.006094
112 0.006797
113 0.006172
114 0.006719
115 0.006172
116 0.006719
117 0.006172
118 0.006641
119 0.006172
120 0.006641
121 0.006250
122 0.006562
123 0.006250
124 0.006484
125 0.006250
126 0.006562
127 0.006250
128 0.006562
129 0.006250
130 0.006562
131 0.006250
132 0.006562
133 0.006328
134 0.006562
135 0.006328
136 0.006562
137 0.006328
138 0.006562
139 0.006328
140 0.006484
141 0.006328
142 0.006484
143 0.006328
144 0.006484
145 0.006328
146 0.006484
147 0.006328
148 0.006484
149 0.006328
150 0.006484
151 0.006328
152 0.006484
153 0.006328
154 0.006484
155 0.006328
156 0.006484
157 0.006328
158 0.006484
159 0.006328
160 0.006484
161 0.006406
162 0.006484
163 0.006406
164 0.006484
165 0.006406
166 0.006484
167 0.006406
168 0.006484
169 0.006406
170 0.006484
171 0.006406
172 0.006484
173 0.006406
174 0.006484
175 0.006406
176 0.006484
177 0.006406
178 0.006484
179 0.006406
180 0.006484
181 0.006406
182 0.006484
183 0.006406
184 0.006484
185 0.006406
186 0.006484
187 0.006328
188 0.006484
189 0.006328
190 0.006484
191 0.006328
192 0.006484
193 0.006328
194 0.006484
195 0.006328
196 0.006484
197 0.006328
198 0.006484
199 0.006328
200 0.006484
201 0.005469
202 0.006328
203 0.005547
204 0.006250
205 0.005625
206 0.006016
207 0.005469
208 0.005781
209 0.005469
210 0.005703
211 0.005469
212 0.005703
213 0.005391
214 0.005703
215 0.005391
216 0.005703
217 0.005469
218 0.005703
219 0.005391
220 0.005703
221 0.005391
222 0.005703
223 0.005391
224 0.005703
225 0.005391
226 0.005703
227 0.005391
228 0.005703
229 0.005391
230 0.005703
231 0.005391
232 0.005703
233 0.005391
234 0.005703
235 0.005391
236 0.005703
237 0.005391
238 0.005703
239 0.005391
240 0.005703
241 0.005391
242 0.005703
243 0.005391
244 0.005703
245 0.005391
246 0.005703
247 0.005391
248 0.005703
249 0.005391
250 0.005703
251 0.005391
252 0.005703
253 0.005391
254 0.005703
255 0.005391
256 0.005703
257 0.005391
258 0.005703
259 0.005391
260 0.005703
261 0.005391
262 0.005703
263 0.005391
264 0.005703
265 0.005391
266 0.005625
267 0.005391
268 0.005625
269 0.005391
270 0.005625
271 0.005391
272 0.005625
273 0.005391
274 0.005625
275 0.005391
276 0.005625
277 0.005391
278 0.005547
279 0.005391
280 0.005547
281 0.005391
282 0.005547
283 0.005391
284 0.005547
285 0.005391
286 0.005547
287 0.005391
288 0.005547
289 0.005391
290 0.005547
291 0.005391
292 0.005547
293 0.005391
294 0.005547
295 0.005391
296 0.005547
297 0.005391
298 0.005547
299 0.005391
300 0.005547
