1 0.001328
2 0.000234
3 0.000156
4 0.000234
5 0.000156
6 0.000234
7 0.000156
8 0.000234
9 0.000234
10 0.000156
11 0.000234
12 0.000234
13 0.000234
14 0.000234
15 0.000234
16 0.000234
17 0.000234
18 0.000234
19 0.000234
20 0.000234
21 0.000234
22 0.000234
23 0.000234
24 0.000234
25 0.000234
26 0.000234
27 0.000234
28 0.000234
29 0.000234
30 0.000234
31 0.000234
32 0.000234
33 0.000234
34 0.000234
35 0.000234
36 0.000234
37 0.000234
38 0.000234
39 0.000234
40 0.000234
41 0.000234
42 0.000234
43 0.000234
44 0.000234
45 0.000234
46 0.000234
47 0.000234
48 0.000234
49 0.000234
50 0.000234
51 0.000234
52 0.000234
53 0.000234
54 0.000234
55 0.000234
56 0.000234
57 0.000234
58 0.000234
59 0.000234
60 0.000234
61 0.000234
62 0.000234
63 0.000234
64 0.000234
65 0.000234
66 0.000234
67 0.000234
68 0.000234
69 0.000234
70 0.000234
71 0.000234
72 0.000234
73 0.000234
74 0.000234
75 0.000234
76 0.000234
77 0.000234
78 0.000234
79 0.000234
80 0.000234
81 0.000234
82 0.000234
83 0.000234
84 0.000234
85 0.000234
86 0.000234
87 0.000234
88 0.000234
89 0.000234
90 0.000234
91 0.000234
92 0.000234
93 0.000234
94 0.000234
95 0.000234
96 0.000234
97 0.000234
98 0.000234
99 0.000234
100 0.000234
101 0.000156
102 0.000234
103 0.000156
104 0.000234
105 0.000234
106 0.000234
107 0.000234
108 0.000234
109 0.000234
110 0.000234
111 0.000234
112 0.000234
113 0.000234
114 0.000234
115 0.000234
116 0.000234
117 0.000234
118 0.000234
119 0.000234
120 0.000234
121 0.000234
122 0.000234
123 0.000234
124 0.000234
125 0.000234
126 0.000234
127 0.000234
128 0.000234
129 0.000234
130 0.000234
131 0.000234
132 0.000234
133 0.000234
134 0.000234
135 0.000234
136 0.000234
137 0.000234
138 0.000234
139 0.000234
140 0.000234
141 0.000234
142 0.000234
143 0.000234
144 0.000234
145 0.000234
146 0.000234
147 0.000234
148 0.000234
149 0.000234
150 0.000234
151 0.000234
152 0.000234
153 0.000234
154 0.000234
155 0.000234
156 0.000234
157 0.000234
158 0.000234
159 0.000234
160 0.000234
161 0.000234
162 0.000234
163 0.000234
164 0.000234
165 0.000234
166 0.000234
167 0.000234
168 0.000234
169 0.000234
170 0.000234
171 0.000234
172 0.000234
173 0.000234
174 0.000234
175 0.000234
176 0.000234
177 0.000234
178 0.000234
179 0.000234
180 0.000234
181 0.000234
182 0.000234
183 0.000234
184 0.000234
185 0.000234
186 0.000234
187 0.000234
188 0.000234
189 0.000234
190 0.000234
191 0.000234
192 0.000234
193 0.000234
194 0.000234
195 0.000234
196 0.000234
197 0.000234
198 0.000234
199 0.000234
200 0.000234
201 0.000156
202 0.000234
203 0.000156
204 0.000156
205 0.000156
206 0.000156
207 0.000156
208 0.000156
209 0.000156
210 0.000156
211 0.000156
212 0.000156
213 0.000156
214 0.000156
215 0.000156
216 0.000156
217 0.000156
218 0.000156
219 0.000156
220 0.000156
221 0.000156
222 0.000156
223 0.000156
224 0.000156
225 0.000156
226 0.000156
227 0.000156
228 0.000156
229 0.000156
230 0.000156
231 0.000156
232 0.000156
233 0.000156
234 0.000156
235 0.000156
236 0.000156
237 0.000156
238 0.000156
239 0.000156
240 0.000156
241 0.000156
242 0.000156
243 0.000156
244 0.000156
245 0.000156
246 0.000156
247 0.000156
248 0.000156
249 0.000156
250 0.000156
251 0.000156
252 0.000156
253 0.000156
254 0.000156
255 0.000156
256 0.000156
257 0.000156
258 0.000156
259 0.000156
260 0.000156
261 0.000156
262 0.000156
263 0.000156
264 0.000156
265 0.000156
266 0.000156
267 0.000156
268 0.000156
269 0.000156
270 0.000156
271 0.000156
272 0.000156
273 0.000156
274 0.000156
275 0.000156
276 0.000156
277 0.000156
278 0.000156
279 0.000156
280 0.000156
281 0.000156
282 0.000156
283 0.000156
284 0.000156
285 0.000156
286 0.000156
287 0.000156
288 0.000156
289 0.000156
290 0.000156
291 0.000156
292 0.000156
293 0.000156
294 0.000156
295 0.000156
296 0.000156
297 0.000156
298 0.000156
299 0.000156
300 0.000156
