1 0.033393
2 0.008661
3 0.006964
4 0.025580
5 0.013482
6 0.011473
7 0.021830
8 0.013616
9 0.012098
10 0.023438
11 0.016116
12 0.013214
13 0.022812
14 0.016205
15 0.013393
16 0.023795
17 0.016027
18 0.012857
19 0.024554
20 0.016652
21 0.014554
22 0.024107
23 0.016161
24 0.014330
25 0.024911
26 0.016429
27 0.013884
28 0.023705
29 0.016518
30 0.014286
31 0.024464
32 0.015670
33 0.013884
34 0.023839
35 0.016741
36 0.014866
37 0.024196
38 0.016563
39 0.014420
40 0.023661
41 0.017455
42 0.015268
43 0.023214
44 0.017411
45 0.015089
46 0.023750
47 0.016071
48 0.014732
49 0.023304
50 0.016429
51 0.015134
52 0.024777
53 0.015893
54 0.014821
55 0.024464
56 0.017143
57 0.014911
58 0.023795
59 0.015357
60 0.015536
61 0.024152
62 0.016741
63 0.013170
64 0.024821
65 0.018036
66 0.014509
67 0.023929
68 0.016250
69 0.014196
70 0.024330
71 0.016518
72 0.015357
73 0.023571
74 0.016830
75 0.014241
76 0.023661
77 0.017009
78 0.015045
79 0.023304
80 0.016786
81 0.015670
82 0.024018
83 0.016830
84 0.015268
85 0.024152
86 0.016607
87 0.014866
88 0.024196
89 0.016339
90 0.015089
91 0.024107
92 0.016920
93 0.014732
94 0.024554
95 0.016384
96 0.014821
97 0.024598
98 0.017054
99 0.014687
100 0.023259
101 0.000313
102 0.000045
103 0.000045
104 0.000045
105 0.000045
106 0.000045
107 0.000045
108 0.000045
109 0.000045
110 0.000045
111 0.000045
112 0.000045
113 0.000045
114 0.000045
115 0.000045
116 0.000045
117 0.000045
118 0.000045
119 0.000045
120 0.000045
121 0.000045
122 0.000045
123 0.000045
124 0.000045
125 0.000045
126 0.000045
127 0.000045
128 0.000045
129 0.000045
130 0.000045
131 0.000045
132 0.000045
133 0.000045
134 0.000045
135 0.000045
136 0.000045
137 0.000045
138 0.000045
139 0.000045
140 0.000045
141 0.000045
142 0.000045
143 0.000045
144 0.000045
145 0.000045
146 0.000045
147 0.000045
148 0.000045
149 0.000045
150 0.000045
151 0.000045
152 0.000045
153 0.000045
154 0.000045
155 0.000045
156 0.000045
157 0.000045
158 0.000045
159 0.000045
160 0.000045
161 0.000045
162 0.000045
163 0.000045
164 0.000045
165 0.000045
166 0.000045
167 0.000045
168 0.000045
169 0.000045
170 0.000045
171 0.000045
172 0.000045
173 0.000045
174 0.000045
175 0.000045
176 0.000045
177 0.000045
178 0.000045
179 0.000045
180 0.000045
181 0.000045
182 0.000045
183 0.000045
184 0.000045
185 0.000045
186 0.000045
187 0.000045
188 0.000045
189 0.000045
190 0.000045
191 0.000045
192 0.000045
193 0.000045
194 0.000045
195 0.000045
196 0.000045
197 0.000045
198 0.000045
199 0.000045
200 0.000045
201 0.000000
202 0.000000
203 0.000000
204 0.000000
205 0.000000
206 0.000000
207 0.000000
208 0.000000
209 0.000000
210 0.000000
211 0.000000
212 0.000000
213 0.000000
214 0.000000
215 0.000000
216 0.000000
217 0.000000
218 0.000000
219 0.000000
220 0.000000
221 0.000000
222 0.000000
223 0.000000
224 0.000000
225 0.000000
226 0.000000
227 0.000000
228 0.000000
229 0.000000
230 0.000000
231 0.000000
232 0.000000
233 0.000000
234 0.000000
235 0.000000
236 0.000000
237 0.000000
238 0.000000
239 0.000000
240 0.000000
241 0.000000
242 0.000000
243 0.000000
244 0.000000
245 0.000000
246 0.000000
247 0.000000
248 0.000000
249 0.000000
250 0.000000
251 0.000000
252 0.000000
253 0.000000
254 0.000000
255 0.000000
256 0.000000
257 0.000000
258 0.000000
259 0.000000
260 0.000000
261 0.000000
262 0.000000
263 0.000000
264 0.000000
265 0.000000
266 0.000000
267 0.000000
268 0.000000
269 0.000000
270 0.000000
271 0.000000
272 0.000000
273 0.000000
274 0.000000
275 0.000000
276 0.000000
277 0.000000
278 0.000000
279 0.000000
280 0.000000
281 0.000000
282 0.000000
283 0.000000
284 0.000000
285 0.000000
286 0.000000
287 0.000000
288 0.000000
289 0.000000
290 0.000000
291 0.000000
292 0.000000
293 0.000000
294 0.000000
295 0.000000
296 0.000000
297 0.000000
298 0.000000
299 0.000000
300 0.000000
