1 0.033661
2 0.008214
3 0.007054
4 0.021875
5 0.011830
6 0.010089
7 0.017589
8 0.013080
9 0.009687
10 0.017545
11 0.014375
12 0.011295
13 0.018259
14 0.013393
15 0.012232
16 0.019643
17 0.013214
18 0.011830
19 0.018661
20 0.013795
21 0.012768
22 0.018036
23 0.013973
24 0.013080
25 0.019464
26 0.014554
27 0.013393
28 0.020580
29 0.014063
30 0.013170
31 0.021071
32 0.015580
33 0.012366
34 0.018929
35 0.015580
36 0.013795
37 0.019420
38 0.014509
39 0.013304
40 0.021295
41 0.015089
42 0.012455
43 0.020446
44 0.015045
45 0.012768
46 0.020134
47 0.015268
48 0.014107
49 0.020000
50 0.014330
51 0.014286
52 0.020670
53 0.014464
54 0.012411
55 0.020268
56 0.016071
57 0.012723
58 0.019777
59 0.015000
60 0.013304
61 0.020268
62 0.014420
63 0.013304
64 0.020759
65 0.014598
66 0.012902
67 0.021071
68 0.015089
69 0.012500
70 0.020179
71 0.015536
72 0.013973
73 0.020223
74 0.014241
75 0.013884
76 0.020714
77 0.014598
78 0.012946
79 0.020446
80 0.014643
81 0.013348
82 0.020268
83 0.015045
84 0.013750
85 0.019955
86 0.014241
87 0.014107
88 0.021071
89 0.014018
90 0.012143
91 0.022232
92 0.015000
93 0.012455
94 0.020357
95 0.015268
96 0.013259
97 0.020982
98 0.014152
99 0.013214
100 0.021429
101 0.000268
102 0.000089
103 0.000134
104 0.000134
105 0.000134
106 0.000134
107 0.000134
108 0.000134
109 0.000134
110 0.000134
111 0.000134
112 0.000134
113 0.000134
114 0.000134
115 0.000134
116 0.000134
117 0.000134
118 0.000134
119 0.000134
120 0.000134
121 0.000134
122 0.000134
123 0.000134
124 0.000134
125 0.000134
126 0.000134
127 0.000134
128 0.000134
129 0.000134
130 0.000134
131 0.000134
132 0.000134
133 0.000134
134 0.000134
135 0.000134
136 0.000134
137 0.000134
138 0.000134
139 0.000134
140 0.000134
141 0.000134
142 0.000134
143 0.000134
144 0.000134
145 0.000134
146 0.000134
147 0.000134
148 0.000134
149 0.000134
150 0.000134
151 0.000134
152 0.000134
153 0.000134
154 0.000134
155 0.000134
156 0.000134
157 0.000134
158 0.000134
159 0.000134
160 0.000134
161 0.000134
162 0.000134
163 0.000134
164 0.000134
165 0.000134
166 0.000134
167 0.000134
168 0.000134
169 0.000134
170 0.000134
171 0.000134
172 0.000134
173 0.000134
174 0.000134
175 0.000134
176 0.000134
177 0.000134
178 0.000134
179 0.000134
180 0.000134
181 0.000134
182 0.000134
183 0.000134
184 0.000134
185 0.000134
186 0.000134
187 0.000134
188 0.000134
189 0.000134
190 0.000134
191 0.000134
192 0.000134
193 0.000134
194 0.000134
195 0.000134
196 0.000134
197 0.000134
198 0.000134
199 0.000134
200 0.000134
201 0.000000
202 0.000000
203 0.000000
204 0.000000
205 0.000000
206 0.000000
207 0.000000
208 0.000000
209 0.000000
210 0.000000
211 0.000000
212 0.000000
213 0.000000
214 0.000000
215 0.000000
216 0.000000
217 0.000000
218 0.000000
219 0.000000
220 0.000000
221 0.000000
222 0.000000
223 0.000000
224 0.000000
225 0.000000
226 0.000000
227 0.000000
228 0.000000
229 0.000000
230 0.000000
231 0.000000
232 0.000000
233 0.000000
234 0.000000
235 0.000000
236 0.000000
237 0.000000
238 0.000000
239 0.000000
240 0.000000
241 0.000000
242 0.000000
243 0.000000
244 0.000000
245 0.000000
246 0.000000
247 0.000000
248 0.000000
249 0.000000
250 0.000000
251 0.000000
252 0.000000
253 0.000000
254 0.000000
255 0.000000
256 0.000000
257 0.000000
258 0.000000
259 0.000000
260 0.000000
261 0.000000
262 0.000000
263 0.000000
264 0.000000
265 0.000000
266 0.000000
267 0.000000
268 0.000000
269 0.000000
270 0.000000
271 0.000000
272 0.000000
273 0.000000
274 0.000000
275 0.000000
276 0.000000
277 0.000000
278 0.000000
279 0.000000
280 0.000000
281 0.000000
282 0.000000
283 0.000000
284 0.000000
285 0.000000
286 0.000000
287 0.000000
288 0.000000
289 0.000000
290 0.000000
291 0.000000
292 0.000000
293 0.000000
294 0.000000
295 0.000000
296 0.000000
297 0.000000
298 0.000000
299 0.000000
300 0.000000
