1 0.042188
2 0.014420
3 0.011562
4 0.019330
5 0.013080
6 0.015134
7 0.014687
8 0.015089
9 0.012679
10 0.015625
11 0.013125
12 0.014063
13 0.014063
14 0.014687
15 0.013080
16 0.015982
17 0.013125
18 0.014554
19 0.013393
20 0.014777
21 0.013304
22 0.015714
23 0.012812
24 0.014777
25 0.013929
26 0.014866
27 0.013170
28 0.015938
29 0.012902
30 0.014643
31 0.014018
32 0.014687
33 0.013929
34 0.015670
35 0.012411
36 0.015938
37 0.014063
38 0.014286
39 0.013214
40 0.016116
41 0.013259
42 0.014911
43 0.014152
44 0.015402
45 0.013348
46 0.015580
47 0.013482
48 0.015312
49 0.014107
50 0.015268
51 0.012946
52 0.016518
53 0.013214
54 0.014598
55 0.014286
56 0.015714
57 0.013661
58 0.015491
59 0.013125
60 0.015759
61 0.014732
62 0.014777
63 0.013482
64 0.016607
65 0.013482
66 0.014598
67 0.013973
68 0.015938
69 0.012946
70 0.014955
71 0.014063
72 0.015580
73 0.013482
74 0.015223
75 0.013705
76 0.015893
77 0.013839
78 0.015179
79 0.013304
80 0.015804
81 0.014152
82 0.015312
83 0.013214
84 0.016384
85 0.013750
86 0.014420
87 0.014018
88 0.016205
89 0.013482
90 0.015045
91 0.014420
92 0.015670
93 0.013884
94 0.016116
95 0.013170
96 0.016250
97 0.013973
98 0.015268
99 0.013259
100 0.016384
101 0.001295
102 0.000625
103 0.000759
104 0.000804
105 0.000670
106 0.000714
107 0.000714
108 0.000714
109 0.000714
110 0.000714
111 0.000714
112 0.000714
113 0.000714
114 0.000714
115 0.000714
116 0.000714
117 0.000714
118 0.000714
119 0.000714
120 0.000714
121 0.000714
122 0.000714
123 0.000714
124 0.000714
125 0.000714
126 0.000714
127 0.000714
128 0.000714
129 0.000714
130 0.000714
131 0.000714
132 0.000714
133 0.000714
134 0.000714
135 0.000714
136 0.000714
137 0.000714
138 0.000714
139 0.000714
140 0.000714
141 0.000714
142 0.000714
143 0.000714
144 0.000714
145 0.000714
146 0.000714
147 0.000714
148 0.000714
149 0.000714
150 0.000714
151 0.000714
152 0.000714
153 0.000714
154 0.000714
155 0.000714
156 0.000714
157 0.000714
158 0.000714
159 0.000714
160 0.000714
161 0.000714
162 0.000714
163 0.000714
164 0.000714
165 0.000714
166 0.000714
167 0.000714
168 0.000714
169 0.000714
170 0.000714
171 0.000714
172 0.000714
173 0.000714
174 0.000714
175 0.000714
176 0.000714
177 0.000714
178 0.000714
179 0.000714
180 0.000714
181 0.000714
182 0.000714
183 0.000714
184 0.000714
185 0.000714
186 0.000714
187 0.000714
188 0.000714
189 0.000714
190 0.000714
191 0.000714
192 0.000714
193 0.000714
194 0.000714
195 0.000714
196 0.000714
197 0.000714
198 0.000714
199 0.000714
200 0.000714
201 0.000357
202 0.000357
203 0.000402
204 0.000402
205 0.000402
206 0.000402
207 0.000402
208 0.000402
209 0.000402
210 0.000402
211 0.000402
212 0.000402
213 0.000402
214 0.000402
215 0.000402
216 0.000402
217 0.000402
218 0.000402
219 0.000402
220 0.000402
221 0.000402
222 0.000402
223 0.000402
224 0.000402
225 0.000402
226 0.000402
227 0.000402
228 0.000402
229 0.000402
230 0.000402
231 0.000402
232 0.000402
233 0.000402
234 0.000402
235 0.000402
236 0.000402
237 0.000402
238 0.000402
239 0.000402
240 0.000402
241 0.000402
242 0.000402
243 0.000402
244 0.000402
245 0.000402
246 0.000402
247 0.000402
248 0.000402
249 0.000402
250 0.000402
251 0.000402
252 0.000402
253 0.000402
254 0.000402
255 0.000402
256 0.000402
257 0.000402
258 0.000402
259 0.000402
260 0.000402
261 0.000402
262 0.000402
263 0.000402
264 0.000402
265 0.000402
266 0.000402
267 0.000402
268 0.000402
269 0.000402
270 0.000402
271 0.000402
272 0.000402
273 0.000402
274 0.000402
275 0.000402
276 0.000402
277 0.000402
278 0.000402
279 0.000402
280 0.000402
281 0.000402
282 0.000402
283 0.000402
284 0.000402
285 0.000402
286 0.000402
287 0.000402
288 0.000402
289 0.000402
290 0.000402
291 0.000402
292 0.000402
293 0.000402
294 0.000402
295 0.000402
296 0.000402
297 0.000402
298 0.000402
299 0.000402
300 0.000402
