1 0.196071
2 0.194598
3 0.190312
4 0.193973
5 0.190536
6 0.195179
7 0.191920
8 0.197232
9 0.193839
10 0.199643
11 0.194777
12 0.201607
13 0.196652
14 0.203348
15 0.197991
16 0.205134
17 0.199063
18 0.206518
19 0.199777
20 0.208348
21 0.200580
22 0.208705
23 0.201652
24 0.209286
25 0.202902
26 0.210000
27 0.203125
28 0.210670
29 0.203616
30 0.210670
31 0.203705
32 0.211339
33 0.204196
34 0.211429
35 0.204687
36 0.211875
37 0.205089
38 0.212054
39 0.205268
40 0.212321
41 0.205446
42 0.212500
43 0.205491
44 0.212634
45 0.205625
46 0.212946
47 0.206116
48 0.212902
49 0.206027
50 0.213170
51 0.206205
52 0.213304
53 0.206339
54 0.213393
55 0.206339
56 0.213571
57 0.206429
58 0.213616
59 0.206518
60 0.213750
61 0.206563
62 0.213705
63 0.206607
64 0.213705
65 0.206786
66 0.213616
67 0.206875
68 0.213616
69 0.207054
70 0.213616
71 0.207009
72 0.213616
73 0.207232
74 0.213705
75 0.207366
76 0.213616
77 0.207411
78 0.213616
79 0.207455
80 0.213661
81 0.207411
82 0.213705
83 0.207411
84 0.213705
85 0.207321
86 0.213661
87 0.207366
88 0.213750
89 0.207321
90 0.213661
91 0.207321
92 0.213750
93 0.207411
94 0.213795
95 0.207411
96 0.213795
97 0.207455
98 0.213795
99 0.207411
100 0.213795
101 0.184643
102 0.183125
103 0.180446
104 0.180759
105 0.181205
106 0.180759
107 0.181071
108 0.181071
109 0.180893
110 0.181384
111 0.181205
112 0.181295
113 0.181473
114 0.181339
115 0.181339
116 0.181473
117 0.181562
118 0.181607
119 0.181607
120 0.181473
121 0.181473
122 0.181607
123 0.181607
124 0.181652
125 0.181607
126 0.181696
127 0.181652
128 0.181652
129 0.181607
130 0.181741
131 0.181786
132 0.181741
133 0.181830
134 0.181830
135 0.181741
136 0.181920
137 0.181607
138 0.181920
139 0.181562
140 0.181964
141 0.181562
142 0.182054
143 0.181652
144 0.182009
145 0.181652
146 0.182054
147 0.181741
148 0.182054
149 0.181607
150 0.181964
151 0.181607
152 0.182054
153 0.181607
154 0.182098
155 0.181652
156 0.182143
157 0.181607
158 0.182188
159 0.181652
160 0.182098
161 0.181607
162 0.182188
163 0.181607
164 0.182232
165 0.181607
166 0.182232
167 0.181518
168 0.182188
169 0.181518
170 0.182232
171 0.181562
172 0.182188
173 0.181562
174 0.182277
175 0.181607
176 0.182232
177 0.181607
178 0.182188
179 0.181652
180 0.182143
181 0.181696
182 0.182098
183 0.181741
184 0.182143
185 0.181786
186 0.182143
187 0.181830
188 0.182143
189 0.181830
190 0.182143
191 0.181830
192 0.182143
193 0.181830
194 0.182143
195 0.181830
196 0.182143
197 0.181875
198 0.182188
199 0.181964
200 0.182188
201 0.174286
202 0.175848
203 0.174464
204 0.175580
205 0.174732
206 0.175536
207 0.174375
208 0.175446
209 0.174196
210 0.175580
211 0.174152
212 0.175536
213 0.174152
214 0.175670
215 0.174196
216 0.175625
217 0.174241
218 0.175625
219 0.174196
220 0.175536
221 0.174241
222 0.175536
223 0.174152
224 0.175580
225 0.174152
226 0.175625
227 0.174241
228 0.175625
229 0.174286
230 0.175580
231 0.174241
232 0.175536
233 0.174330
234 0.175580
235 0.174286
236 0.175625
237 0.174375
238 0.175625
239 0.174464
240 0.175625
241 0.174554
242 0.175536
243 0.174554
244 0.175446
245 0.174554
246 0.175402
247 0.174509
248 0.175580
249 0.174598
250 0.175670
251 0.174643
252 0.175625
253 0.174732
254 0.175580
255 0.174732
256 0.175580
257 0.174777
258 0.175580
259 0.174777
260 0.175536
261 0.174732
262 0.175536
263 0.174732
264 0.175536
265 0.174643
266 0.175536
267 0.174643
268 0.175491
269 0.174598
270 0.175491
271 0.174687
272 0.175446
273 0.174687
274 0.175446
275 0.174687
276 0.175446
277 0.174687
278 0.175446
279 0.174732
280 0.175491
281 0.174732
282 0.175491
283 0.174732
284 0.175491
285 0.174732
286 0.175491
287 0.174732
288 0.175446
289 0.174732
290 0.175402
291 0.174732
292 0.175402
293 0.174687
294 0.175402
295 0.174687
296 0.175357
297 0.174687
298 0.175357
299 0.174687
300 0.175357
