1 6.701050e-02
2 6.334136e-02
3 6.358862e-02
4 6.357185e-02
5 6.362076e-02
6 6.362956e-02
7 6.363185e-02
8 6.363199e-02
9 6.363181e-02
10 6.363177e-02
11 6.363175e-02
12 6.363175e-02
13 6.363175e-02
14 6.363175e-02
15 6.363175e-02
16 6.363175e-02
17 6.363175e-02
18 6.363175e-02
19 6.363175e-02
20 6.363175e-02
21 6.363175e-02
22 6.363175e-02
23 6.363175e-02
24 6.363175e-02
25 6.363175e-02
26 6.363175e-02
27 6.363175e-02
28 6.363175e-02
29 6.363175e-02
30 6.363175e-02
31 6.363175e-02
32 6.363175e-02
33 6.363175e-02
34 6.363175e-02
35 6.363175e-02
36 6.363175e-02
37 6.363175e-02
38 6.363175e-02
39 6.363175e-02
40 6.363175e-02
41 6.363175e-02
42 6.363175e-02
43 6.363175e-02
44 6.363175e-02
45 6.363175e-02
46 6.363175e-02
47 6.363175e-02
48 6.363175e-02
49 6.363175e-02
50 6.363175e-02
51 6.363175e-02
52 6.363175e-02
53 6.363175e-02
54 6.363175e-02
55 6.363175e-02
56 6.363175e-02
57 6.363175e-02
58 6.363175e-02
59 6.363175e-02
60 6.363175e-02
61 6.363175e-02
62 6.363175e-02
63 6.363175e-02
64 6.363175e-02
65 6.363175e-02
66 6.363175e-02
67 6.363175e-02
68 6.363175e-02
69 6.363175e-02
70 6.363175e-02
71 6.363175e-02
72 6.363175e-02
73 6.363175e-02
74 6.363175e-02
75 6.363175e-02
76 6.363175e-02
77 6.363175e-02
78 6.363175e-02
79 6.363175e-02
80 6.363175e-02
81 6.363175e-02
82 6.363175e-02
83 6.363175e-02
84 6.363175e-02
85 6.363175e-02
86 6.363175e-02
87 6.363175e-02
88 6.363175e-02
89 6.363175e-02
90 6.363175e-02
91 6.363175e-02
92 6.363175e-02
93 6.363175e-02
94 6.363175e-02
95 6.363175e-02
96 6.363175e-02
97 6.363175e-02
98 6.363175e-02
99 6.363175e-02
100 6.363175e-02
101 7.303961e-02
102 6.152667e-02
103 7.155532e-02
104 6.300013e-02
105 7.080022e-02
106 6.310756e-02
107 6.998296e-02
108 6.311058e-02
109 6.927281e-02
110 6.313251e-02
111 6.867367e-02
112 6.317769e-02
113 6.816827e-02
114 6.323901e-02
115 6.773998e-02
116 6.331001e-02
117 6.737515e-02
118 6.338592e-02
119 6.706279e-02
120 6.346342e-02
121 6.679408e-02
122 6.354021e-02
123 6.656186e-02
124 6.361478e-02
125 6.636032e-02
126 6.368616e-02
127 6.618470e-02
128 6.375377e-02
129 6.603110e-02
130 6.381733e-02
131 6.589629e-02
132 6.387673e-02
133 6.577756e-02
134 6.393201e-02
135 6.567267e-02
136 6.398328e-02
137 6.557975e-02
138 6.403073e-02
139 6.549718e-02
140 6.407457e-02
141 6.542364e-02
142 6.411501e-02
143 6.535796e-02
144 6.415231e-02
145 6.529917e-02
146 6.418668e-02
147 6.524642e-02
148 6.421836e-02
149 6.519901e-02
150 6.424756e-02
151 6.515629e-02
152 6.427447e-02
153 6.511773e-02
154 6.429929e-02
155 6.508287e-02
156 6.432220e-02
157 6.505128e-02
158 6.434336e-02
159 6.502263e-02
160 6.436291e-02
161 6.499658e-02
162 6.438100e-02
163 6.497288e-02
164 6.439774e-02
165 6.495127e-02
166 6.441326e-02
167 6.493155e-02
168 6.442766e-02
169 6.491353e-02
170 6.444102e-02
171 6.489704e-02
172 6.445346e-02
173 6.488193e-02
174 6.446502e-02
175 6.486808e-02
176 6.447581e-02
177 6.485537e-02
178 6.448587e-02
179 6.484369e-02
180 6.449526e-02
181 6.483295e-02
182 6.450405e-02
183 6.482306e-02
184 6.451228e-02
185 6.481396e-02
186 6.452000e-02
187 6.480558e-02
188 6.452724e-02
189 6.479786e-02
190 6.453405e-02
191 6.479073e-02
192 6.454046e-02
193 6.478416e-02
194 6.454651e-02
195 6.477810e-02
196 6.455221e-02
197 6.477252e-02
198 6.455760e-02
199 6.476736e-02
200 6.456271e-02
201 4.735233e-02
202 4.632515e-02
203 4.596526e-02
204 4.589929e-02
205 4.587750e-02
206 4.586990e-02
207 4.586895e-02
208 4.586778e-02
209 4.586793e-02
210 4.586769e-02
211 4.586777e-02
212 4.586771e-02
213 4.586774e-02
214 4.586773e-02
215 4.586773e-02
216 4.586773e-02
217 4.586773e-02
218 4.586773e-02
219 4.586773e-02
220 4.586773e-02
221 4.586773e-02
222 4.586773e-02
223 4.586773e-02
224 4.586773e-02
225 4.586773e-02
226 4.586773e-02
227 4.586773e-02
228 4.586773e-02
229 4.586773e-02
230 4.586773e-02
231 4.586773e-02
232 4.586773e-02
233 4.586773e-02
234 4.586773e-02
235 4.586773e-02
236 4.586773e-02
237 4.586773e-02
238 4.586773e-02
239 4.586773e-02
240 4.586773e-02
241 4.586773e-02
242 4.586773e-02
243 4.586773e-02
244 4.586773e-02
245 4.586773e-02
246 4.586773e-02
247 4.586773e-02
248 4.586773e-02
249 4.586773e-02
250 4.586773e-02
251 4.586773e-02
252 4.586773e-02
253 4.586773e-02
254 4.586773e-02
255 4.586773e-02
256 4.586773e-02
257 4.586773e-02
258 4.586773e-02
259 4.586773e-02
260 4.586773e-02
261 4.586773e-02
262 4.586773e-02
263 4.586773e-02
264 4.586773e-02
265 4.586773e-02
266 4.586773e-02
267 4.586773e-02
268 4.586773e-02
269 4.586773e-02
270 4.586773e-02
271 4.586773e-02
272 4.586773e-02
273 4.586773e-02
274 4.586773e-02
275 4.586773e-02
276 4.586773e-02
277 4.586773e-02
278 4.586773e-02
279 4.586773e-02
280 4.586773e-02
281 4.586773e-02
282 4.586773e-02
283 4.586773e-02
284 4.586773e-02
285 4.586773e-02
286 4.586773e-02
287 4.586773e-02
288 4.586773e-02
289 4.586773e-02
290 4.586773e-02
291 4.586773e-02
292 4.586773e-02
293 4.586773e-02
294 4.586773e-02
295 4.586773e-02
296 4.586773e-02
297 4.586773e-02
298 4.586773e-02
299 4.586773e-02
300 4.586773e-02
