1 3.745212e-02
2 3.006879e-02
3 2.981920e-02
4 2.980160e-02
5 2.977387e-02
6 2.976857e-02
7 2.976715e-02
8 2.976717e-02
9 2.976720e-02
10 2.976717e-02
11 2.976718e-02
12 2.976718e-02
13 2.976718e-02
14 2.976718e-02
15 2.976718e-02
16 2.976718e-02
17 2.976718e-02
18 2.976718e-02
19 2.976718e-02
20 2.976718e-02
21 2.976718e-02
22 2.976718e-02
23 2.976718e-02
24 2.976718e-02
25 2.976718e-02
26 2.976718e-02
27 2.976718e-02
28 2.976718e-02
29 2.976718e-02
30 2.976718e-02
31 2.976718e-02
32 2.976718e-02
33 2.976718e-02
34 2.976718e-02
35 2.976718e-02
36 2.976718e-02
37 2.976718e-02
38 2.976718e-02
39 2.976718e-02
40 2.976718e-02
41 2.976718e-02
42 2.976718e-02
43 2.976718e-02
44 2.976718e-02
45 2.976718e-02
46 2.976718e-02
47 2.976718e-02
48 2.976718e-02
49 2.976718e-02
50 2.976718e-02
51 2.976718e-02
52 2.976718e-02
53 2.976718e-02
54 2.976718e-02
55 2.976718e-02
56 2.976718e-02
57 2.976718e-02
58 2.976718e-02
59 2.976718e-02
60 2.976718e-02
61 2.976718e-02
62 2.976718e-02
63 2.976718e-02
64 2.976718e-02
65 2.976718e-02
66 2.976718e-02
67 2.976718e-02
68 2.976718e-02
69 2.976718e-02
70 2.976718e-02
71 2.976718e-02
72 2.976718e-02
73 2.976718e-02
74 2.976718e-02
75 2.976718e-02
76 2.976718e-02
77 2.976718e-02
78 2.976718e-02
79 2.976718e-02
80 2.976718e-02
81 2.976718e-02
82 2.976718e-02
83 2.976718e-02
84 2.976718e-02
85 2.976718e-02
86 2.976718e-02
87 2.976718e-02
88 2.976718e-02
89 2.976718e-02
90 2.976718e-02
91 2.976718e-02
92 2.976718e-02
93 2.976718e-02
94 2.976718e-02
95 2.976718e-02
96 2.976718e-02
97 2.976718e-02
98 2.976718e-02
99 2.976718e-02
100 2.976718e-02
101 8.782132e-03
102 8.374436e-03
103 8.219939e-03
104 8.245995e-03
105 8.237215e-03
106 8.239125e-03
107 8.238427e-03
108 8.238588e-03
109 8.238524e-03
110 8.238539e-03
111 8.238533e-03
112 8.238535e-03
113 8.238534e-03
114 8.238534e-03
115 8.238534e-03
116 8.238534e-03
117 8.238534e-03
118 8.238534e-03
119 8.238534e-03
120 8.238534e-03
121 8.238534e-03
122 8.238534e-03
123 8.238534e-03
124 8.238534e-03
125 8.238534e-03
126 8.238534e-03
127 8.238534e-03
128 8.238534e-03
129 8.238534e-03
130 8.238534e-03
131 8.238534e-03
132 8.238534e-03
133 8.238534e-03
134 8.238534e-03
135 8.238534e-03
136 8.238534e-03
137 8.238534e-03
138 8.238534e-03
139 8.238534e-03
140 8.238534e-03
141 8.238534e-03
142 8.238534e-03
143 8.238534e-03
144 8.238534e-03
145 8.238534e-03
146 8.238534e-03
147 8.238534e-03
148 8.238534e-03
149 8.238534e-03
150 8.238534e-03
151 8.238534e-03
152 8.238534e-03
153 8.238534e-03
154 8.238534e-03
155 8.238534e-03
156 8.238534e-03
157 8.238534e-03
158 8.238534e-03
159 8.238534e-03
160 8.238534e-03
161 8.238534e-03
162 8.238534e-03
163 8.238534e-03
164 8.238534e-03
165 8.238534e-03
166 8.238534e-03
167 8.238534e-03
168 8.238534e-03
169 8.238534e-03
170 8.238534e-03
171 8.238534e-03
172 8.238534e-03
173 8.238534e-03
174 8.238534e-03
175 8.238534e-03
176 8.238534e-03
177 8.238534e-03
178 8.238534e-03
179 8.238534e-03
180 8.238534e-03
181 8.238534e-03
182 8.238534e-03
183 8.238534e-03
184 8.238534e-03
185 8.238534e-03
186 8.238534e-03
187 8.238534e-03
188 8.238534e-03
189 8.238534e-03
190 8.238534e-03
191 8.238534e-03
192 8.238534e-03
193 8.238534e-03
194 8.238534e-03
195 8.238534e-03
196 8.238534e-03
197 8.238534e-03
198 8.238534e-03
199 8.238534e-03
200 8.238534e-03
201 5.797559e-03
202 5.762554e-03
203 5.758975e-03
204 5.758396e-03
205 5.758867e-03
206 5.758802e-03
207 5.758803e-03
208 5.758803e-03
209 5.758803e-03
210 5.758803e-03
211 5.758803e-03
212 5.758803e-03
213 5.758803e-03
214 5.758803e-03
215 5.758803e-03
216 5.758803e-03
217 5.758803e-03
218 5.758803e-03
219 5.758803e-03
220 5.758803e-03
221 5.758803e-03
222 5.758803e-03
223 5.758803e-03
224 5.758803e-03
225 5.758803e-03
226 5.758803e-03
227 5.758803e-03
228 5.758803e-03
229 5.758803e-03
230 5.758803e-03
231 5.758803e-03
232 5.758803e-03
233 5.758803e-03
234 5.758803e-03
235 5.758803e-03
236 5.758803e-03
237 5.758803e-03
238 5.758803e-03
239 5.758803e-03
240 5.758803e-03
241 5.758803e-03
242 5.758803e-03
243 5.758803e-03
244 5.758803e-03
245 5.758803e-03
246 5.758803e-03
247 5.758803e-03
248 5.758803e-03
249 5.758803e-03
250 5.758803e-03
251 5.758803e-03
252 5.758803e-03
253 5.758803e-03
254 5.758803e-03
255 5.758803e-03
256 5.758803e-03
257 5.758803e-03
258 5.758803e-03
259 5.758803e-03
260 5.758803e-03
261 5.758803e-03
262 5.758803e-03
263 5.758803e-03
264 5.758803e-03
265 5.758803e-03
266 5.758803e-03
267 5.758803e-03
268 5.758803e-03
269 5.758803e-03
270 5.758803e-03
271 5.758803e-03
272 5.758803e-03
273 5.758803e-03
274 5.758803e-03
275 5.758803e-03
276 5.758803e-03
277 5.758803e-03
278 5.758803e-03
279 5.758803e-03
280 5.758803e-03
281 5.758803e-03
282 5.758803e-03
283 5.758803e-03
284 5.758803e-03
285 5.758803e-03
286 5.758803e-03
287 5.758803e-03
288 5.758803e-03
289 5.758803e-03
290 5.758803e-03
291 5.758803e-03
292 5.758803e-03
293 5.758803e-03
294 5.758803e-03
295 5.758803e-03
296 5.758803e-03
297 5.758803e-03
298 5.758803e-03
299 5.758803e-03
300 5.758803e-03
