1 0.022090
2 0.003137
3 0.002785
4 0.003372
5 0.003307
6 0.002818
7 0.002943
8 0.003055
9 0.002824
10 0.002837
11 0.002928
12 0.002787
13 0.002797
14 0.002868
15 0.002780
16 0.002763
17 0.002812
18 0.002763
19 0.002734
20 0.002764
21 0.002752
22 0.002719
23 0.002749
24 0.002739
25 0.002740
26 0.002727
27 0.002751
28 0.002734
29 0.002721
30 0.002713
31 0.001254
32 0.001178
33 0.001364
34 0.001404
35 0.001216
36 0.001183
37 0.001300
38 0.001286
39 0.001197
40 0.001200
41 0.001279
42 0.001258
43 0.001193
44 0.001209
45 0.001256
46 0.001244
47 0.001198
48 0.001211
49 0.001251
50 0.001215
51 0.001204
52 0.001218
53 0.001250
54 0.001208
55 0.001206
56 0.001224
57 0.001238
58 0.001208
59 0.001210
60 0.001225
61 0.001148
62 0.001155
63 0.001264
64 0.001196
65 0.001153
66 0.001156
67 0.001217
68 0.001180
69 0.001151
70 0.001162
71 0.001199
72 0.001166
73 0.001160
74 0.001162
75 0.001189
76 0.001158
77 0.001164
78 0.001170
79 0.001188
80 0.001154
81 0.001162
82 0.001174
83 0.001179
84 0.001155
85 0.001158
86 0.001174
87 0.001173
88 0.001156
89 0.001157
90 0.001170
