1 0.026812
2 0.007875
3 0.006687
4 0.006594
5 0.006656
6 0.006469
7 0.006469
8 0.006437
9 0.006656
10 0.006500
11 0.006375
12 0.006500
13 0.006469
14 0.006406
15 0.006469
16 0.006437
17 0.006469
18 0.006406
19 0.006531
20 0.006469
21 0.006469
22 0.006437
23 0.006531
24 0.006437
25 0.006500
26 0.006469
27 0.006500
28 0.006437
29 0.006500
30 0.006437
31 0.006500
32 0.006437
33 0.006500
34 0.006437
35 0.006500
36 0.006437
37 0.006500
38 0.006437
39 0.006500
40 0.006437
41 0.006500
42 0.006437
43 0.006500
44 0.006437
45 0.006500
46 0.006437
47 0.006500
48 0.006437
49 0.006500
50 0.006437
51 0.006500
52 0.006437
53 0.006500
54 0.006437
55 0.006500
56 0.006437
57 0.006500
58 0.006437
59 0.006500
60 0.006437
61 0.006500
62 0.006437
63 0.006500
64 0.006437
65 0.006500
66 0.006437
67 0.006500
68 0.006437
69 0.006500
70 0.006437
71 0.006500
72 0.006437
73 0.006500
74 0.006437
75 0.006500
76 0.006437
77 0.006500
78 0.006437
79 0.006500
80 0.006437
81 0.006500
82 0.006437
83 0.006500
84 0.006437
85 0.006500
86 0.006437
87 0.006500
88 0.006437
89 0.006500
90 0.006437
91 0.006500
92 0.006437
93 0.006500
94 0.006437
95 0.006500
96 0.006437
97 0.006500
98 0.006437
99 0.006500
100 0.006437
101 0.001437
102 0.001531
103 0.001563
104 0.001563
105 0.001563
106 0.001563
107 0.001563
108 0.001563
109 0.001563
110 0.001563
111 0.001563
112 0.001563
113 0.001563
114 0.001563
115 0.001563
116 0.001563
117 0.001563
118 0.001563
119 0.001563
120 0.001563
121 0.001563
122 0.001563
123 0.001563
124 0.001563
125 0.001563
126 0.001563
127 0.001563
128 0.001563
129 0.001563
130 0.001563
131 0.001563
132 0.001563
133 0.001563
134 0.001563
135 0.001563
136 0.001563
137 0.001563
138 0.001563
139 0.001563
140 0.001563
141 0.001563
142 0.001563
143 0.001563
144 0.001563
145 0.001563
146 0.001563
147 0.001563
148 0.001563
149 0.001563
150 0.001563
151 0.001563
152 0.001563
153 0.001563
154 0.001563
155 0.001563
156 0.001563
157 0.001563
158 0.001563
159 0.001563
160 0.001563
161 0.001563
162 0.001563
163 0.001563
164 0.001563
165 0.001563
166 0.001563
167 0.001563
168 0.001563
169 0.001563
170 0.001563
171 0.001563
172 0.001563
173 0.001563
174 0.001563
175 0.001563
176 0.001563
177 0.001563
178 0.001563
179 0.001563
180 0.001563
181 0.001563
182 0.001563
183 0.001563
184 0.001563
185 0.001563
186 0.001563
187 0.001563
188 0.001563
189 0.001563
190 0.001563
191 0.001563
192 0.001563
193 0.001563
194 0.001563
195 0.001563
196 0.001563
197 0.001563
198 0.001563
199 0.001563
200 0.001563
201 0.001344
202 0.001344
203 0.001344
204 0.001344
205 0.001344
206 0.001344
207 0.001344
208 0.001344
209 0.001344
210 0.001344
211 0.001344
212 0.001344
213 0.001344
214 0.001344
215 0.001344
216 0.001344
217 0.001344
218 0.001344
219 0.001344
220 0.001344
221 0.001344
222 0.001344
223 0.001344
224 0.001344
225 0.001344
226 0.001344
227 0.001344
228 0.001344
229 0.001344
230 0.001344
231 0.001344
232 0.001344
233 0.001344
234 0.001344
235 0.001344
236 0.001344
237 0.001344
238 0.001344
239 0.001344
240 0.001344
241 0.001344
242 0.001344
243 0.001344
244 0.001344
245 0.001344
246 0.001344
247 0.001344
248 0.001344
249 0.001344
250 0.001344
251 0.001344
252 0.001344
253 0.001344
254 0.001344
255 0.001344
256 0.001344
257 0.001344
258 0.001344
259 0.001344
260 0.001344
261 0.001344
262 0.001344
263 0.001344
264 0.001344
265 0.001344
266 0.001344
267 0.001344
268 0.001344
269 0.001344
270 0.001344
271 0.001344
272 0.001344
273 0.001344
274 0.001344
275 0.001344
276 0.001344
277 0.001344
278 0.001344
279 0.001344
280 0.001344
281 0.001344
282 0.001344
283 0.001344
284 0.001344
285 0.001344
286 0.001344
287 0.001344
288 0.001344
289 0.001344
290 0.001344
291 0.001344
292 0.001344
293 0.001344
294 0.001344
295 0.001344
296 0.001344
297 0.001344
298 0.001344
299 0.001344
300 0.001344
