1 0.049821
2 0.016808
3 0.010781
4 0.011942
5 0.010045
6 0.010871
7 0.010246
8 0.010937
9 0.010179
10 0.011071
11 0.010357
12 0.011027
13 0.010246
14 0.010982
15 0.010357
16 0.010915
17 0.010268
18 0.011027
19 0.010313
20 0.010982
21 0.010357
22 0.010982
23 0.010335
24 0.011049
25 0.010446
26 0.010960
27 0.010424
28 0.011094
29 0.010379
30 0.011004
31 0.010446
32 0.011094
33 0.010402
34 0.011027
35 0.010424
36 0.011071
37 0.010402
38 0.011027
39 0.010402
40 0.011071
41 0.010402
42 0.011004
43 0.010402
44 0.011071
45 0.010402
46 0.011004
47 0.010402
48 0.011071
49 0.010402
50 0.010982
51 0.010402
52 0.011049
53 0.010402
54 0.010982
55 0.010402
56 0.011049
57 0.010402
58 0.010982
59 0.010402
60 0.011049
61 0.010402
62 0.010982
63 0.010402
64 0.011027
65 0.010402
66 0.010960
67 0.010402
68 0.011027
69 0.010402
70 0.010982
71 0.010402
72 0.011049
73 0.010402
74 0.010982
75 0.010402
76 0.011049
77 0.010402
78 0.010982
79 0.010402
80 0.011049
81 0.010402
82 0.010982
83 0.010402
84 0.011049
85 0.010402
86 0.010982
87 0.010402
88 0.011049
89 0.010402
90 0.010982
91 0.010402
92 0.011049
93 0.010402
94 0.010982
95 0.010402
96 0.011049
97 0.010402
98 0.010982
99 0.010402
100 0.011049
101 0.002165
102 0.001496
103 0.001362
104 0.001384
105 0.001362
106 0.001362
107 0.001362
108 0.001384
109 0.001384
110 0.001384
111 0.001384
112 0.001384
113 0.001384
114 0.001384
115 0.001384
116 0.001384
117 0.001384
118 0.001384
119 0.001384
120 0.001384
121 0.001384
122 0.001384
123 0.001384
124 0.001384
125 0.001384
126 0.001384
127 0.001384
128 0.001384
129 0.001384
130 0.001384
131 0.001384
132 0.001384
133 0.001384
134 0.001384
135 0.001384
136 0.001384
137 0.001384
138 0.001384
139 0.001384
140 0.001384
141 0.001384
142 0.001384
143 0.001384
144 0.001384
145 0.001384
146 0.001384
147 0.001384
148 0.001384
149 0.001384
150 0.001384
151 0.001384
152 0.001384
153 0.001384
154 0.001384
155 0.001384
156 0.001384
157 0.001384
158 0.001384
159 0.001384
160 0.001384
161 0.001384
162 0.001384
163 0.001384
164 0.001384
165 0.001384
166 0.001384
167 0.001384
168 0.001384
169 0.001384
170 0.001384
171 0.001384
172 0.001384
173 0.001384
174 0.001384
175 0.001384
176 0.001384
177 0.001384
178 0.001384
179 0.001384
180 0.001384
181 0.001384
182 0.001384
183 0.001384
184 0.001384
185 0.001384
186 0.001384
187 0.001384
188 0.001384
189 0.001384
190 0.001384
191 0.001384
192 0.001384
193 0.001384
194 0.001384
195 0.001384
196 0.001384
197 0.001384
198 0.001384
199 0.001384
200 0.001384
201 0.001138
202 0.001138
203 0.001161
204 0.001161
205 0.001161
206 0.001161
207 0.001161
208 0.001161
209 0.001161
210 0.001161
211 0.001161
212 0.001161
213 0.001161
214 0.001161
215 0.001161
216 0.001161
217 0.001161
218 0.001161
219 0.001161
220 0.001161
221 0.001161
222 0.001161
223 0.001161
224 0.001161
225 0.001161
226 0.001161
227 0.001161
228 0.001161
229 0.001161
230 0.001161
231 0.001161
232 0.001161
233 0.001161
234 0.001161
235 0.001161
236 0.001161
237 0.001161
238 0.001161
239 0.001161
240 0.001161
241 0.001161
242 0.001161
243 0.001161
244 0.001161
245 0.001161
246 0.001161
247 0.001161
248 0.001161
249 0.001161
250 0.001161
251 0.001161
252 0.001161
253 0.001161
254 0.001161
255 0.001161
256 0.001161
257 0.001161
258 0.001161
259 0.001161
260 0.001161
261 0.001161
262 0.001161
263 0.001161
264 0.001161
265 0.001161
266 0.001161
267 0.001161
268 0.001161
269 0.001161
270 0.001161
271 0.001161
272 0.001161
273 0.001161
274 0.001161
275 0.001161
276 0.001161
277 0.001161
278 0.001161
279 0.001161
280 0.001161
281 0.001161
282 0.001161
283 0.001161
284 0.001161
285 0.001161
286 0.001161
287 0.001161
288 0.001161
289 0.001161
290 0.001161
291 0.001161
292 0.001161
293 0.001161
294 0.001161
295 0.001161
296 0.001161
297 0.001161
298 0.001161
299 0.001161
300 0.001161
