1 0.070547
2 0.034824
3 0.026016
4 0.029570
5 0.024570
6 0.030762
7 0.026348
8 0.032227
9 0.027617
10 0.034629
11 0.028867
12 0.034941
13 0.029590
14 0.035742
15 0.029824
16 0.035859
17 0.030293
18 0.036445
19 0.030508
20 0.036543
21 0.030996
22 0.036934
23 0.031035
24 0.036914
25 0.031191
26 0.037012
27 0.031328
28 0.036953
29 0.031387
30 0.037207
31 0.031523
32 0.037246
33 0.031660
34 0.037383
35 0.031543
36 0.037168
37 0.031660
38 0.037324
39 0.031641
40 0.037246
41 0.031660
42 0.037441
43 0.031543
44 0.037266
45 0.031660
46 0.037422
47 0.031582
48 0.037266
49 0.031660
50 0.037520
51 0.031602
52 0.037227
53 0.031719
54 0.037539
55 0.031582
56 0.037324
57 0.031680
58 0.037480
59 0.031641
60 0.037324
61 0.031680
62 0.037500
63 0.031621
64 0.037324
65 0.031719
66 0.037480
67 0.031621
68 0.037363
69 0.031719
70 0.037500
71 0.031641
72 0.037383
73 0.031758
74 0.037520
75 0.031680
76 0.037402
77 0.031758
78 0.037539
79 0.031680
80 0.037422
81 0.031777
82 0.037539
83 0.031719
84 0.037422
85 0.031797
86 0.037559
87 0.031719
88 0.037402
89 0.031797
90 0.037520
91 0.031699
92 0.037422
93 0.031797
94 0.037480
95 0.031699
96 0.037441
97 0.031777
98 0.037480
99 0.031719
100 0.037363
101 0.007520
102 0.004375
103 0.003418
104 0.003320
105 0.003242
106 0.003242
107 0.003203
108 0.003203
109 0.003125
110 0.003145
111 0.003105
112 0.003164
113 0.003105
114 0.003164
115 0.003105
116 0.003164
117 0.003105
118 0.003145
119 0.003105
120 0.003145
121 0.003105
122 0.003125
123 0.003105
124 0.003125
125 0.003105
126 0.003125
127 0.003105
128 0.003105
129 0.003105
130 0.003125
131 0.003105
132 0.003125
133 0.003105
134 0.003125
135 0.003105
136 0.003125
137 0.003105
138 0.003125
139 0.003105
140 0.003125
141 0.003105
142 0.003125
143 0.003105
144 0.003125
145 0.003105
146 0.003125
147 0.003105
148 0.003125
149 0.003105
150 0.003125
151 0.003105
152 0.003125
153 0.003105
154 0.003145
155 0.003105
156 0.003145
157 0.003105
158 0.003145
159 0.003105
160 0.003145
161 0.003105
162 0.003145
163 0.003105
164 0.003145
165 0.003105
166 0.003145
167 0.003105
168 0.003145
169 0.003105
170 0.003145
171 0.003105
172 0.003145
173 0.003105
174 0.003145
175 0.003105
176 0.003145
177 0.003105
178 0.003145
179 0.003105
180 0.003145
181 0.003105
182 0.003145
183 0.003105
184 0.003145
185 0.003105
186 0.003145
187 0.003105
188 0.003145
189 0.003105
190 0.003145
191 0.003105
192 0.003145
193 0.003105
194 0.003145
195 0.003105
196 0.003145
197 0.003105
198 0.003145
199 0.003105
200 0.003145
201 0.001348
202 0.001230
203 0.001289
204 0.001270
205 0.001289
206 0.001309
207 0.001309
208 0.001289
209 0.001309
210 0.001289
211 0.001309
212 0.001289
213 0.001309
214 0.001289
215 0.001309
216 0.001289
217 0.001309
218 0.001289
219 0.001309
220 0.001289
221 0.001309
222 0.001309
223 0.001309
224 0.001309
225 0.001309
226 0.001309
227 0.001309
228 0.001309
229 0.001309
230 0.001309
231 0.001309
232 0.001309
233 0.001309
234 0.001309
235 0.001309
236 0.001309
237 0.001309
238 0.001309
239 0.001309
240 0.001309
241 0.001309
242 0.001309
243 0.001309
244 0.001309
245 0.001309
246 0.001309
247 0.001309
248 0.001309
249 0.001309
250 0.001309
251 0.001309
252 0.001309
253 0.001309
254 0.001309
255 0.001309
256 0.001309
257 0.001309
258 0.001309
259 0.001309
260 0.001309
261 0.001309
262 0.001309
263 0.001309
264 0.001309
265 0.001309
266 0.001309
267 0.001309
268 0.001309
269 0.001309
270 0.001309
271 0.001309
272 0.001309
273 0.001309
274 0.001309
275 0.001309
276 0.001309
277 0.001309
278 0.001309
279 0.001309
280 0.001309
281 0.001309
282 0.001309
283 0.001309
284 0.001309
285 0.001309
286 0.001309
287 0.001309
288 0.001309
289 0.001309
290 0.001309
291 0.001309
292 0.001309
293 0.001309
294 0.001309
295 0.001309
296 0.001309
297 0.001309
298 0.001309
299 0.001309
300 0.001309
