1 9.422235e-02
2 6.953570e-02
3 6.889533e-02
4 6.891607e-02
5 6.891150e-02
6 6.891063e-02
7 6.891089e-02
8 6.891090e-02
9 6.891089e-02
10 6.891089e-02
11 6.891089e-02
12 6.891089e-02
13 6.891089e-02
14 6.891089e-02
15 6.891089e-02
16 6.891089e-02
17 6.891089e-02
18 6.891089e-02
19 6.891089e-02
20 6.891089e-02
21 6.891089e-02
22 6.891089e-02
23 6.891089e-02
24 6.891089e-02
25 6.891089e-02
26 6.891089e-02
27 6.891089e-02
28 6.891089e-02
29 6.891089e-02
30 6.891089e-02
31 6.891089e-02
32 6.891089e-02
33 6.891089e-02
34 6.891089e-02
35 6.891089e-02
36 6.891089e-02
37 6.891089e-02
38 6.891089e-02
39 6.891089e-02
40 6.891089e-02
41 6.891089e-02
42 6.891089e-02
43 6.891089e-02
44 6.891089e-02
45 6.891089e-02
46 6.891089e-02
47 6.891089e-02
48 6.891089e-02
49 6.891089e-02
50 6.891089e-02
51 6.891089e-02
52 6.891089e-02
53 6.891089e-02
54 6.891089e-02
55 6.891089e-02
56 6.891089e-02
57 6.891089e-02
58 6.891089e-02
59 6.891089e-02
60 6.891089e-02
61 6.891089e-02
62 6.891089e-02
63 6.891089e-02
64 6.891089e-02
65 6.891089e-02
66 6.891089e-02
67 6.891089e-02
68 6.891089e-02
69 6.891089e-02
70 6.891089e-02
71 6.891089e-02
72 6.891089e-02
73 6.891089e-02
74 6.891089e-02
75 6.891089e-02
76 6.891089e-02
77 6.891089e-02
78 6.891089e-02
79 6.891089e-02
80 6.891089e-02
81 6.891089e-02
82 6.891089e-02
83 6.891089e-02
84 6.891089e-02
85 6.891089e-02
86 6.891089e-02
87 6.891089e-02
88 6.891089e-02
89 6.891089e-02
90 6.891089e-02
91 6.891089e-02
92 6.891089e-02
93 6.891089e-02
94 6.891089e-02
95 6.891089e-02
96 6.891089e-02
97 6.891089e-02
98 6.891089e-02
99 6.891089e-02
100 6.891089e-02
101 1.575043e-02
102 1.476895e-02
103 1.462256e-02
104 1.463809e-02
105 1.463455e-02
106 1.463493e-02
107 1.463480e-02
108 1.463481e-02
109 1.463480e-02
110 1.463480e-02
111 1.463480e-02
112 1.463480e-02
113 1.463480e-02
114 1.463480e-02
115 1.463480e-02
116 1.463480e-02
117 1.463480e-02
118 1.463480e-02
119 1.463480e-02
120 1.463480e-02
121 1.463480e-02
122 1.463480e-02
123 1.463480e-02
124 1.463480e-02
125 1.463480e-02
126 1.463480e-02
127 1.463480e-02
128 1.463480e-02
129 1.463480e-02
130 1.463480e-02
131 1.463480e-02
132 1.463480e-02
133 1.463480e-02
134 1.463480e-02
135 1.463480e-02
136 1.463480e-02
137 1.463480e-02
138 1.463480e-02
139 1.463480e-02
140 1.463480e-02
141 1.463480e-02
142 1.463480e-02
143 1.463480e-02
144 1.463480e-02
145 1.463480e-02
146 1.463480e-02
147 1.463480e-02
148 1.463480e-02
149 1.463480e-02
150 1.463480e-02
151 1.463480e-02
152 1.463480e-02
153 1.463480e-02
154 1.463480e-02
155 1.463480e-02
156 1.463480e-02
157 1.463480e-02
158 1.463480e-02
159 1.463480e-02
160 1.463480e-02
161 1.463480e-02
162 1.463480e-02
163 1.463480e-02
164 1.463480e-02
165 1.463480e-02
166 1.463480e-02
167 1.463480e-02
168 1.463480e-02
169 1.463480e-02
170 1.463480e-02
171 1.463480e-02
172 1.463480e-02
173 1.463480e-02
174 1.463480e-02
175 1.463480e-02
176 1.463480e-02
177 1.463480e-02
178 1.463480e-02
179 1.463480e-02
180 1.463480e-02
181 1.463480e-02
182 1.463480e-02
183 1.463480e-02
184 1.463480e-02
185 1.463480e-02
186 1.463480e-02
187 1.463480e-02
188 1.463480e-02
189 1.463480e-02
190 1.463480e-02
191 1.463480e-02
192 1.463480e-02
193 1.463480e-02
194 1.463480e-02
195 1.463480e-02
196 1.463480e-02
197 1.463480e-02
198 1.463480e-02
199 1.463480e-02
200 1.463480e-02
201 1.311394e-02
202 1.309333e-02
203 1.309193e-02
204 1.309115e-02
205 1.309108e-02
206 1.309107e-02
207 1.309107e-02
208 1.309107e-02
209 1.309107e-02
210 1.309107e-02
211 1.309107e-02
212 1.309107e-02
213 1.309107e-02
214 1.309107e-02
215 1.309107e-02
216 1.309107e-02
217 1.309107e-02
218 1.309107e-02
219 1.309107e-02
220 1.309107e-02
221 1.309107e-02
222 1.309107e-02
223 1.309107e-02
224 1.309107e-02
225 1.309107e-02
226 1.309107e-02
227 1.309107e-02
228 1.309107e-02
229 1.309107e-02
230 1.309107e-02
231 1.309107e-02
232 1.309107e-02
233 1.309107e-02
234 1.309107e-02
235 1.309107e-02
236 1.309107e-02
237 1.309107e-02
238 1.309107e-02
239 1.309107e-02
240 1.309107e-02
241 1.309107e-02
242 1.309107e-02
243 1.309107e-02
244 1.309107e-02
245 1.309107e-02
246 1.309107e-02
247 1.309107e-02
248 1.309107e-02
249 1.309107e-02
250 1.309107e-02
251 1.309107e-02
252 1.309107e-02
253 1.309107e-02
254 1.309107e-02
255 1.309107e-02
256 1.309107e-02
257 1.309107e-02
258 1.309107e-02
259 1.309107e-02
260 1.309107e-02
261 1.309107e-02
262 1.309107e-02
263 1.309107e-02
264 1.309107e-02
265 1.309107e-02
266 1.309107e-02
267 1.309107e-02
268 1.309107e-02
269 1.309107e-02
270 1.309107e-02
271 1.309107e-02
272 1.309107e-02
273 1.309107e-02
274 1.309107e-02
275 1.309107e-02
276 1.309107e-02
277 1.309107e-02
278 1.309107e-02
279 1.309107e-02
280 1.309107e-02
281 1.309107e-02
282 1.309107e-02
283 1.309107e-02
284 1.309107e-02
285 1.309107e-02
286 1.309107e-02
287 1.309107e-02
288 1.309107e-02
289 1.309107e-02
290 1.309107e-02
291 1.309107e-02
292 1.309107e-02
293 1.309107e-02
294 1.309107e-02
295 1.309107e-02
296 1.309107e-02
297 1.309107e-02
298 1.309107e-02
299 1.309107e-02
300 1.309107e-02
