1 1.181158e-01
2 8.972664e-02
3 8.890211e-02
4 8.885006e-02
5 8.885229e-02
6 8.885070e-02
7 8.884976e-02
8 8.884984e-02
9 8.884987e-02
10 8.884987e-02
11 8.884987e-02
12 8.884987e-02
13 8.884987e-02
14 8.884987e-02
15 8.884987e-02
16 8.884987e-02
17 8.884987e-02
18 8.884987e-02
19 8.884987e-02
20 8.884987e-02
21 8.884987e-02
22 8.884987e-02
23 8.884987e-02
24 8.884987e-02
25 8.884987e-02
26 8.884987e-02
27 8.884987e-02
28 8.884987e-02
29 8.884987e-02
30 8.884987e-02
31 8.884987e-02
32 8.884987e-02
33 8.884987e-02
34 8.884987e-02
35 8.884987e-02
36 8.884987e-02
37 8.884987e-02
38 8.884987e-02
39 8.884987e-02
40 8.884987e-02
41 8.884987e-02
42 8.884987e-02
43 8.884987e-02
44 8.884987e-02
45 8.884987e-02
46 8.884987e-02
47 8.884987e-02
48 8.884987e-02
49 8.884987e-02
50 8.884987e-02
51 8.884987e-02
52 8.884987e-02
53 8.884987e-02
54 8.884987e-02
55 8.884987e-02
56 8.884987e-02
57 8.884987e-02
58 8.884987e-02
59 8.884987e-02
60 8.884987e-02
61 8.884987e-02
62 8.884987e-02
63 8.884987e-02
64 8.884987e-02
65 8.884987e-02
66 8.884987e-02
67 8.884987e-02
68 8.884987e-02
69 8.884987e-02
70 8.884987e-02
71 8.884987e-02
72 8.884987e-02
73 8.884987e-02
74 8.884987e-02
75 8.884987e-02
76 8.884987e-02
77 8.884987e-02
78 8.884987e-02
79 8.884987e-02
80 8.884987e-02
81 8.884987e-02
82 8.884987e-02
83 8.884987e-02
84 8.884987e-02
85 8.884987e-02
86 8.884987e-02
87 8.884987e-02
88 8.884987e-02
89 8.884987e-02
90 8.884987e-02
91 8.884987e-02
92 8.884987e-02
93 8.884987e-02
94 8.884987e-02
95 8.884987e-02
96 8.884987e-02
97 8.884987e-02
98 8.884987e-02
99 8.884987e-02
100 8.884987e-02
101 1.921579e-02
102 1.785598e-02
103 1.748508e-02
104 1.752657e-02
105 1.750869e-02
106 1.751186e-02
107 1.751055e-02
108 1.751082e-02
109 1.751071e-02
110 1.751073e-02
111 1.751072e-02
112 1.751073e-02
113 1.751073e-02
114 1.751073e-02
115 1.751073e-02
116 1.751073e-02
117 1.751073e-02
118 1.751073e-02
119 1.751073e-02
120 1.751073e-02
121 1.751073e-02
122 1.751073e-02
123 1.751073e-02
124 1.751073e-02
125 1.751073e-02
126 1.751073e-02
127 1.751073e-02
128 1.751073e-02
129 1.751073e-02
130 1.751073e-02
131 1.751073e-02
132 1.751073e-02
133 1.751073e-02
134 1.751073e-02
135 1.751073e-02
136 1.751073e-02
137 1.751073e-02
138 1.751073e-02
139 1.751073e-02
140 1.751073e-02
141 1.751073e-02
142 1.751073e-02
143 1.751073e-02
144 1.751073e-02
145 1.751073e-02
146 1.751073e-02
147 1.751073e-02
148 1.751073e-02
149 1.751073e-02
150 1.751073e-02
151 1.751073e-02
152 1.751073e-02
153 1.751073e-02
154 1.751073e-02
155 1.751073e-02
156 1.751073e-02
157 1.751073e-02
158 1.751073e-02
159 1.751073e-02
160 1.751073e-02
161 1.751073e-02
162 1.751073e-02
163 1.751073e-02
164 1.751073e-02
165 1.751073e-02
166 1.751073e-02
167 1.751073e-02
168 1.751073e-02
169 1.751073e-02
170 1.751073e-02
171 1.751073e-02
172 1.751073e-02
173 1.751073e-02
174 1.751073e-02
175 1.751073e-02
176 1.751073e-02
177 1.751073e-02
178 1.751073e-02
179 1.751073e-02
180 1.751073e-02
181 1.751073e-02
182 1.751073e-02
183 1.751073e-02
184 1.751073e-02
185 1.751073e-02
186 1.751073e-02
187 1.751073e-02
188 1.751073e-02
189 1.751073e-02
190 1.751073e-02
191 1.751073e-02
192 1.751073e-02
193 1.751073e-02
194 1.751073e-02
195 1.751073e-02
196 1.751073e-02
197 1.751073e-02
198 1.751073e-02
199 1.751073e-02
200 1.751073e-02
201 1.368541e-02
202 1.361335e-02
203 1.360311e-02
204 1.360193e-02
205 1.360181e-02
206 1.360178e-02
207 1.360178e-02
208 1.360178e-02
209 1.360178e-02
210 1.360178e-02
211 1.360178e-02
212 1.360178e-02
213 1.360178e-02
214 1.360178e-02
215 1.360178e-02
216 1.360178e-02
217 1.360178e-02
218 1.360178e-02
219 1.360178e-02
220 1.360178e-02
221 1.360178e-02
222 1.360178e-02
223 1.360178e-02
224 1.360178e-02
225 1.360178e-02
226 1.360178e-02
227 1.360178e-02
228 1.360178e-02
229 1.360178e-02
230 1.360178e-02
231 1.360178e-02
232 1.360178e-02
233 1.360178e-02
234 1.360178e-02
235 1.360178e-02
236 1.360178e-02
237 1.360178e-02
238 1.360178e-02
239 1.360178e-02
240 1.360178e-02
241 1.360178e-02
242 1.360178e-02
243 1.360178e-02
244 1.360178e-02
245 1.360178e-02
246 1.360178e-02
247 1.360178e-02
248 1.360178e-02
249 1.360178e-02
250 1.360178e-02
251 1.360178e-02
252 1.360178e-02
253 1.360178e-02
254 1.360178e-02
255 1.360178e-02
256 1.360178e-02
257 1.360178e-02
258 1.360178e-02
259 1.360178e-02
260 1.360178e-02
261 1.360178e-02
262 1.360178e-02
263 1.360178e-02
264 1.360178e-02
265 1.360178e-02
266 1.360178e-02
267 1.360178e-02
268 1.360178e-02
269 1.360178e-02
270 1.360178e-02
271 1.360178e-02
272 1.360178e-02
273 1.360178e-02
274 1.360178e-02
275 1.360178e-02
276 1.360178e-02
277 1.360178e-02
278 1.360178e-02
279 1.360178e-02
280 1.360178e-02
281 1.360178e-02
282 1.360178e-02
283 1.360178e-02
284 1.360178e-02
285 1.360178e-02
286 1.360178e-02
287 1.360178e-02
288 1.360178e-02
289 1.360178e-02
290 1.360178e-02
291 1.360178e-02
292 1.360178e-02
293 1.360178e-02
294 1.360178e-02
295 1.360178e-02
296 1.360178e-02
297 1.360178e-02
298 1.360178e-02
299 1.360178e-02
300 1.360178e-02
