1 0.097500
2 0.269773
3 0.098636
4 0.276818
5 0.100000
6 0.280227
7 0.101591
8 0.282273
9 0.102500
10 0.282045
11 0.103182
12 0.281591
13 0.103182
14 0.281818
15 0.103409
16 0.281818
17 0.103182
18 0.281818
19 0.103182
20 0.281818
21 0.103636
22 0.281818
23 0.103636
24 0.281818
25 0.103636
26 0.281818
27 0.104318
28 0.281818
29 0.104091
30 0.281818
31 0.104318
32 0.281818
33 0.104318
34 0.281818
35 0.104318
36 0.282045
37 0.104318
38 0.282045
39 0.104318
40 0.282045
41 0.104545
42 0.282045
43 0.104773
44 0.282045
45 0.105227
46 0.282045
47 0.105227
48 0.282045
49 0.105227
50 0.282045
51 0.105455
52 0.282045
53 0.105455
54 0.282045
55 0.105455
56 0.282045
57 0.105455
58 0.282045
59 0.105455
60 0.282045
61 0.105455
62 0.282045
63 0.105455
64 0.282045
65 0.105455
66 0.282045
67 0.105682
68 0.282045
69 0.105682
70 0.282045
71 0.105682
72 0.282045
73 0.105682
74 0.282045
75 0.105909
76 0.282045
77 0.105909
78 0.282045
79 0.105909
80 0.282045
81 0.105909
82 0.282045
83 0.105909
84 0.282045
85 0.105909
86 0.282045
87 0.105909
88 0.282045
89 0.105909
90 0.282045
91 0.105909
92 0.282045
93 0.106136
94 0.282045
95 0.106136
96 0.282045
97 0.106136
98 0.282045
99 0.106136
100 0.282045
101 0.086364
102 0.185909
103 0.089773
104 0.175227
105 0.090227
106 0.168182
107 0.089545
108 0.164773
109 0.088864
110 0.163182
111 0.091591
112 0.161364
113 0.091818
114 0.160227
115 0.092045
116 0.160000
117 0.093409
118 0.159318
119 0.093864
120 0.159091
121 0.095000
122 0.158409
123 0.094773
124 0.157727
125 0.095455
126 0.157273
127 0.095682
128 0.156818
129 0.095909
130 0.156136
131 0.096364
132 0.156364
133 0.096591
134 0.156136
135 0.096591
136 0.156136
137 0.096364
138 0.156136
139 0.096364
140 0.156364
141 0.096591
142 0.156136
143 0.096591
144 0.156591
145 0.097045
146 0.156364
147 0.097045
148 0.156364
149 0.097045
150 0.156136
151 0.097045
152 0.156136
153 0.097045
154 0.156136
155 0.096818
156 0.156136
157 0.096818
158 0.156136
159 0.096818
160 0.156136
161 0.096818
162 0.156136
163 0.096818
164 0.156136
165 0.096818
166 0.156136
167 0.096818
168 0.156136
169 0.097045
170 0.156136
171 0.097045
172 0.155909
173 0.097045
174 0.155909
175 0.097045
176 0.155909
177 0.097045
178 0.155682
179 0.097500
180 0.155682
181 0.097500
182 0.155682
183 0.097500
184 0.155682
185 0.097500
186 0.155682
187 0.097500
188 0.155682
189 0.097500
190 0.155682
191 0.097500
192 0.155682
193 0.097500
194 0.155682
195 0.097500
196 0.155682
197 0.097500
198 0.155682
199 0.097500
200 0.155682
201 0.077955
202 0.129318
203 0.078864
204 0.124318
205 0.080000
206 0.123182
207 0.080227
208 0.121136
209 0.080455
210 0.119773
211 0.080909
212 0.119091
213 0.080909
214 0.118182
215 0.081136
216 0.116591
217 0.081818
218 0.116591
219 0.081136
220 0.116591
221 0.081364
222 0.116136
223 0.081591
224 0.115909
225 0.081136
226 0.115909
227 0.081591
228 0.115909
229 0.081591
230 0.115682
231 0.081591
232 0.115000
233 0.081364
234 0.115000
235 0.081364
236 0.114773
237 0.081364
238 0.115000
239 0.081364
240 0.114773
241 0.081136
242 0.114545
243 0.081136
244 0.114545
245 0.081364
246 0.114318
247 0.081364
248 0.114318
249 0.081364
250 0.114318
251 0.081591
252 0.114318
253 0.081591
254 0.114318
255 0.081591
256 0.114318
257 0.081591
258 0.114318
259 0.081591
260 0.114318
261 0.081591
262 0.114318
263 0.081818
264 0.114091
265 0.081591
266 0.114091
267 0.081591
268 0.114318
269 0.081591
270 0.114318
271 0.081591
272 0.114091
273 0.081591
274 0.114091
275 0.081591
276 0.114318
277 0.081591
278 0.114318
279 0.081591
280 0.114318
281 0.081591
282 0.114091
283 0.081591
284 0.114091
285 0.081591
286 0.114091
287 0.081591
288 0.114091
289 0.081591
290 0.114091
291 0.081591
292 0.114091
293 0.081591
294 0.114091
295 0.081591
296 0.114091
297 0.081591
298 0.114091
299 0.081591
300 0.114091
