1 0.137955
2 0.340682
3 0.140909
4 0.344091
5 0.143182
6 0.344773
7 0.143864
8 0.345455
9 0.144318
10 0.345455
11 0.145227
12 0.345909
13 0.146136
14 0.345682
15 0.147500
16 0.345909
17 0.148182
18 0.345909
19 0.148409
20 0.346136
21 0.150455
22 0.346136
23 0.152045
24 0.345909
25 0.152955
26 0.345909
27 0.153636
28 0.345909
29 0.154318
30 0.345909
31 0.154545
32 0.345909
33 0.155000
34 0.345909
35 0.155455
36 0.345909
37 0.155909
38 0.345909
39 0.156136
40 0.345909
41 0.155909
42 0.345909
43 0.155909
44 0.345909
45 0.156136
46 0.345909
47 0.156136
48 0.345909
49 0.156364
50 0.345909
51 0.156364
52 0.345909
53 0.156591
54 0.346136
55 0.156591
56 0.346136
57 0.156818
58 0.346136
59 0.156818
60 0.346136
61 0.157045
62 0.346136
63 0.157045
64 0.346136
65 0.157273
66 0.346136
67 0.157500
68 0.346136
69 0.157500
70 0.346136
71 0.157500
72 0.346136
73 0.157500
74 0.346136
75 0.157500
76 0.346136
77 0.157727
78 0.346136
79 0.157727
80 0.346136
81 0.157727
82 0.346136
83 0.157727
84 0.346136
85 0.157955
86 0.346136
87 0.157955
88 0.346136
89 0.157955
90 0.346136
91 0.157955
92 0.346136
93 0.157955
94 0.346136
95 0.157955
96 0.346136
97 0.157955
98 0.346136
99 0.157955
100 0.346136
101 0.138636
102 0.265682
103 0.140455
104 0.255682
105 0.143182
106 0.250909
107 0.143864
108 0.247955
109 0.145227
110 0.244318
111 0.147273
112 0.244773
113 0.148636
114 0.244318
115 0.149091
116 0.243636
117 0.149091
118 0.243182
119 0.150000
120 0.242727
121 0.150227
122 0.242727
123 0.150455
124 0.242273
125 0.150909
126 0.242045
127 0.150909
128 0.241818
129 0.151364
130 0.241364
131 0.151591
132 0.241818
133 0.151136
134 0.242500
135 0.151136
136 0.242955
137 0.151364
138 0.242955
139 0.151364
140 0.242955
141 0.151136
142 0.242955
143 0.151136
144 0.242727
145 0.151136
146 0.242727
147 0.151364
148 0.242727
149 0.151364
150 0.242727
151 0.151364
152 0.242727
153 0.151364
154 0.242727
155 0.151364
156 0.242727
157 0.151364
158 0.242727
159 0.151364
160 0.242500
161 0.151364
162 0.242500
163 0.151364
164 0.242500
165 0.151591
166 0.242500
167 0.151591
168 0.242500
169 0.151591
170 0.242727
171 0.151364
172 0.242727
173 0.151136
174 0.242727
175 0.151136
176 0.242955
177 0.150909
178 0.242955
179 0.151136
180 0.242955
181 0.151136
182 0.242955
183 0.151136
184 0.242955
185 0.151136
186 0.242955
187 0.151136
188 0.242955
189 0.151136
190 0.242955
191 0.151136
192 0.242955
193 0.151136
194 0.242955
195 0.151136
196 0.242955
197 0.151136
198 0.242955
199 0.151136
200 0.242955
201 0.127273
202 0.213864
203 0.130455
204 0.208409
205 0.131364
206 0.203182
207 0.132500
208 0.202273
209 0.133409
210 0.200455
211 0.135000
212 0.200455
213 0.135227
214 0.199091
215 0.135682
216 0.198409
217 0.136364
218 0.197500
219 0.136591
220 0.197045
221 0.136591
222 0.196136
223 0.136591
224 0.195455
225 0.137045
226 0.195000
227 0.137500
228 0.194318
229 0.137727
230 0.194318
231 0.137500
232 0.193864
233 0.137500
234 0.193864
235 0.137045
236 0.193182
237 0.137045
238 0.193182
239 0.137045
240 0.192955
241 0.137045
242 0.192955
243 0.137045
244 0.192955
245 0.136591
246 0.192955
247 0.136364
248 0.192955
249 0.136364
250 0.193182
251 0.136364
252 0.193182
253 0.136364
254 0.192727
255 0.136364
256 0.192727
257 0.137045
258 0.192500
259 0.137045
260 0.192500
261 0.137045
262 0.192727
263 0.137045
264 0.192727
265 0.137045
266 0.192727
267 0.137045
268 0.192727
269 0.136818
270 0.192273
271 0.136818
272 0.192045
273 0.136818
274 0.192045
275 0.136818
276 0.192045
277 0.136818
278 0.192045
279 0.136818
280 0.192273
281 0.137045
282 0.192273
283 0.137045
284 0.192045
285 0.137045
286 0.192045
287 0.137273
288 0.192045
289 0.137273
290 0.192045
291 0.137273
292 0.192045
293 0.137273
294 0.191818
295 0.137273
296 0.191818
297 0.137500
298 0.191818
299 0.137727
300 0.191818
