1 0.009318
2 0.039091
3 0.009773
4 0.040682
5 0.010000
6 0.040909
7 0.010000
8 0.040909
9 0.010000
10 0.041136
11 0.010000
12 0.041136
13 0.010000
14 0.041136
15 0.010455
16 0.041136
17 0.010455
18 0.041136
19 0.010455
20 0.041136
21 0.010455
22 0.041136
23 0.010455
24 0.041136
25 0.010455
26 0.041136
27 0.010455
28 0.041136
29 0.010455
30 0.041136
31 0.010455
32 0.041136
33 0.010455
34 0.041136
35 0.010455
36 0.041136
37 0.010455
38 0.041136
39 0.010455
40 0.041136
41 0.010455
42 0.041136
43 0.010455
44 0.041136
45 0.010455
46 0.041136
47 0.010455
48 0.041136
49 0.010455
50 0.041136
51 0.010455
52 0.041136
53 0.010455
54 0.041136
55 0.010455
56 0.041136
57 0.010455
58 0.041136
59 0.010455
60 0.041136
61 0.010455
62 0.041136
63 0.010455
64 0.041136
65 0.010455
66 0.041136
67 0.010455
68 0.041136
69 0.010455
70 0.041136
71 0.010455
72 0.041136
73 0.010455
74 0.041136
75 0.010455
76 0.041136
77 0.010455
78 0.041136
79 0.010455
80 0.041136
81 0.010455
82 0.041136
83 0.010455
84 0.041136
85 0.010455
86 0.041136
87 0.010455
88 0.041136
89 0.010455
90 0.041136
91 0.010455
92 0.041136
93 0.010455
94 0.041136
95 0.010455
96 0.041136
97 0.010455
98 0.041136
99 0.010455
100 0.041136
101 0.005455
102 0.013864
103 0.005682
104 0.012500
105 0.005455
106 0.011136
107 0.005455
108 0.010455
109 0.005455
110 0.010227
111 0.005227
112 0.010227
113 0.005227
114 0.010227
115 0.005227
116 0.010000
117 0.005227
118 0.009773
119 0.005227
120 0.009545
121 0.005455
122 0.009318
123 0.005455
124 0.009318
125 0.005455
126 0.009318
127 0.005455
128 0.009318
129 0.005455
130 0.009318
131 0.005455
132 0.009091
133 0.005455
134 0.009091
135 0.005455
136 0.009091
137 0.005227
138 0.009091
139 0.005227
140 0.009091
141 0.005227
142 0.008864
143 0.005227
144 0.008864
145 0.005227
146 0.008864
147 0.005227
148 0.008864
149 0.005227
150 0.008636
151 0.005227
152 0.008636
153 0.005227
154 0.008636
155 0.005227
156 0.008636
157 0.005227
158 0.008636
159 0.005455
160 0.008636
161 0.005455
162 0.008636
163 0.005455
164 0.008636
165 0.005682
166 0.008636
167 0.005909
168 0.008864
169 0.005909
170 0.008864
171 0.006136
172 0.008864
173 0.006136
174 0.008864
175 0.006136
176 0.008864
177 0.006136
178 0.008864
179 0.006136
180 0.008864
181 0.006136
182 0.008864
183 0.006136
184 0.008636
185 0.006136
186 0.008636
187 0.006136
188 0.008636
189 0.006136
190 0.008636
191 0.006136
192 0.008636
193 0.006136
194 0.008636
195 0.006136
196 0.008636
197 0.006136
198 0.008636
199 0.006136
200 0.008636
201 0.006136
202 0.006818
203 0.006136
204 0.006591
205 0.006364
206 0.006591
207 0.006364
208 0.006364
209 0.006591
210 0.006136
211 0.006591
212 0.006136
213 0.006591
214 0.005909
215 0.006591
216 0.005909
217 0.006591
218 0.005909
219 0.006591
220 0.005909
221 0.006591
222 0.005909
223 0.006591
224 0.005909
225 0.006591
226 0.005682
227 0.006591
228 0.005682
229 0.006591
230 0.005909
231 0.006591
232 0.005909
233 0.006591
234 0.005909
235 0.006591
236 0.005909
237 0.006591
238 0.005909
239 0.006591
240 0.005909
241 0.006591
242 0.005909
243 0.006591
244 0.005909
245 0.006591
246 0.005909
247 0.006591
248 0.005909
249 0.006591
250 0.006136
251 0.006591
252 0.006136
253 0.006591
254 0.006136
255 0.006591
256 0.006136
257 0.006591
258 0.006136
259 0.006591
260 0.006136
261 0.006591
262 0.006136
263 0.006591
264 0.006136
265 0.006591
266 0.006136
267 0.006591
268 0.006136
269 0.006591
270 0.006136
271 0.006591
272 0.006136
273 0.006591
274 0.006136
275 0.006591
276 0.006136
277 0.006591
278 0.006136
279 0.006591
280 0.006136
281 0.006591
282 0.006136
283 0.006591
284 0.006136
285 0.006591
286 0.006136
287 0.006591
288 0.006136
289 0.006591
290 0.006136
291 0.006591
292 0.006136
293 0.006591
294 0.006136
295 0.006591
296 0.006136
297 0.006591
298 0.006136
299 0.006591
300 0.006136
