1 0.375682
2 0.417273
3 0.374318
4 0.419545
5 0.374318
6 0.418409
7 0.375000
8 0.420227
9 0.373636
10 0.421136
11 0.374545
12 0.419318
13 0.375000
14 0.419773
15 0.376364
16 0.419318
17 0.376364
18 0.418636
19 0.377045
20 0.419773
21 0.377273
22 0.420227
23 0.378636
24 0.419091
25 0.379091
26 0.418864
27 0.379091
28 0.419545
29 0.378864
30 0.418636
31 0.378636
32 0.419091
33 0.378409
34 0.420000
35 0.377955
36 0.419545
37 0.377955
38 0.418182
39 0.378636
40 0.419545
41 0.378409
42 0.419545
43 0.378409
44 0.420000
45 0.378409
46 0.419318
47 0.378182
48 0.418636
49 0.377727
50 0.419091
51 0.377273
52 0.419318
53 0.377500
54 0.418409
55 0.377500
56 0.418864
57 0.377727
58 0.419318
59 0.377727
60 0.420227
61 0.377500
62 0.420455
63 0.377273
64 0.420682
65 0.377045
66 0.420227
67 0.377045
68 0.419773
69 0.376818
70 0.419545
71 0.377045
72 0.420455
73 0.376818
74 0.421364
75 0.377273
76 0.421136
77 0.377273
78 0.421364
79 0.377500
80 0.421136
81 0.377500
82 0.420909
83 0.377955
84 0.420682
85 0.377727
86 0.420682
87 0.377273
88 0.420682
89 0.377273
90 0.420455
91 0.377273
92 0.420455
93 0.377273
94 0.420227
95 0.377500
96 0.420455
97 0.377273
98 0.420682
99 0.377727
100 0.420682
101 0.373636
102 0.410000
103 0.370227
104 0.404773
105 0.373409
106 0.402727
107 0.373409
108 0.400455
109 0.374545
110 0.400227
111 0.375682
112 0.397727
113 0.375227
114 0.397273
115 0.375227
116 0.396364
117 0.375909
118 0.395227
119 0.376818
120 0.394545
121 0.378182
122 0.394318
123 0.380227
124 0.392955
125 0.379091
126 0.392045
127 0.379545
128 0.392727
129 0.379318
130 0.392500
131 0.379091
132 0.393182
133 0.379545
134 0.391818
135 0.379773
136 0.391818
137 0.379318
138 0.391818
139 0.378864
140 0.392273
141 0.378409
142 0.392273
143 0.378864
144 0.391818
145 0.378864
146 0.391818
147 0.379091
148 0.392045
149 0.379545
150 0.391364
151 0.379091
152 0.391364
153 0.379545
154 0.391136
155 0.380000
156 0.391364
157 0.380455
158 0.390455
159 0.380455
160 0.390227
161 0.380455
162 0.389773
163 0.379773
164 0.388864
165 0.380227
166 0.388864
167 0.379318
168 0.388864
169 0.379773
170 0.389091
171 0.379545
172 0.388864
173 0.379318
174 0.388409
175 0.379318
176 0.387727
177 0.379318
178 0.387955
179 0.379773
180 0.387500
181 0.379545
182 0.387955
183 0.379318
184 0.387727
185 0.379318
186 0.387727
187 0.379773
188 0.387727
189 0.379773
190 0.387727
191 0.380227
192 0.387500
193 0.380000
194 0.387727
195 0.380455
196 0.387727
197 0.380227
198 0.388182
199 0.380682
200 0.388636
201 0.370682
202 0.381591
203 0.369318
204 0.379091
205 0.369091
206 0.377045
207 0.369773
208 0.377727
209 0.369091
210 0.375455
211 0.368636
212 0.372955
213 0.368409
214 0.370455
215 0.368864
216 0.370682
217 0.368636
218 0.371136
219 0.368636
220 0.371136
221 0.368182
222 0.370455
223 0.367727
224 0.370227
225 0.367727
226 0.370227
227 0.367955
228 0.370227
229 0.367500
230 0.369545
231 0.367273
232 0.369318
233 0.367500
234 0.369545
235 0.367727
236 0.369318
237 0.367727
238 0.369091
239 0.367955
240 0.369091
241 0.367500
242 0.369091
243 0.367500
244 0.368864
245 0.367727
246 0.368864
247 0.367727
248 0.368864
249 0.367955
250 0.369091
251 0.367955
252 0.369545
253 0.367955
254 0.369091
255 0.367727
256 0.369091
257 0.367727
258 0.369318
259 0.367955
260 0.369318
261 0.368182
262 0.369091
263 0.368182
264 0.368864
265 0.368182
266 0.369091
267 0.368182
268 0.368864
269 0.368182
270 0.368864
271 0.368182
272 0.368864
273 0.368182
274 0.368636
275 0.368409
276 0.368636
277 0.368409
278 0.368409
279 0.368409
280 0.368409
281 0.368409
282 0.368409
283 0.368409
284 0.368409
285 0.368409
286 0.368409
287 0.368409
288 0.368409
289 0.368409
290 0.368409
291 0.368409
292 0.368409
293 0.368409
294 0.368409
295 0.368409
296 0.368409
297 0.368409
298 0.368409
299 0.368409
300 0.368409
