1 0.002045
2 0.014545
3 0.002273
4 0.015455
5 0.002273
6 0.016591
7 0.002273
8 0.016364
9 0.002273
10 0.016364
11 0.002500
12 0.016591
13 0.002727
14 0.016591
15 0.002727
16 0.016591
17 0.002727
18 0.016591
19 0.002727
20 0.016591
21 0.002727
22 0.016591
23 0.002727
24 0.016591
25 0.002727
26 0.016591
27 0.002727
28 0.016591
29 0.002727
30 0.016591
31 0.002727
32 0.016591
33 0.002727
34 0.016591
35 0.002727
36 0.016591
37 0.002727
38 0.016591
39 0.002727
40 0.016591
41 0.002727
42 0.016591
43 0.002727
44 0.016591
45 0.002727
46 0.016591
47 0.002727
48 0.016591
49 0.002727
50 0.016591
51 0.002727
52 0.016591
53 0.002727
54 0.016591
55 0.002727
56 0.016591
57 0.002727
58 0.016591
59 0.002727
60 0.016591
61 0.002727
62 0.016591
63 0.002727
64 0.016591
65 0.002727
66 0.016591
67 0.002727
68 0.016591
69 0.002727
70 0.016591
71 0.002727
72 0.016591
73 0.002727
74 0.016591
75 0.002727
76 0.016591
77 0.002727
78 0.016591
79 0.002727
80 0.016591
81 0.002727
82 0.016591
83 0.002727
84 0.016591
85 0.002727
86 0.016591
87 0.002727
88 0.016591
89 0.002727
90 0.016591
91 0.002727
92 0.016591
93 0.002727
94 0.016591
95 0.002727
96 0.016591
97 0.002727
98 0.016591
99 0.002727
100 0.016591
101 0.001364
102 0.005000
103 0.001364
104 0.004091
105 0.001591
106 0.003636
107 0.001818
108 0.003636
109 0.001818
110 0.003636
111 0.002045
112 0.003636
113 0.002273
114 0.003636
115 0.002273
116 0.003636
117 0.002273
118 0.003636
119 0.002273
120 0.003409
121 0.002273
122 0.003409
123 0.002500
124 0.003409
125 0.002500
126 0.003409
127 0.002500
128 0.003409
129 0.002500
130 0.003409
131 0.002500
132 0.003636
133 0.002500
134 0.003636
135 0.002727
136 0.003409
137 0.002727
138 0.003182
139 0.002727
140 0.003182
141 0.002727
142 0.003182
143 0.002727
144 0.003182
145 0.002727
146 0.003182
147 0.002727
148 0.003182
149 0.002727
150 0.003182
151 0.002727
152 0.003182
153 0.002727
154 0.003182
155 0.002727
156 0.003182
157 0.002727
158 0.003182
159 0.002727
160 0.003182
161 0.002727
162 0.003182
163 0.002727
164 0.003182
165 0.002727
166 0.003182
167 0.002955
168 0.003182
169 0.002955
170 0.003182
171 0.002955
172 0.003182
173 0.002955
174 0.003182
175 0.002955
176 0.003182
177 0.002955
178 0.003182
179 0.002955
180 0.003182
181 0.002955
182 0.003182
183 0.002955
184 0.003182
185 0.002955
186 0.003182
187 0.002955
188 0.002955
189 0.002955
190 0.002955
191 0.002955
192 0.002955
193 0.002955
194 0.002955
195 0.002955
196 0.002955
197 0.002955
198 0.002955
199 0.002955
200 0.002955
201 0.001364
202 0.002045
203 0.001364
204 0.002045
205 0.001364
206 0.002045
207 0.001364
208 0.002045
209 0.001364
210 0.001818
211 0.001364
212 0.002045
213 0.001364
214 0.002273
215 0.001364
216 0.002273
217 0.001364
218 0.002273
219 0.001364
220 0.002045
221 0.001364
222 0.002045
223 0.001364
224 0.002045
225 0.001364
226 0.002045
227 0.001364
228 0.002045
229 0.001364
230 0.002045
231 0.001364
232 0.002045
233 0.001364
234 0.002045
235 0.001364
236 0.002045
237 0.001364
238 0.002045
239 0.001364
240 0.002045
241 0.001364
242 0.002045
243 0.001364
244 0.002045
245 0.001364
246 0.002045
247 0.001364
248 0.002045
249 0.001364
250 0.002045
251 0.001364
252 0.002045
253 0.001364
254 0.002045
255 0.001364
256 0.002045
257 0.001364
258 0.002045
259 0.001364
260 0.002045
261 0.001364
262 0.002045
263 0.001364
264 0.002045
265 0.001364
266 0.002045
267 0.001364
268 0.002045
269 0.001364
270 0.002045
271 0.001364
272 0.002045
273 0.001364
274 0.002045
275 0.001364
276 0.002045
277 0.001364
278 0.002045
279 0.001364
280 0.002045
281 0.001364
282 0.002045
283 0.001364
284 0.002045
285 0.001364
286 0.002045
287 0.001364
288 0.002045
289 0.001364
290 0.002045
291 0.001364
292 0.002045
293 0.001364
294 0.002045
295 0.001364
296 0.002045
297 0.001364
298 0.002045
299 0.001364
300 0.002045
