1 0.039318
2 0.130227
3 0.039773
4 0.134091
5 0.039091
6 0.135909
7 0.039091
8 0.136591
9 0.039091
10 0.136818
11 0.039318
12 0.137045
13 0.039318
14 0.137045
15 0.039318
16 0.137045
17 0.039545
18 0.137045
19 0.039773
20 0.137045
21 0.040909
22 0.137045
23 0.040909
24 0.136818
25 0.040909
26 0.136818
27 0.040909
28 0.136818
29 0.041136
30 0.136818
31 0.041136
32 0.136818
33 0.041136
34 0.136818
35 0.041136
36 0.136818
37 0.041136
38 0.136818
39 0.041591
40 0.136818
41 0.041591
42 0.137045
43 0.041591
44 0.137045
45 0.041591
46 0.137045
47 0.041591
48 0.137045
49 0.041591
50 0.137045
51 0.041591
52 0.137045
53 0.041591
54 0.137045
55 0.041591
56 0.137045
57 0.041591
58 0.137045
59 0.041591
60 0.137045
61 0.041591
62 0.137045
63 0.041591
64 0.137045
65 0.041591
66 0.137045
67 0.041591
68 0.137045
69 0.041591
70 0.137045
71 0.041591
72 0.137045
73 0.041591
74 0.137045
75 0.041591
76 0.137045
77 0.041591
78 0.137045
79 0.041591
80 0.137045
81 0.041591
82 0.137045
83 0.041591
84 0.137045
85 0.041591
86 0.137045
87 0.041591
88 0.137045
89 0.041591
90 0.137045
91 0.041591
92 0.137045
93 0.041591
94 0.137045
95 0.041591
96 0.137045
97 0.041591
98 0.137045
99 0.041591
100 0.137045
101 0.029545
102 0.069318
103 0.028409
104 0.061364
105 0.028409
106 0.057045
107 0.027955
108 0.055227
109 0.028864
110 0.053409
111 0.029091
112 0.052273
113 0.029318
114 0.051818
115 0.029318
116 0.051364
117 0.029318
118 0.050909
119 0.029545
120 0.051136
121 0.029545
122 0.051364
123 0.029545
124 0.051364
125 0.029318
126 0.051364
127 0.029318
128 0.051364
129 0.029091
130 0.051591
131 0.029091
132 0.051364
133 0.029318
134 0.051364
135 0.029318
136 0.051136
137 0.029318
138 0.050909
139 0.029318
140 0.050909
141 0.029318
142 0.050909
143 0.029545
144 0.050909
145 0.029318
146 0.050909
147 0.029318
148 0.050909
149 0.029545
150 0.050682
151 0.029545
152 0.050682
153 0.029545
154 0.050682
155 0.029545
156 0.050682
157 0.029545
158 0.050682
159 0.029545
160 0.050682
161 0.029545
162 0.050682
163 0.029318
164 0.050682
165 0.029318
166 0.050682
167 0.029318
168 0.050682
169 0.029318
170 0.050682
171 0.029318
172 0.050682
173 0.029318
174 0.050682
175 0.029091
176 0.050682
177 0.029091
178 0.050682
179 0.029091
180 0.050455
181 0.029091
182 0.050455
183 0.029091
184 0.050455
185 0.029091
186 0.050455
187 0.029091
188 0.050455
189 0.029091
190 0.050455
191 0.029091
192 0.050455
193 0.029091
194 0.050455
195 0.029091
196 0.050455
197 0.029091
198 0.050455
199 0.029091
200 0.050455
201 0.027045
202 0.040455
203 0.026591
204 0.037727
205 0.026591
206 0.036364
207 0.026591
208 0.035455
209 0.026591
210 0.036136
211 0.026364
212 0.035227
213 0.026591
214 0.035227
215 0.026364
216 0.034773
217 0.026364
218 0.034545
219 0.025909
220 0.034773
221 0.026136
222 0.034091
223 0.026364
224 0.034091
225 0.026364
226 0.033864
227 0.026364
228 0.033636
229 0.026364
230 0.033864
231 0.026364
232 0.033636
233 0.026364
234 0.033182
235 0.026364
236 0.032955
237 0.026364
238 0.032955
239 0.026364
240 0.032955
241 0.026364
242 0.032955
243 0.026364
244 0.032955
245 0.026364
246 0.032727
247 0.026364
248 0.032955
249 0.026364
250 0.032955
251 0.026364
252 0.033182
253 0.026364
254 0.033182
255 0.026364
256 0.033182
257 0.026364
258 0.033182
259 0.026364
260 0.033182
261 0.026364
262 0.033182
263 0.026364
264 0.033182
265 0.026591
266 0.032955
267 0.026591
268 0.032955
269 0.026591
270 0.032955
271 0.026591
272 0.032727
273 0.026591
274 0.032727
275 0.026818
276 0.032727
277 0.026818
278 0.032727
279 0.026818
280 0.032727
281 0.026818
282 0.032727
283 0.026818
284 0.032727
285 0.026818
286 0.032727
287 0.026818
288 0.032727
289 0.026818
290 0.032955
291 0.026818
292 0.032955
293 0.026818
294 0.032955
295 0.026818
296 0.032955
297 0.026818
298 0.032955
299 0.026818
300 0.032955
