1 2.003079e-01
2 2.020335e-01
3 2.015001e-01
4 2.014966e-01
5 2.014972e-01
6 2.014972e-01
7 2.014972e-01
8 2.014972e-01
9 2.014972e-01
10 2.014972e-01
11 2.014972e-01
12 2.014972e-01
13 2.014972e-01
14 2.014972e-01
15 2.014972e-01
16 2.014972e-01
17 2.014972e-01
18 2.014972e-01
19 2.014972e-01
20 2.014972e-01
21 2.014972e-01
22 2.014972e-01
23 2.014972e-01
24 2.014972e-01
25 2.014972e-01
26 2.014972e-01
27 2.014972e-01
28 2.014972e-01
29 2.014972e-01
30 2.014972e-01
31 2.014972e-01
32 2.014972e-01
33 2.014972e-01
34 2.014972e-01
35 2.014972e-01
36 2.014972e-01
37 2.014972e-01
38 2.014972e-01
39 2.014972e-01
40 2.014972e-01
41 2.014972e-01
42 2.014972e-01
43 2.014972e-01
44 2.014972e-01
45 2.014972e-01
46 2.014972e-01
47 2.014972e-01
48 2.014972e-01
49 2.014972e-01
50 2.014972e-01
51 2.014972e-01
52 2.014972e-01
53 2.014972e-01
54 2.014972e-01
55 2.014972e-01
56 2.014972e-01
57 2.014972e-01
58 2.014972e-01
59 2.014972e-01
60 2.014972e-01
61 2.014972e-01
62 2.014972e-01
63 2.014972e-01
64 2.014972e-01
65 2.014972e-01
66 2.014972e-01
67 2.014972e-01
68 2.014972e-01
69 2.014972e-01
70 2.014972e-01
71 2.014972e-01
72 2.014972e-01
73 2.014972e-01
74 2.014972e-01
75 2.014972e-01
76 2.014972e-01
77 2.014972e-01
78 2.014972e-01
79 2.014972e-01
80 2.014972e-01
81 2.014972e-01
82 2.014972e-01
83 2.014972e-01
84 2.014972e-01
85 2.014972e-01
86 2.014972e-01
87 2.014972e-01
88 2.014972e-01
89 2.014972e-01
90 2.014972e-01
91 2.014972e-01
92 2.014972e-01
93 2.014972e-01
94 2.014972e-01
95 2.014972e-01
96 2.014972e-01
97 2.014972e-01
98 2.014972e-01
99 2.014972e-01
100 2.014972e-01
101 2.214951e-01
102 2.294494e-01
103 2.303543e-01
104 2.304718e-01
105 2.304885e-01
106 2.304910e-01
107 2.304913e-01
108 2.304914e-01
109 2.304914e-01
110 2.304914e-01
111 2.304914e-01
112 2.304914e-01
113 2.304914e-01
114 2.304914e-01
115 2.304914e-01
116 2.304914e-01
117 2.304914e-01
118 2.304914e-01
119 2.304914e-01
120 2.304914e-01
121 2.304914e-01
122 2.304914e-01
123 2.304914e-01
124 2.304914e-01
125 2.304914e-01
126 2.304914e-01
127 2.304914e-01
128 2.304914e-01
129 2.304914e-01
130 2.304914e-01
131 2.304914e-01
132 2.304914e-01
133 2.304914e-01
134 2.304914e-01
135 2.304914e-01
136 2.304914e-01
137 2.304914e-01
138 2.304914e-01
139 2.304914e-01
140 2.304914e-01
141 2.304914e-01
142 2.304914e-01
143 2.304914e-01
144 2.304914e-01
145 2.304914e-01
146 2.304914e-01
147 2.304914e-01
148 2.304914e-01
149 2.304914e-01
150 2.304914e-01
151 2.304914e-01
152 2.304914e-01
153 2.304914e-01
154 2.304914e-01
155 2.304914e-01
156 2.304914e-01
157 2.304914e-01
158 2.304914e-01
159 2.304914e-01
160 2.304914e-01
161 2.304914e-01
162 2.304914e-01
163 2.304914e-01
164 2.304914e-01
165 2.304914e-01
166 2.304914e-01
167 2.304914e-01
168 2.304914e-01
169 2.304914e-01
170 2.304914e-01
171 2.304914e-01
172 2.304914e-01
173 2.304914e-01
174 2.304914e-01
175 2.304914e-01
176 2.304914e-01
177 2.304914e-01
178 2.304914e-01
179 2.304914e-01
180 2.304914e-01
181 2.304914e-01
182 2.304914e-01
183 2.304914e-01
184 2.304914e-01
185 2.304914e-01
186 2.304914e-01
187 2.304914e-01
188 2.304914e-01
189 2.304914e-01
190 2.304914e-01
191 2.304914e-01
192 2.304914e-01
193 2.304914e-01
194 2.304914e-01
195 2.304914e-01
196 2.304914e-01
197 2.304914e-01
198 2.304914e-01
199 2.304914e-01
200 2.304914e-01
201 2.203428e-01
202 2.236266e-01
203 2.242185e-01
204 2.243137e-01
205 2.243291e-01
206 2.243316e-01
207 2.243320e-01
208 2.243321e-01
209 2.243321e-01
210 2.243321e-01
211 2.243321e-01
212 2.243321e-01
213 2.243321e-01
214 2.243321e-01
215 2.243321e-01
216 2.243321e-01
217 2.243321e-01
218 2.243321e-01
219 2.243321e-01
220 2.243321e-01
221 2.243321e-01
222 2.243321e-01
223 2.243321e-01
224 2.243321e-01
225 2.243321e-01
226 2.243321e-01
227 2.243321e-01
228 2.243321e-01
229 2.243321e-01
230 2.243321e-01
231 2.243321e-01
232 2.243321e-01
233 2.243321e-01
234 2.243321e-01
235 2.243321e-01
236 2.243321e-01
237 2.243321e-01
238 2.243321e-01
239 2.243321e-01
240 2.243321e-01
241 2.243321e-01
242 2.243321e-01
243 2.243321e-01
244 2.243321e-01
245 2.243321e-01
246 2.243321e-01
247 2.243321e-01
248 2.243321e-01
249 2.243321e-01
250 2.243321e-01
251 2.243321e-01
252 2.243321e-01
253 2.243321e-01
254 2.243321e-01
255 2.243321e-01
256 2.243321e-01
257 2.243321e-01
258 2.243321e-01
259 2.243321e-01
260 2.243321e-01
261 2.243321e-01
262 2.243321e-01
263 2.243321e-01
264 2.243321e-01
265 2.243321e-01
266 2.243321e-01
267 2.243321e-01
268 2.243321e-01
269 2.243321e-01
270 2.243321e-01
271 2.243321e-01
272 2.243321e-01
273 2.243321e-01
274 2.243321e-01
275 2.243321e-01
276 2.243321e-01
277 2.243321e-01
278 2.243321e-01
279 2.243321e-01
280 2.243321e-01
281 2.243321e-01
282 2.243321e-01
283 2.243321e-01
284 2.243321e-01
285 2.243321e-01
286 2.243321e-01
287 2.243321e-01
288 2.243321e-01
289 2.243321e-01
290 2.243321e-01
291 2.243321e-01
292 2.243321e-01
293 2.243321e-01
294 2.243321e-01
295 2.243321e-01
296 2.243321e-01
297 2.243321e-01
298 2.243321e-01
299 2.243321e-01
300 2.243321e-01
