1 1.055142e-01
2 1.066681e-01
3 1.062853e-01
4 1.062817e-01
5 1.062823e-01
6 1.062823e-01
7 1.062823e-01
8 1.062823e-01
9 1.062823e-01
10 1.062823e-01
11 1.062823e-01
12 1.062823e-01
13 1.062823e-01
14 1.062823e-01
15 1.062823e-01
16 1.062823e-01
17 1.062823e-01
18 1.062823e-01
19 1.062823e-01
20 1.062823e-01
21 1.062823e-01
22 1.062823e-01
23 1.062823e-01
24 1.062823e-01
25 1.062823e-01
26 1.062823e-01
27 1.062823e-01
28 1.062823e-01
29 1.062823e-01
30 1.062823e-01
31 1.062823e-01
32 1.062823e-01
33 1.062823e-01
34 1.062823e-01
35 1.062823e-01
36 1.062823e-01
37 1.062823e-01
38 1.062823e-01
39 1.062823e-01
40 1.062823e-01
41 1.062823e-01
42 1.062823e-01
43 1.062823e-01
44 1.062823e-01
45 1.062823e-01
46 1.062823e-01
47 1.062823e-01
48 1.062823e-01
49 1.062823e-01
50 1.062823e-01
51 1.062823e-01
52 1.062823e-01
53 1.062823e-01
54 1.062823e-01
55 1.062823e-01
56 1.062823e-01
57 1.062823e-01
58 1.062823e-01
59 1.062823e-01
60 1.062823e-01
61 1.062823e-01
62 1.062823e-01
63 1.062823e-01
64 1.062823e-01
65 1.062823e-01
66 1.062823e-01
67 1.062823e-01
68 1.062823e-01
69 1.062823e-01
70 1.062823e-01
71 1.062823e-01
72 1.062823e-01
73 1.062823e-01
74 1.062823e-01
75 1.062823e-01
76 1.062823e-01
77 1.062823e-01
78 1.062823e-01
79 1.062823e-01
80 1.062823e-01
81 1.062823e-01
82 1.062823e-01
83 1.062823e-01
84 1.062823e-01
85 1.062823e-01
86 1.062823e-01
87 1.062823e-01
88 1.062823e-01
89 1.062823e-01
90 1.062823e-01
91 1.062823e-01
92 1.062823e-01
93 1.062823e-01
94 1.062823e-01
95 1.062823e-01
96 1.062823e-01
97 1.062823e-01
98 1.062823e-01
99 1.062823e-01
100 1.062823e-01
101 7.936816e-02
102 7.994436e-02
103 7.998460e-02
104 7.998950e-02
105 7.998994e-02
106 7.998998e-02
107 7.998998e-02
108 7.998998e-02
109 7.998998e-02
110 7.998998e-02
111 7.998998e-02
112 7.998998e-02
113 7.998998e-02
114 7.998998e-02
115 7.998998e-02
116 7.998998e-02
117 7.998998e-02
118 7.998998e-02
119 7.998998e-02
120 7.998998e-02
121 7.998998e-02
122 7.998998e-02
123 7.998998e-02
124 7.998998e-02
125 7.998998e-02
126 7.998998e-02
127 7.998998e-02
128 7.998998e-02
129 7.998998e-02
130 7.998998e-02
131 7.998998e-02
132 7.998998e-02
133 7.998998e-02
134 7.998998e-02
135 7.998998e-02
136 7.998998e-02
137 7.998998e-02
138 7.998998e-02
139 7.998998e-02
140 7.998998e-02
141 7.998998e-02
142 7.998998e-02
143 7.998998e-02
144 7.998998e-02
145 7.998998e-02
146 7.998998e-02
147 7.998998e-02
148 7.998998e-02
149 7.998998e-02
150 7.998998e-02
151 7.998998e-02
152 7.998998e-02
153 7.998998e-02
154 7.998998e-02
155 7.998998e-02
156 7.998998e-02
157 7.998998e-02
158 7.998998e-02
159 7.998998e-02
160 7.998998e-02
161 7.998998e-02
162 7.998998e-02
163 7.998998e-02
164 7.998998e-02
165 7.998998e-02
166 7.998998e-02
167 7.998998e-02
168 7.998998e-02
169 7.998998e-02
170 7.998998e-02
171 7.998998e-02
172 7.998998e-02
173 7.998998e-02
174 7.998998e-02
175 7.998998e-02
176 7.998998e-02
177 7.998998e-02
178 7.998998e-02
179 7.998998e-02
180 7.998998e-02
181 7.998998e-02
182 7.998998e-02
183 7.998998e-02
184 7.998998e-02
185 7.998998e-02
186 7.998998e-02
187 7.998998e-02
188 7.998998e-02
189 7.998998e-02
190 7.998998e-02
191 7.998998e-02
192 7.998998e-02
193 7.998998e-02
194 7.998998e-02
195 7.998998e-02
196 7.998998e-02
197 7.998998e-02
198 7.998998e-02
199 7.998998e-02
200 7.998998e-02
201 6.872772e-02
202 6.872122e-02
203 6.872796e-02
204 6.872785e-02
205 6.872783e-02
206 6.872783e-02
207 6.872783e-02
208 6.872783e-02
209 6.872783e-02
210 6.872783e-02
211 6.872783e-02
212 6.872783e-02
213 6.872783e-02
214 6.872783e-02
215 6.872783e-02
216 6.872783e-02
217 6.872783e-02
218 6.872783e-02
219 6.872783e-02
220 6.872783e-02
221 6.872783e-02
222 6.872783e-02
223 6.872783e-02
224 6.872783e-02
225 6.872783e-02
226 6.872783e-02
227 6.872783e-02
228 6.872783e-02
229 6.872783e-02
230 6.872783e-02
231 6.872783e-02
232 6.872783e-02
233 6.872783e-02
234 6.872783e-02
235 6.872783e-02
236 6.872783e-02
237 6.872783e-02
238 6.872783e-02
239 6.872783e-02
240 6.872783e-02
241 6.872783e-02
242 6.872783e-02
243 6.872783e-02
244 6.872783e-02
245 6.872783e-02
246 6.872783e-02
247 6.872783e-02
248 6.872783e-02
249 6.872783e-02
250 6.872783e-02
251 6.872783e-02
252 6.872783e-02
253 6.872783e-02
254 6.872783e-02
255 6.872783e-02
256 6.872783e-02
257 6.872783e-02
258 6.872783e-02
259 6.872783e-02
260 6.872783e-02
261 6.872783e-02
262 6.872783e-02
263 6.872783e-02
264 6.872783e-02
265 6.872783e-02
266 6.872783e-02
267 6.872783e-02
268 6.872783e-02
269 6.872783e-02
270 6.872783e-02
271 6.872783e-02
272 6.872783e-02
273 6.872783e-02
274 6.872783e-02
275 6.872783e-02
276 6.872783e-02
277 6.872783e-02
278 6.872783e-02
279 6.872783e-02
280 6.872783e-02
281 6.872783e-02
282 6.872783e-02
283 6.872783e-02
284 6.872783e-02
285 6.872783e-02
286 6.872783e-02
287 6.872783e-02
288 6.872783e-02
289 6.872783e-02
290 6.872783e-02
291 6.872783e-02
292 6.872783e-02
293 6.872783e-02
294 6.872783e-02
295 6.872783e-02
296 6.872783e-02
297 6.872783e-02
298 6.872783e-02
299 6.872783e-02
300 6.872783e-02
