1 3.736729e-02
2 3.665996e-02
3 3.669932e-02
4 3.670123e-02
5 3.670113e-02
6 3.670114e-02
7 3.670113e-02
8 3.670113e-02
9 3.670113e-02
10 3.670113e-02
11 3.670113e-02
12 3.670113e-02
13 3.670113e-02
14 3.670113e-02
15 3.670113e-02
16 3.670113e-02
17 3.670113e-02
18 3.670113e-02
19 3.670113e-02
20 3.670113e-02
21 3.670113e-02
22 3.670113e-02
23 3.670113e-02
24 3.670113e-02
25 3.670113e-02
26 3.670113e-02
27 3.670113e-02
28 3.670113e-02
29 3.670113e-02
30 3.670113e-02
31 3.670113e-02
32 3.670113e-02
33 3.670113e-02
34 3.670113e-02
35 3.670113e-02
36 3.670113e-02
37 3.670113e-02
38 3.670113e-02
39 3.670113e-02
40 3.670113e-02
41 3.670113e-02
42 3.670113e-02
43 3.670113e-02
44 3.670113e-02
45 3.670113e-02
46 3.670113e-02
47 3.670113e-02
48 3.670113e-02
49 3.670113e-02
50 3.670113e-02
51 3.670113e-02
52 3.670113e-02
53 3.670113e-02
54 3.670113e-02
55 3.670113e-02
56 3.670113e-02
57 3.670113e-02
58 3.670113e-02
59 3.670113e-02
60 3.670113e-02
61 3.670113e-02
62 3.670113e-02
63 3.670113e-02
64 3.670113e-02
65 3.670113e-02
66 3.670113e-02
67 3.670113e-02
68 3.670113e-02
69 3.670113e-02
70 3.670113e-02
71 3.670113e-02
72 3.670113e-02
73 3.670113e-02
74 3.670113e-02
75 3.670113e-02
76 3.670113e-02
77 3.670113e-02
78 3.670113e-02
79 3.670113e-02
80 3.670113e-02
81 3.670113e-02
82 3.670113e-02
83 3.670113e-02
84 3.670113e-02
85 3.670113e-02
86 3.670113e-02
87 3.670113e-02
88 3.670113e-02
89 3.670113e-02
90 3.670113e-02
91 3.670113e-02
92 3.670113e-02
93 3.670113e-02
94 3.670113e-02
95 3.670113e-02
96 3.670113e-02
97 3.670113e-02
98 3.670113e-02
99 3.670113e-02
100 3.670113e-02
101 1.724691e-02
102 1.719689e-02
103 1.719628e-02
104 1.719634e-02
105 1.719633e-02
106 1.719633e-02
107 1.719633e-02
108 1.719633e-02
109 1.719633e-02
110 1.719633e-02
111 1.719633e-02
112 1.719633e-02
113 1.719633e-02
114 1.719633e-02
115 1.719633e-02
116 1.719633e-02
117 1.719633e-02
118 1.719633e-02
119 1.719633e-02
120 1.719633e-02
121 1.719633e-02
122 1.719633e-02
123 1.719633e-02
124 1.719633e-02
125 1.719633e-02
126 1.719633e-02
127 1.719633e-02
128 1.719633e-02
129 1.719633e-02
130 1.719633e-02
131 1.719633e-02
132 1.719633e-02
133 1.719633e-02
134 1.719633e-02
135 1.719633e-02
136 1.719633e-02
137 1.719633e-02
138 1.719633e-02
139 1.719633e-02
140 1.719633e-02
141 1.719633e-02
142 1.719633e-02
143 1.719633e-02
144 1.719633e-02
145 1.719633e-02
146 1.719633e-02
147 1.719633e-02
148 1.719633e-02
149 1.719633e-02
150 1.719633e-02
151 1.719633e-02
152 1.719633e-02
153 1.719633e-02
154 1.719633e-02
155 1.719633e-02
156 1.719633e-02
157 1.719633e-02
158 1.719633e-02
159 1.719633e-02
160 1.719633e-02
161 1.719633e-02
162 1.719633e-02
163 1.719633e-02
164 1.719633e-02
165 1.719633e-02
166 1.719633e-02
167 1.719633e-02
168 1.719633e-02
169 1.719633e-02
170 1.719633e-02
171 1.719633e-02
172 1.719633e-02
173 1.719633e-02
174 1.719633e-02
175 1.719633e-02
176 1.719633e-02
177 1.719633e-02
178 1.719633e-02
179 1.719633e-02
180 1.719633e-02
181 1.719633e-02
182 1.719633e-02
183 1.719633e-02
184 1.719633e-02
185 1.719633e-02
186 1.719633e-02
187 1.719633e-02
188 1.719633e-02
189 1.719633e-02
190 1.719633e-02
191 1.719633e-02
192 1.719633e-02
193 1.719633e-02
194 1.719633e-02
195 1.719633e-02
196 1.719633e-02
197 1.719633e-02
198 1.719633e-02
199 1.719633e-02
200 1.719633e-02
201 1.710419e-02
202 1.710491e-02
203 1.710498e-02
204 1.710497e-02
205 1.710497e-02
206 1.710497e-02
207 1.710497e-02
208 1.710497e-02
209 1.710497e-02
210 1.710497e-02
211 1.710497e-02
212 1.710497e-02
213 1.710497e-02
214 1.710497e-02
215 1.710497e-02
216 1.710497e-02
217 1.710497e-02
218 1.710497e-02
219 1.710497e-02
220 1.710497e-02
221 1.710497e-02
222 1.710497e-02
223 1.710497e-02
224 1.710497e-02
225 1.710497e-02
226 1.710497e-02
227 1.710497e-02
228 1.710497e-02
229 1.710497e-02
230 1.710497e-02
231 1.710497e-02
232 1.710497e-02
233 1.710497e-02
234 1.710497e-02
235 1.710497e-02
236 1.710497e-02
237 1.710497e-02
238 1.710497e-02
239 1.710497e-02
240 1.710497e-02
241 1.710497e-02
242 1.710497e-02
243 1.710497e-02
244 1.710497e-02
245 1.710497e-02
246 1.710497e-02
247 1.710497e-02
248 1.710497e-02
249 1.710497e-02
250 1.710497e-02
251 1.710497e-02
252 1.710497e-02
253 1.710497e-02
254 1.710497e-02
255 1.710497e-02
256 1.710497e-02
257 1.710497e-02
258 1.710497e-02
259 1.710497e-02
260 1.710497e-02
261 1.710497e-02
262 1.710497e-02
263 1.710497e-02
264 1.710497e-02
265 1.710497e-02
266 1.710497e-02
267 1.710497e-02
268 1.710497e-02
269 1.710497e-02
270 1.710497e-02
271 1.710497e-02
272 1.710497e-02
273 1.710497e-02
274 1.710497e-02
275 1.710497e-02
276 1.710497e-02
277 1.710497e-02
278 1.710497e-02
279 1.710497e-02
280 1.710497e-02
281 1.710497e-02
282 1.710497e-02
283 1.710497e-02
284 1.710497e-02
285 1.710497e-02
286 1.710497e-02
287 1.710497e-02
288 1.710497e-02
289 1.710497e-02
290 1.710497e-02
291 1.710497e-02
292 1.710497e-02
293 1.710497e-02
294 1.710497e-02
295 1.710497e-02
296 1.710497e-02
297 1.710497e-02
298 1.710497e-02
299 1.710497e-02
300 1.710497e-02
