1 0.723473
2 0.702863
3 0.703079
4 0.703733
5 0.703781
6 0.703766
7 0.703761
8 0.703761
9 0.703762
10 0.703762
11 0.703762
12 0.703762
13 0.703762
14 0.703762
15 0.703762
16 0.703762
17 0.703762
18 0.703762
19 0.703762
20 0.703762
21 0.703762
22 0.703762
23 0.703762
24 0.703762
25 0.703762
26 0.703762
27 0.703762
28 0.703762
29 0.703762
30 0.703762
31 0.698164
32 0.688590
33 0.689617
34 0.689349
35 0.689482
36 0.689421
37 0.689444
38 0.689431
39 0.689437
40 0.689434
41 0.689436
42 0.689435
43 0.689436
44 0.689435
45 0.689435
46 0.689435
47 0.689435
48 0.689435
49 0.689435
50 0.689435
51 0.689435
52 0.689435
53 0.689435
54 0.689435
55 0.689435
56 0.689435
57 0.689435
58 0.689435
59 0.689435
60 0.689435
61 0.686254
62 0.682293
63 0.683290
64 0.683427
65 0.683403
66 0.683388
67 0.683391
68 0.683390
69 0.683390
70 0.683390
71 0.683390
72 0.683390
73 0.683390
74 0.683390
75 0.683390
76 0.683390
77 0.683390
78 0.683390
79 0.683390
80 0.683390
81 0.683390
82 0.683390
83 0.683390
84 0.683390
85 0.683390
86 0.683390
87 0.683390
88 0.683390
89 0.683390
90 0.683390
