1 0.039167
2 0.148542
3 0.039792
4 0.155625
5 0.040625
6 0.156458
7 0.042917
8 0.157708
9 0.043750
10 0.158125
11 0.043958
12 0.158125
13 0.044375
14 0.158333
15 0.044375
16 0.158542
17 0.045000
18 0.158542
19 0.045417
20 0.158542
21 0.045833
22 0.158542
23 0.045833
24 0.158750
25 0.046042
26 0.158958
27 0.046458
28 0.158958
29 0.046458
30 0.158958
31 0.046458
32 0.158958
33 0.046458
34 0.158958
35 0.046458
36 0.158750
37 0.046458
38 0.158750
39 0.046667
40 0.158750
41 0.046667
42 0.158750
43 0.046667
44 0.158750
45 0.046667
46 0.158750
47 0.046667
48 0.158750
49 0.046458
50 0.158750
51 0.046458
52 0.158750
53 0.046458
54 0.158750
55 0.046458
56 0.158750
57 0.046667
58 0.158750
59 0.046875
60 0.158750
61 0.046875
62 0.158750
63 0.046875
64 0.158750
65 0.046875
66 0.158750
67 0.046875
68 0.158750
69 0.046875
70 0.158750
71 0.046875
72 0.158750
73 0.046875
74 0.158750
75 0.046875
76 0.158750
77 0.046875
78 0.158750
79 0.046875
80 0.158750
81 0.046875
82 0.158750
83 0.046875
84 0.158750
85 0.046875
86 0.158750
87 0.046875
88 0.158750
89 0.046875
90 0.158750
91 0.046875
92 0.158750
93 0.046875
94 0.158750
95 0.046875
96 0.158750
97 0.046875
98 0.158750
99 0.046875
100 0.158750
101 0.026042
102 0.068750
103 0.027917
104 0.062292
105 0.027708
106 0.059792
107 0.027917
108 0.058333
109 0.027708
110 0.057292
111 0.027500
112 0.056667
113 0.027917
114 0.055208
115 0.028125
116 0.055208
117 0.028542
118 0.054583
119 0.028333
120 0.054375
121 0.028333
122 0.054583
123 0.028333
124 0.054375
125 0.028333
126 0.054583
127 0.028125
128 0.054375
129 0.028333
130 0.054167
131 0.028125
132 0.054167
133 0.028125
134 0.053958
135 0.028542
136 0.053958
137 0.028750
138 0.053958
139 0.028542
140 0.053750
141 0.028542
142 0.053750
143 0.028958
144 0.053750
145 0.029167
146 0.053750
147 0.029167
148 0.053750
149 0.029583
150 0.053750
151 0.029583
152 0.053750
153 0.029583
154 0.053750
155 0.029583
156 0.053750
157 0.029375
158 0.053333
159 0.029375
160 0.053333
161 0.029375
162 0.053333
163 0.029375
164 0.053333
165 0.029375
166 0.053333
167 0.029375
168 0.053125
169 0.029375
170 0.053125
171 0.029375
172 0.053125
173 0.029375
174 0.053125
175 0.029375
176 0.053125
177 0.029375
178 0.053125
179 0.029375
180 0.052917
181 0.029375
182 0.052917
183 0.029583
184 0.052917
185 0.029583
186 0.052917
187 0.029583
188 0.052917
189 0.029583
190 0.052917
191 0.029583
192 0.052917
193 0.029583
194 0.052917
195 0.029583
196 0.052917
197 0.029583
198 0.052917
199 0.029583
200 0.052917
201 0.025208
202 0.043958
203 0.025625
204 0.041667
205 0.025417
206 0.041042
207 0.025000
208 0.039167
209 0.025000
210 0.038333
211 0.024792
212 0.038333
213 0.024583
214 0.037708
215 0.024375
216 0.037083
217 0.024375
218 0.036875
219 0.024375
220 0.036458
221 0.024375
222 0.036042
223 0.024167
224 0.035833
225 0.024167
226 0.035833
227 0.024167
228 0.035625
229 0.024167
230 0.035625
231 0.024375
232 0.035625
233 0.024375
234 0.035833
235 0.024375
236 0.035625
237 0.024375
238 0.035625
239 0.024375
240 0.035625
241 0.024375
242 0.035625
243 0.024375
244 0.035417
245 0.024375
246 0.035208
247 0.024375
248 0.035208
249 0.024375
250 0.035208
251 0.024583
252 0.035208
253 0.024375
254 0.035208
255 0.024375
256 0.035208
257 0.024375
258 0.035208
259 0.024375
260 0.035000
261 0.024375
262 0.035000
263 0.024375
264 0.035000
265 0.024375
266 0.035000
267 0.024583
268 0.035000
269 0.024583
270 0.035000
271 0.024375
272 0.035000
273 0.024375
274 0.035000
275 0.024167
276 0.035000
277 0.024167
278 0.035000
279 0.024167
280 0.035000
281 0.024167
282 0.035000
283 0.024167
284 0.035000
285 0.024167
286 0.035000
287 0.024167
288 0.035000
289 0.024167
290 0.035000
291 0.024167
292 0.035000
293 0.024167
294 0.035000
295 0.024167
296 0.035000
297 0.024167
298 0.035000
299 0.024167
300 0.035000
