1 0.293333
2 0.489792
3 0.293958
4 0.492917
5 0.294583
6 0.492500
7 0.293750
8 0.494375
9 0.294167
10 0.494167
11 0.294583
12 0.494375
13 0.295000
14 0.495000
15 0.294792
16 0.494375
17 0.294583
18 0.494583
19 0.294375
20 0.494375
21 0.294583
22 0.494583
23 0.294792
24 0.494375
25 0.294792
26 0.493958
27 0.295000
28 0.493958
29 0.295000
30 0.493958
31 0.294792
32 0.494167
33 0.295208
34 0.493750
35 0.295208
36 0.493750
37 0.295000
38 0.493750
39 0.295000
40 0.493750
41 0.295000
42 0.493958
43 0.295833
44 0.493958
45 0.296250
46 0.493958
47 0.296250
48 0.493958
49 0.296458
50 0.493750
51 0.296250
52 0.493750
53 0.296458
54 0.493750
55 0.296458
56 0.493750
57 0.296458
58 0.493750
59 0.296667
60 0.493750
61 0.296875
62 0.493542
63 0.296875
64 0.493542
65 0.297083
66 0.493542
67 0.297083
68 0.493750
69 0.297500
70 0.493750
71 0.297500
72 0.493958
73 0.297500
74 0.493958
75 0.297708
76 0.493958
77 0.297708
78 0.493958
79 0.297917
80 0.493958
81 0.297917
82 0.493958
83 0.297917
84 0.493958
85 0.297917
86 0.493750
87 0.297917
88 0.493750
89 0.297917
90 0.493958
91 0.297917
92 0.493958
93 0.297708
94 0.493958
95 0.297708
96 0.493958
97 0.297917
98 0.493958
99 0.297917
100 0.493958
101 0.330625
102 0.445417
103 0.331250
104 0.433542
105 0.333542
106 0.428750
107 0.331458
108 0.425417
109 0.334583
110 0.419792
111 0.337708
112 0.418958
113 0.341042
114 0.416667
115 0.342917
116 0.416250
117 0.343542
118 0.417292
119 0.342292
120 0.417083
121 0.343125
122 0.416875
123 0.343125
124 0.416667
125 0.343333
126 0.417292
127 0.343958
128 0.418333
129 0.344583
130 0.418750
131 0.345000
132 0.419375
133 0.345417
134 0.419167
135 0.345833
136 0.418333
137 0.345417
138 0.418333
139 0.346042
140 0.418333
141 0.346042
142 0.417917
143 0.346458
144 0.417917
145 0.346875
146 0.417917
147 0.346458
148 0.417500
149 0.346458
150 0.417500
151 0.346458
152 0.417708
153 0.347083
154 0.417083
155 0.347083
156 0.416875
157 0.347083
158 0.417083
159 0.346875
160 0.416458
161 0.346667
162 0.416250
163 0.346667
164 0.416250
165 0.347083
166 0.416042
167 0.347083
168 0.416250
169 0.347292
170 0.416042
171 0.347500
172 0.416250
173 0.347500
174 0.416250
175 0.347917
176 0.416042
177 0.347917
178 0.415833
179 0.347917
180 0.415417
181 0.348125
182 0.415417
183 0.348333
184 0.415625
185 0.348333
186 0.415208
187 0.348542
188 0.415000
189 0.348542
190 0.415208
191 0.348542
192 0.415208
193 0.348542
194 0.415417
195 0.348542
196 0.415417
197 0.348542
198 0.415417
199 0.348542
200 0.415417
201 0.304792
202 0.396042
203 0.309375
204 0.392500
205 0.309792
206 0.391458
207 0.312083
208 0.388333
209 0.313542
210 0.387500
211 0.313542
212 0.387917
213 0.314792
214 0.387917
215 0.316667
216 0.386875
217 0.316667
218 0.386458
219 0.317083
220 0.386875
221 0.317083
222 0.384375
223 0.317292
224 0.383542
225 0.318333
226 0.382708
227 0.318750
228 0.382500
229 0.318542
230 0.382292
231 0.318333
232 0.381667
233 0.318125
234 0.381667
235 0.319375
236 0.381250
237 0.320208
238 0.381042
239 0.320208
240 0.381042
241 0.320417
242 0.380625
243 0.320625
244 0.380417
245 0.320625
246 0.380625
247 0.320833
248 0.380208
249 0.321042
250 0.380208
251 0.320833
252 0.380417
253 0.321042
254 0.380625
255 0.321042
256 0.380625
257 0.321250
258 0.380625
259 0.321250
260 0.380625
261 0.321458
262 0.380417
263 0.321458
264 0.380417
265 0.321875
266 0.380000
267 0.321875
268 0.380000
269 0.321458
270 0.379792
271 0.321458
272 0.380417
273 0.321458
274 0.380417
275 0.321458
276 0.380208
277 0.321250
278 0.380208
279 0.321042
280 0.380000
281 0.321042
282 0.380000
283 0.320833
284 0.379792
285 0.320833
286 0.379792
287 0.320833
288 0.379792
289 0.320833
290 0.380000
291 0.320833
292 0.380000
293 0.320833
294 0.379792
295 0.320833
296 0.379792
297 0.320625
298 0.379792
299 0.320625
300 0.379792
