1 0.141875
2 0.369792
3 0.143750
4 0.375417
5 0.143958
6 0.376042
7 0.143750
8 0.376250
9 0.143750
10 0.376875
11 0.143958
12 0.377292
13 0.144792
14 0.377292
15 0.144792
16 0.377292
17 0.145208
18 0.377500
19 0.145208
20 0.377500
21 0.145417
22 0.377500
23 0.145833
24 0.377708
25 0.145417
26 0.377917
27 0.146042
28 0.377917
29 0.146250
30 0.377708
31 0.146875
32 0.377708
33 0.147083
34 0.377500
35 0.147083
36 0.377500
37 0.147292
38 0.377500
39 0.147292
40 0.377708
41 0.147500
42 0.377708
43 0.147500
44 0.377708
45 0.147500
46 0.377708
47 0.147917
48 0.377708
49 0.148125
50 0.377708
51 0.148333
52 0.377708
53 0.148542
54 0.377708
55 0.148542
56 0.377708
57 0.148542
58 0.377708
59 0.148542
60 0.377708
61 0.148750
62 0.377708
63 0.148750
64 0.377708
65 0.148958
66 0.377708
67 0.148958
68 0.377708
69 0.148958
70 0.377708
71 0.148958
72 0.377708
73 0.148958
74 0.377708
75 0.148958
76 0.377708
77 0.148958
78 0.377708
79 0.149167
80 0.377708
81 0.149167
82 0.377708
83 0.149167
84 0.377708
85 0.149167
86 0.377708
87 0.149167
88 0.377708
89 0.149167
90 0.377708
91 0.149167
92 0.377708
93 0.149167
94 0.377708
95 0.149167
96 0.377708
97 0.149167
98 0.377708
99 0.149167
100 0.377708
101 0.138958
102 0.274583
103 0.142500
104 0.264167
105 0.144792
106 0.258333
107 0.147083
108 0.254792
109 0.149375
110 0.254167
111 0.150000
112 0.252292
113 0.151667
114 0.250833
115 0.153542
116 0.249167
117 0.155833
118 0.248750
119 0.156458
120 0.248125
121 0.156667
122 0.247292
123 0.157917
124 0.247500
125 0.157500
126 0.246875
127 0.157917
128 0.246250
129 0.157917
130 0.246458
131 0.158542
132 0.246458
133 0.158125
134 0.246250
135 0.157917
136 0.246458
137 0.157917
138 0.246458
139 0.158333
140 0.246667
141 0.158750
142 0.246667
143 0.158958
144 0.246667
145 0.158958
146 0.246667
147 0.158750
148 0.246875
149 0.159167
150 0.246875
151 0.159375
152 0.246667
153 0.159167
154 0.247083
155 0.159167
156 0.247292
157 0.159167
158 0.247500
159 0.159167
160 0.247292
161 0.159167
162 0.247292
163 0.159167
164 0.247292
165 0.158958
166 0.247292
167 0.158958
168 0.247292
169 0.158958
170 0.247292
171 0.159167
172 0.247292
173 0.159167
174 0.247292
175 0.158958
176 0.247292
177 0.158958
178 0.247292
179 0.158958
180 0.247292
181 0.158958
182 0.247292
183 0.158958
184 0.247292
185 0.158750
186 0.247292
187 0.158750
188 0.247292
189 0.158750
190 0.247292
191 0.158750
192 0.247292
193 0.158750
194 0.247292
195 0.158750
196 0.247292
197 0.158750
198 0.247292
199 0.158750
200 0.247292
201 0.123125
202 0.213750
203 0.125000
204 0.206250
205 0.127292
206 0.204167
207 0.129583
208 0.202500
209 0.130208
210 0.201042
211 0.130417
212 0.199167
213 0.130417
214 0.198750
215 0.131250
216 0.198958
217 0.131458
218 0.199375
219 0.132083
220 0.199375
221 0.132083
222 0.198958
223 0.132292
224 0.198125
225 0.132708
226 0.197917
227 0.132917
228 0.197500
229 0.133125
230 0.197500
231 0.133542
232 0.197083
233 0.134167
234 0.197083
235 0.133958
236 0.197292
237 0.134375
238 0.197292
239 0.134375
240 0.197292
241 0.134583
242 0.197292
243 0.134583
244 0.197292
245 0.134583
246 0.197292
247 0.134583
248 0.197292
249 0.134583
250 0.197083
251 0.134792
252 0.197083
253 0.134792
254 0.196875
255 0.135000
256 0.196875
257 0.135000
258 0.196875
259 0.134792
260 0.196875
261 0.134792
262 0.196875
263 0.134583
264 0.196875
265 0.134583
266 0.196875
267 0.134583
268 0.196875
269 0.134583
270 0.196875
271 0.134583
272 0.196458
273 0.134792
274 0.196667
275 0.134792
276 0.196458
277 0.134792
278 0.196458
279 0.134792
280 0.196458
281 0.134792
282 0.196458
283 0.134792
284 0.196458
285 0.135000
286 0.196250
287 0.135000
288 0.196250
289 0.135000
290 0.196250
291 0.135000
292 0.196250
293 0.135000
294 0.196250
295 0.135000
296 0.196458
297 0.135000
298 0.196458
299 0.135000
300 0.196458
