1 0.000208
2 0.001458
3 0.000208
4 0.001875
5 0.000208
6 0.001875
7 0.000208
8 0.002083
9 0.000208
10 0.002083
11 0.000208
12 0.002083
13 0.000208
14 0.002083
15 0.000208
16 0.002083
17 0.000208
18 0.002083
19 0.000208
20 0.002083
21 0.000208
22 0.002083
23 0.000208
24 0.002083
25 0.000208
26 0.002083
27 0.000208
28 0.002083
29 0.000208
30 0.002083
31 0.000208
32 0.002083
33 0.000208
34 0.002083
35 0.000208
36 0.002083
37 0.000208
38 0.002083
39 0.000208
40 0.002083
41 0.000208
42 0.002083
43 0.000208
44 0.002083
45 0.000208
46 0.002083
47 0.000208
48 0.002083
49 0.000208
50 0.002083
51 0.000208
52 0.002083
53 0.000208
54 0.002083
55 0.000208
56 0.002083
57 0.000208
58 0.002083
59 0.000208
60 0.002083
61 0.000208
62 0.002083
63 0.000208
64 0.002083
65 0.000208
66 0.002083
67 0.000208
68 0.002083
69 0.000208
70 0.002083
71 0.000208
72 0.002083
73 0.000208
74 0.002083
75 0.000208
76 0.002083
77 0.000208
78 0.002083
79 0.000208
80 0.002083
81 0.000208
82 0.002083
83 0.000208
84 0.002083
85 0.000208
86 0.002083
87 0.000208
88 0.002083
89 0.000208
90 0.002083
91 0.000208
92 0.002083
93 0.000208
94 0.002083
95 0.000208
96 0.002083
97 0.000208
98 0.002083
99 0.000208
100 0.002083
101 0.000000
102 0.000208
103 0.000000
104 0.000208
105 0.000000
106 0.000208
107 0.000000
108 0.000208
109 0.000000
110 0.000208
111 0.000000
112 0.000208
113 0.000000
114 0.000208
115 0.000000
116 0.000208
117 0.000000
118 0.000208
119 0.000000
120 0.000208
121 0.000000
122 0.000208
123 0.000000
124 0.000208
125 0.000000
126 0.000208
127 0.000000
128 0.000208
129 0.000000
130 0.000208
131 0.000000
132 0.000208
133 0.000000
134 0.000208
135 0.000000
136 0.000208
137 0.000000
138 0.000208
139 0.000000
140 0.000208
141 0.000000
142 0.000208
143 0.000000
144 0.000208
145 0.000000
146 0.000208
147 0.000000
148 0.000208
149 0.000000
150 0.000208
151 0.000000
152 0.000208
153 0.000000
154 0.000208
155 0.000000
156 0.000208
157 0.000000
158 0.000208
159 0.000000
160 0.000208
161 0.000000
162 0.000208
163 0.000000
164 0.000208
165 0.000000
166 0.000208
167 0.000000
168 0.000208
169 0.000000
170 0.000208
171 0.000000
172 0.000208
173 0.000000
174 0.000208
175 0.000000
176 0.000208
177 0.000000
178 0.000208
179 0.000000
180 0.000208
181 0.000000
182 0.000208
183 0.000000
184 0.000208
185 0.000000
186 0.000208
187 0.000000
188 0.000208
189 0.000000
190 0.000208
191 0.000000
192 0.000208
193 0.000000
194 0.000208
195 0.000000
196 0.000208
197 0.000000
198 0.000208
199 0.000000
200 0.000208
201 0.000000
202 0.000208
203 0.000000
204 0.000208
205 0.000000
206 0.000208
207 0.000000
208 0.000208
209 0.000000
210 0.000208
211 0.000000
212 0.000208
213 0.000000
214 0.000208
215 0.000000
216 0.000208
217 0.000000
218 0.000208
219 0.000000
220 0.000208
221 0.000000
222 0.000208
223 0.000000
224 0.000208
225 0.000000
226 0.000208
227 0.000000
228 0.000208
229 0.000000
230 0.000208
231 0.000000
232 0.000208
233 0.000000
234 0.000208
235 0.000000
236 0.000208
237 0.000000
238 0.000208
239 0.000000
240 0.000208
241 0.000000
242 0.000208
243 0.000000
244 0.000208
245 0.000000
246 0.000208
247 0.000000
248 0.000208
249 0.000000
250 0.000208
251 0.000000
252 0.000208
253 0.000000
254 0.000208
255 0.000000
256 0.000208
257 0.000000
258 0.000208
259 0.000000
260 0.000208
261 0.000000
262 0.000208
263 0.000000
264 0.000208
265 0.000000
266 0.000208
267 0.000000
268 0.000208
269 0.000000
270 0.000208
271 0.000000
272 0.000208
273 0.000000
274 0.000208
275 0.000000
276 0.000208
277 0.000000
278 0.000208
279 0.000000
280 0.000208
281 0.000000
282 0.000208
283 0.000000
284 0.000208
285 0.000000
286 0.000208
287 0.000000
288 0.000208
289 0.000000
290 0.000208
291 0.000000
292 0.000208
293 0.000000
294 0.000208
295 0.000000
296 0.000208
297 0.000000
298 0.000208
299 0.000000
300 0.000208
