1 0.002500
2 0.014375
3 0.002708
4 0.015000
5 0.002708
6 0.015000
7 0.002708
8 0.015000
9 0.002708
10 0.015000
11 0.002708
12 0.015000
13 0.002708
14 0.015000
15 0.002708
16 0.015000
17 0.002708
18 0.015000
19 0.002708
20 0.015000
21 0.002708
22 0.015000
23 0.002708
24 0.015000
25 0.002708
26 0.015000
27 0.002708
28 0.015000
29 0.002708
30 0.015000
31 0.002708
32 0.015000
33 0.002708
34 0.015000
35 0.002708
36 0.015000
37 0.002708
38 0.015000
39 0.002708
40 0.015000
41 0.002708
42 0.015000
43 0.002708
44 0.015000
45 0.002708
46 0.015000
47 0.002708
48 0.015000
49 0.002708
50 0.015000
51 0.002708
52 0.015000
53 0.002708
54 0.015000
55 0.002708
56 0.015000
57 0.002708
58 0.015000
59 0.002708
60 0.015000
61 0.002708
62 0.015000
63 0.002708
64 0.015000
65 0.002708
66 0.015000
67 0.002708
68 0.015000
69 0.002708
70 0.015000
71 0.002708
72 0.015000
73 0.002708
74 0.015000
75 0.002708
76 0.015000
77 0.002708
78 0.015000
79 0.002708
80 0.015000
81 0.002708
82 0.015000
83 0.002708
84 0.015000
85 0.002708
86 0.015000
87 0.002708
88 0.015000
89 0.002708
90 0.015000
91 0.002708
92 0.015000
93 0.002708
94 0.015000
95 0.002708
96 0.015000
97 0.002708
98 0.015000
99 0.002708
100 0.015000
101 0.000833
102 0.003333
103 0.000833
104 0.002292
105 0.000833
106 0.001875
107 0.000833
108 0.001875
109 0.000833
110 0.001875
111 0.000833
112 0.001875
113 0.000625
114 0.001875
115 0.000625
116 0.001875
117 0.000625
118 0.001875
119 0.000625
120 0.001875
121 0.000625
122 0.001875
123 0.000625
124 0.001875
125 0.000625
126 0.001875
127 0.000625
128 0.001875
129 0.000625
130 0.001875
131 0.000625
132 0.001875
133 0.000625
134 0.001875
135 0.000625
136 0.001875
137 0.000625
138 0.001667
139 0.000625
140 0.001667
141 0.000625
142 0.001667
143 0.000625
144 0.001667
145 0.000625
146 0.001667
147 0.000833
148 0.001667
149 0.000833
150 0.001667
151 0.000833
152 0.001667
153 0.000833
154 0.001458
155 0.000833
156 0.001458
157 0.000833
158 0.001458
159 0.000833
160 0.001458
161 0.000833
162 0.001458
163 0.000833
164 0.001458
165 0.000833
166 0.001458
167 0.000833
168 0.001458
169 0.000833
170 0.001458
171 0.000833
172 0.001458
173 0.000833
174 0.001458
175 0.000833
176 0.001458
177 0.000833
178 0.001458
179 0.000833
180 0.001458
181 0.000833
182 0.001458
183 0.000833
184 0.001458
185 0.000833
186 0.001458
187 0.000833
188 0.001458
189 0.000833
190 0.001458
191 0.000833
192 0.001458
193 0.000833
194 0.001458
195 0.000833
196 0.001458
197 0.000833
198 0.001458
199 0.000833
200 0.001458
201 0.001042
202 0.001042
203 0.001042
204 0.000625
205 0.001042
206 0.000625
207 0.001042
208 0.000625
209 0.001042
210 0.000625
211 0.001042
212 0.000625
213 0.001042
214 0.000625
215 0.001042
216 0.000625
217 0.001042
218 0.000625
219 0.001042
220 0.000625
221 0.001042
222 0.000625
223 0.001042
224 0.000625
225 0.001042
226 0.000625
227 0.001042
228 0.000625
229 0.001042
230 0.000625
231 0.001042
232 0.000625
233 0.001042
234 0.000625
235 0.001042
236 0.000625
237 0.001042
238 0.000625
239 0.001042
240 0.000625
241 0.001042
242 0.000625
243 0.001042
244 0.000625
245 0.001042
246 0.000625
247 0.001042
248 0.000625
249 0.001042
250 0.000625
251 0.001042
252 0.000625
253 0.001042
254 0.000625
255 0.001042
256 0.000625
257 0.001042
258 0.000625
259 0.001042
260 0.000625
261 0.001042
262 0.000625
263 0.001042
264 0.000625
265 0.001042
266 0.000625
267 0.001042
268 0.000625
269 0.001042
270 0.000625
271 0.001042
272 0.000625
273 0.001042
274 0.000625
275 0.001042
276 0.000625
277 0.001042
278 0.000625
279 0.001042
280 0.000625
281 0.001042
282 0.000625
283 0.001042
284 0.000625
285 0.001042
286 0.000625
287 0.001042
288 0.000625
289 0.001042
290 0.000625
291 0.001042
292 0.000625
293 0.001042
294 0.000625
295 0.001042
296 0.000625
297 0.001042
298 0.000625
299 0.001042
300 0.000625
