1 4.811427e-02
2 4.765222e-02
3 4.766087e-02
4 4.766263e-02
5 4.766241e-02
6 4.766241e-02
7 4.766241e-02
8 4.766241e-02
9 4.766241e-02
10 4.766241e-02
11 4.766241e-02
12 4.766241e-02
13 4.766241e-02
14 4.766241e-02
15 4.766241e-02
16 4.766241e-02
17 4.766241e-02
18 4.766241e-02
19 4.766241e-02
20 4.766241e-02
21 4.766241e-02
22 4.766241e-02
23 4.766241e-02
24 4.766241e-02
25 4.766241e-02
26 4.766241e-02
27 4.766241e-02
28 4.766241e-02
29 4.766241e-02
30 4.766241e-02
31 4.766241e-02
32 4.766241e-02
33 4.766241e-02
34 4.766241e-02
35 4.766241e-02
36 4.766241e-02
37 4.766241e-02
38 4.766241e-02
39 4.766241e-02
40 4.766241e-02
41 4.766241e-02
42 4.766241e-02
43 4.766241e-02
44 4.766241e-02
45 4.766241e-02
46 4.766241e-02
47 4.766241e-02
48 4.766241e-02
49 4.766241e-02
50 4.766241e-02
51 4.766241e-02
52 4.766241e-02
53 4.766241e-02
54 4.766241e-02
55 4.766241e-02
56 4.766241e-02
57 4.766241e-02
58 4.766241e-02
59 4.766241e-02
60 4.766241e-02
61 4.766241e-02
62 4.766241e-02
63 4.766241e-02
64 4.766241e-02
65 4.766241e-02
66 4.766241e-02
67 4.766241e-02
68 4.766241e-02
69 4.766241e-02
70 4.766241e-02
71 4.766241e-02
72 4.766241e-02
73 4.766241e-02
74 4.766241e-02
75 4.766241e-02
76 4.766241e-02
77 4.766241e-02
78 4.766241e-02
79 4.766241e-02
80 4.766241e-02
81 4.766241e-02
82 4.766241e-02
83 4.766241e-02
84 4.766241e-02
85 4.766241e-02
86 4.766241e-02
87 4.766241e-02
88 4.766241e-02
89 4.766241e-02
90 4.766241e-02
91 4.766241e-02
92 4.766241e-02
93 4.766241e-02
94 4.766241e-02
95 4.766241e-02
96 4.766241e-02
97 4.766241e-02
98 4.766241e-02
99 4.766241e-02
100 4.766241e-02
101 2.107686e-02
102 2.104488e-02
103 2.104163e-02
104 2.104155e-02
105 2.104155e-02
106 2.104155e-02
107 2.104155e-02
108 2.104155e-02
109 2.104155e-02
110 2.104155e-02
111 2.104155e-02
112 2.104155e-02
113 2.104155e-02
114 2.104155e-02
115 2.104155e-02
116 2.104155e-02
117 2.104155e-02
118 2.104155e-02
119 2.104155e-02
120 2.104155e-02
121 2.104155e-02
122 2.104155e-02
123 2.104155e-02
124 2.104155e-02
125 2.104155e-02
126 2.104155e-02
127 2.104155e-02
128 2.104155e-02
129 2.104155e-02
130 2.104155e-02
131 2.104155e-02
132 2.104155e-02
133 2.104155e-02
134 2.104155e-02
135 2.104155e-02
136 2.104155e-02
137 2.104155e-02
138 2.104155e-02
139 2.104155e-02
140 2.104155e-02
141 2.104155e-02
142 2.104155e-02
143 2.104155e-02
144 2.104155e-02
145 2.104155e-02
146 2.104155e-02
147 2.104155e-02
148 2.104155e-02
149 2.104155e-02
150 2.104155e-02
151 2.104155e-02
152 2.104155e-02
153 2.104155e-02
154 2.104155e-02
155 2.104155e-02
156 2.104155e-02
157 2.104155e-02
158 2.104155e-02
159 2.104155e-02
160 2.104155e-02
161 2.104155e-02
162 2.104155e-02
163 2.104155e-02
164 2.104155e-02
165 2.104155e-02
166 2.104155e-02
167 2.104155e-02
168 2.104155e-02
169 2.104155e-02
170 2.104155e-02
171 2.104155e-02
172 2.104155e-02
173 2.104155e-02
174 2.104155e-02
175 2.104155e-02
176 2.104155e-02
177 2.104155e-02
178 2.104155e-02
179 2.104155e-02
180 2.104155e-02
181 2.104155e-02
182 2.104155e-02
183 2.104155e-02
184 2.104155e-02
185 2.104155e-02
186 2.104155e-02
187 2.104155e-02
188 2.104155e-02
189 2.104155e-02
190 2.104155e-02
191 2.104155e-02
192 2.104155e-02
193 2.104155e-02
194 2.104155e-02
195 2.104155e-02
196 2.104155e-02
197 2.104155e-02
198 2.104155e-02
199 2.104155e-02
200 2.104155e-02
201 2.078895e-02
202 2.079188e-02
203 2.079213e-02
204 2.079212e-02
205 2.079212e-02
206 2.079212e-02
207 2.079212e-02
208 2.079212e-02
209 2.079212e-02
210 2.079212e-02
211 2.079212e-02
212 2.079212e-02
213 2.079212e-02
214 2.079212e-02
215 2.079212e-02
216 2.079212e-02
217 2.079212e-02
218 2.079212e-02
219 2.079212e-02
220 2.079212e-02
221 2.079212e-02
222 2.079212e-02
223 2.079212e-02
224 2.079212e-02
225 2.079212e-02
226 2.079212e-02
227 2.079212e-02
228 2.079212e-02
229 2.079212e-02
230 2.079212e-02
231 2.079212e-02
232 2.079212e-02
233 2.079212e-02
234 2.079212e-02
235 2.079212e-02
236 2.079212e-02
237 2.079212e-02
238 2.079212e-02
239 2.079212e-02
240 2.079212e-02
241 2.079212e-02
242 2.079212e-02
243 2.079212e-02
244 2.079212e-02
245 2.079212e-02
246 2.079212e-02
247 2.079212e-02
248 2.079212e-02
249 2.079212e-02
250 2.079212e-02
251 2.079212e-02
252 2.079212e-02
253 2.079212e-02
254 2.079212e-02
255 2.079212e-02
256 2.079212e-02
257 2.079212e-02
258 2.079212e-02
259 2.079212e-02
260 2.079212e-02
261 2.079212e-02
262 2.079212e-02
263 2.079212e-02
264 2.079212e-02
265 2.079212e-02
266 2.079212e-02
267 2.079212e-02
268 2.079212e-02
269 2.079212e-02
270 2.079212e-02
271 2.079212e-02
272 2.079212e-02
273 2.079212e-02
274 2.079212e-02
275 2.079212e-02
276 2.079212e-02
277 2.079212e-02
278 2.079212e-02
279 2.079212e-02
280 2.079212e-02
281 2.079212e-02
282 2.079212e-02
283 2.079212e-02
284 2.079212e-02
285 2.079212e-02
286 2.079212e-02
287 2.079212e-02
288 2.079212e-02
289 2.079212e-02
290 2.079212e-02
291 2.079212e-02
292 2.079212e-02
293 2.079212e-02
294 2.079212e-02
295 2.079212e-02
296 2.079212e-02
297 2.079212e-02
298 2.079212e-02
299 2.079212e-02
300 2.079212e-02
