1 5.819523e-02
2 5.830517e-02
3 5.815100e-02
4 5.815092e-02
5 5.815036e-02
6 5.815033e-02
7 5.815034e-02
8 5.815034e-02
9 5.815034e-02
10 5.815034e-02
11 5.815034e-02
12 5.815034e-02
13 5.815034e-02
14 5.815034e-02
15 5.815034e-02
16 5.815034e-02
17 5.815034e-02
18 5.815034e-02
19 5.815034e-02
20 5.815034e-02
21 5.815034e-02
22 5.815034e-02
23 5.815034e-02
24 5.815034e-02
25 5.815034e-02
26 5.815034e-02
27 5.815034e-02
28 5.815034e-02
29 5.815034e-02
30 5.815034e-02
31 5.815034e-02
32 5.815034e-02
33 5.815034e-02
34 5.815034e-02
35 5.815034e-02
36 5.815034e-02
37 5.815034e-02
38 5.815034e-02
39 5.815034e-02
40 5.815034e-02
41 5.815034e-02
42 5.815034e-02
43 5.815034e-02
44 5.815034e-02
45 5.815034e-02
46 5.815034e-02
47 5.815034e-02
48 5.815034e-02
49 5.815034e-02
50 5.815034e-02
51 5.815034e-02
52 5.815034e-02
53 5.815034e-02
54 5.815034e-02
55 5.815034e-02
56 5.815034e-02
57 5.815034e-02
58 5.815034e-02
59 5.815034e-02
60 5.815034e-02
61 5.815034e-02
62 5.815034e-02
63 5.815034e-02
64 5.815034e-02
65 5.815034e-02
66 5.815034e-02
67 5.815034e-02
68 5.815034e-02
69 5.815034e-02
70 5.815034e-02
71 5.815034e-02
72 5.815034e-02
73 5.815034e-02
74 5.815034e-02
75 5.815034e-02
76 5.815034e-02
77 5.815034e-02
78 5.815034e-02
79 5.815034e-02
80 5.815034e-02
81 5.815034e-02
82 5.815034e-02
83 5.815034e-02
84 5.815034e-02
85 5.815034e-02
86 5.815034e-02
87 5.815034e-02
88 5.815034e-02
89 5.815034e-02
90 5.815034e-02
91 5.815034e-02
92 5.815034e-02
93 5.815034e-02
94 5.815034e-02
95 5.815034e-02
96 5.815034e-02
97 5.815034e-02
98 5.815034e-02
99 5.815034e-02
100 5.815034e-02
101 2.552126e-02
102 2.548881e-02
103 2.548365e-02
104 2.548361e-02
105 2.548362e-02
106 2.548362e-02
107 2.548362e-02
108 2.548362e-02
109 2.548362e-02
110 2.548362e-02
111 2.548362e-02
112 2.548362e-02
113 2.548362e-02
114 2.548362e-02
115 2.548362e-02
116 2.548362e-02
117 2.548362e-02
118 2.548362e-02
119 2.548362e-02
120 2.548362e-02
121 2.548362e-02
122 2.548362e-02
123 2.548362e-02
124 2.548362e-02
125 2.548362e-02
126 2.548362e-02
127 2.548362e-02
128 2.548362e-02
129 2.548362e-02
130 2.548362e-02
131 2.548362e-02
132 2.548362e-02
133 2.548362e-02
134 2.548362e-02
135 2.548362e-02
136 2.548362e-02
137 2.548362e-02
138 2.548362e-02
139 2.548362e-02
140 2.548362e-02
141 2.548362e-02
142 2.548362e-02
143 2.548362e-02
144 2.548362e-02
145 2.548362e-02
146 2.548362e-02
147 2.548362e-02
148 2.548362e-02
149 2.548362e-02
150 2.548362e-02
151 2.548362e-02
152 2.548362e-02
153 2.548362e-02
154 2.548362e-02
155 2.548362e-02
156 2.548362e-02
157 2.548362e-02
158 2.548362e-02
159 2.548362e-02
160 2.548362e-02
161 2.548362e-02
162 2.548362e-02
163 2.548362e-02
164 2.548362e-02
165 2.548362e-02
166 2.548362e-02
167 2.548362e-02
168 2.548362e-02
169 2.548362e-02
170 2.548362e-02
171 2.548362e-02
172 2.548362e-02
173 2.548362e-02
174 2.548362e-02
175 2.548362e-02
176 2.548362e-02
177 2.548362e-02
178 2.548362e-02
179 2.548362e-02
180 2.548362e-02
181 2.548362e-02
182 2.548362e-02
183 2.548362e-02
184 2.548362e-02
185 2.548362e-02
186 2.548362e-02
187 2.548362e-02
188 2.548362e-02
189 2.548362e-02
190 2.548362e-02
191 2.548362e-02
192 2.548362e-02
193 2.548362e-02
194 2.548362e-02
195 2.548362e-02
196 2.548362e-02
197 2.548362e-02
198 2.548362e-02
199 2.548362e-02
200 2.548362e-02
201 2.446528e-02
202 2.447988e-02
203 2.448047e-02
204 2.448041e-02
205 2.448042e-02
206 2.448042e-02
207 2.448042e-02
208 2.448042e-02
209 2.448042e-02
210 2.448042e-02
211 2.448042e-02
212 2.448042e-02
213 2.448042e-02
214 2.448042e-02
215 2.448042e-02
216 2.448042e-02
217 2.448042e-02
218 2.448042e-02
219 2.448042e-02
220 2.448042e-02
221 2.448042e-02
222 2.448042e-02
223 2.448042e-02
224 2.448042e-02
225 2.448042e-02
226 2.448042e-02
227 2.448042e-02
228 2.448042e-02
229 2.448042e-02
230 2.448042e-02
231 2.448042e-02
232 2.448042e-02
233 2.448042e-02
234 2.448042e-02
235 2.448042e-02
236 2.448042e-02
237 2.448042e-02
238 2.448042e-02
239 2.448042e-02
240 2.448042e-02
241 2.448042e-02
242 2.448042e-02
243 2.448042e-02
244 2.448042e-02
245 2.448042e-02
246 2.448042e-02
247 2.448042e-02
248 2.448042e-02
249 2.448042e-02
250 2.448042e-02
251 2.448042e-02
252 2.448042e-02
253 2.448042e-02
254 2.448042e-02
255 2.448042e-02
256 2.448042e-02
257 2.448042e-02
258 2.448042e-02
259 2.448042e-02
260 2.448042e-02
261 2.448042e-02
262 2.448042e-02
263 2.448042e-02
264 2.448042e-02
265 2.448042e-02
266 2.448042e-02
267 2.448042e-02
268 2.448042e-02
269 2.448042e-02
270 2.448042e-02
271 2.448042e-02
272 2.448042e-02
273 2.448042e-02
274 2.448042e-02
275 2.448042e-02
276 2.448042e-02
277 2.448042e-02
278 2.448042e-02
279 2.448042e-02
280 2.448042e-02
281 2.448042e-02
282 2.448042e-02
283 2.448042e-02
284 2.448042e-02
285 2.448042e-02
286 2.448042e-02
287 2.448042e-02
288 2.448042e-02
289 2.448042e-02
290 2.448042e-02
291 2.448042e-02
292 2.448042e-02
293 2.448042e-02
294 2.448042e-02
295 2.448042e-02
296 2.448042e-02
297 2.448042e-02
298 2.448042e-02
299 2.448042e-02
300 2.448042e-02
