1 1.000000
2 0.891927
3 0.756022
4 0.892253
5 0.729655
6 0.898275
7 0.741374
8 0.890951
9 0.739258
10 0.889486
11 1.000000
12 0.781576
13 0.592773
14 0.734863
15 0.573893
16 0.726237
17 0.574707
18 0.725586
19 0.577311
20 0.720540
21 1.000000
22 0.639323
23 0.446289
24 0.539551
25 0.430501
26 0.530111
27 0.430664
28 0.523926
29 0.434245
30 0.520671
31 0.999674
32 0.479004
33 0.332031
34 0.356934
35 0.311035
36 0.339355
37 0.308431
38 0.332845
39 0.307780
40 0.332845
41 0.999349
42 0.332031
43 0.227376
44 0.228841
45 0.206543
46 0.216471
47 0.201009
48 0.211426
49 0.201009
50 0.209798
51 0.999674
52 0.215495
53 0.154460
54 0.144531
55 0.133138
56 0.128743
57 0.127441
58 0.126790
59 0.123047
60 0.126139
61 0.999674
62 0.130859
63 0.098307
64 0.087565
65 0.080729
66 0.075684
67 0.077148
68 0.075846
69 0.075358
70 0.074544
71 1.000000
72 0.088053
73 0.063477
74 0.050781
75 0.046387
76 0.045410
77 0.044759
78 0.044271
79 0.044434
80 0.044108
81 1.000000
82 0.058919
83 0.041341
84 0.035970
85 0.031576
86 0.029460
87 0.028483
88 0.027344
89 0.027995
90 0.028320
91 0.999674
92 0.043294
93 0.031901
94 0.025391
95 0.023112
96 0.021647
97 0.020345
98 0.020345
99 0.020345
100 0.019694
101 0.999349
102 0.038249
103 0.022949
104 0.019857
105 0.016439
106 0.016764
107 0.016276
108 0.015788
109 0.014974
110 0.015299
111 0.999349
112 0.033203
113 0.020996
114 0.017253
115 0.014974
116 0.013346
117 0.013997
118 0.013346
119 0.013346
120 0.013346
121 0.999349
122 0.029460
123 0.017741
124 0.014648
125 0.014160
126 0.013346
127 0.013021
128 0.013509
129 0.013021
130 0.013021
131 0.999349
132 0.027669
133 0.017253
134 0.014974
135 0.013021
136 0.012695
137 0.012370
138 0.012207
139 0.012044
140 0.012207
141 0.999349
142 0.026204
143 0.017415
144 0.014811
145 0.012533
146 0.011882
147 0.011719
148 0.011230
149 0.011393
150 0.011393
151 0.999349
152 0.025879
153 0.018229
154 0.013346
155 0.013021
156 0.012207
157 0.011393
158 0.011556
159 0.011393
160 0.011393
161 0.999349
162 0.026042
163 0.017253
164 0.014486
165 0.012858
166 0.012044
167 0.011556
168 0.011068
169 0.011882
170 0.011230
171 0.999349
172 0.026042
173 0.016927
174 0.016764
175 0.013021
176 0.011556
177 0.011719
178 0.011556
179 0.010905
180 0.010905
181 0.999349
182 0.026530
183 0.016927
184 0.016439
185 0.013184
186 0.011068
187 0.011393
188 0.011719
189 0.011393
190 0.010905
191 0.999349
192 0.026367
193 0.015951
194 0.015951
195 0.013184
196 0.010905
197 0.011393
198 0.011230
199 0.011068
200 0.011068
