1 1.000000
2 0.968750
3 0.828776
4 0.980469
5 0.821289
6 0.980469
7 0.814128
8 0.979818
9 0.830078
10 0.978516
11 1.000000
12 0.940430
13 0.801758
14 0.923828
15 0.793945
16 0.923177
17 0.788737
18 0.922526
19 0.789062
20 0.921875
21 1.000000
22 0.909831
23 0.736979
24 0.859375
25 0.732096
26 0.855143
27 0.729818
28 0.855469
29 0.730469
30 0.854492
31 1.000000
32 0.875326
33 0.686198
34 0.810547
35 0.680013
36 0.798828
37 0.682292
38 0.799154
39 0.679688
40 0.797526
41 1.000000
42 0.840820
43 0.633789
44 0.759115
45 0.623047
46 0.748047
47 0.625977
48 0.750651
49 0.623047
50 0.745768
51 1.000000
52 0.791016
53 0.601888
54 0.694010
55 0.583659
56 0.681315
57 0.587240
58 0.681315
59 0.587240
60 0.677083
61 1.000000
62 0.746745
63 0.553060
64 0.641927
65 0.536458
66 0.621094
67 0.540365
68 0.618164
69 0.539388
70 0.614909
71 1.000000
72 0.697591
73 0.517253
74 0.594076
75 0.493490
76 0.577474
77 0.492839
78 0.575195
79 0.493164
80 0.568685
81 1.000000
82 0.639648
83 0.493164
84 0.535156
85 0.479492
86 0.518229
87 0.476237
88 0.514974
89 0.474609
90 0.514974
91 0.999349
92 0.584310
93 0.450846
94 0.493815
95 0.430339
96 0.479167
97 0.429688
98 0.477214
99 0.428385
100 0.473633
101 1.000000
102 0.538086
103 0.438477
104 0.462891
105 0.412760
106 0.446615
107 0.406576
108 0.443359
109 0.408203
110 0.441406
111 1.000000
112 0.502279
113 0.410482
114 0.426432
115 0.392578
116 0.419596
117 0.389974
118 0.418294
119 0.389648
120 0.416341
121 0.999349
122 0.468750
123 0.387370
124 0.413737
125 0.371419
126 0.400391
127 0.371745
128 0.398438
129 0.374023
130 0.397461
131 1.000000
132 0.445964
133 0.366862
134 0.388997
135 0.350260
136 0.377279
137 0.347331
138 0.377604
139 0.344401
140 0.379557
141 1.000000
142 0.415690
143 0.344076
144 0.365885
145 0.331706
146 0.357096
147 0.328125
148 0.355794
149 0.327474
150 0.355143
151 0.999349
152 0.400391
153 0.329102
154 0.348633
155 0.314128
156 0.332357
157 0.307292
158 0.329427
159 0.309896
160 0.330078
161 0.999349
162 0.384440
163 0.310872
164 0.326172
165 0.290690
166 0.313802
167 0.286133
168 0.312826
169 0.286458
170 0.313151
171 0.999349
172 0.364583
173 0.283854
174 0.308919
175 0.270833
176 0.297852
177 0.268555
178 0.296875
179 0.267578
180 0.296224
181 0.999349
182 0.354818
183 0.273763
184 0.295573
185 0.260091
186 0.282878
187 0.257812
188 0.279622
189 0.255859
190 0.278971
191 0.999349
192 0.332357
193 0.254232
194 0.275065
195 0.236654
196 0.265625
197 0.233724
198 0.263672
199 0.233724
200 0.262695
