1 0.730910
2 0.652693
3 0.638095
4 0.636114
5 0.636111
6 0.636200
7 0.636228
8 0.636233
9 0.636235
10 0.636235
11 0.628641
12 0.594117
13 0.600980
14 0.602606
15 0.602862
16 0.602911
17 0.602893
18 0.602906
19 0.602895
20 0.602902
21 0.598247
22 0.543965
23 0.543151
24 0.545115
25 0.545754
26 0.545899
27 0.545930
28 0.545938
29 0.545938
30 0.545938
31 0.563835
32 0.487756
33 0.477110
34 0.476560
35 0.476881
36 0.477044
37 0.477100
38 0.477117
39 0.477121
40 0.477122
41 0.532229
42 0.430658
43 0.411881
44 0.407969
45 0.407300
46 0.407224
47 0.407218
48 0.407211
49 0.407203
50 0.407199
51 0.508088
52 0.379470
53 0.354344
54 0.348155
55 0.346563
56 0.346178
57 0.346084
58 0.346054
59 0.346035
60 0.346023
61 0.492127
62 0.340117
63 0.308015
64 0.299482
65 0.296998
66 0.296281
67 0.296064
68 0.295993
69 0.295963
70 0.295948
71 0.483022
72 0.314311
73 0.275887
74 0.264824
75 0.261326
76 0.260203
77 0.259815
78 0.259670
79 0.259609
80 0.259579
81 0.478618
82 0.299702
83 0.256519
84 0.243333
85 0.238951
86 0.237448
87 0.236885
88 0.236653
89 0.236545
90 0.236491
91 0.476728
92 0.292147
93 0.245803
94 0.231100
95 0.226065
96 0.224275
97 0.223580
98 0.223280
99 0.223135
100 0.223061
101 0.476364
102 0.288644
103 0.240373
104 0.224720
105 0.219267
106 0.217289
107 0.216510
108 0.216173
109 0.216012
110 0.215930
111 0.476643
112 0.287211
113 0.237843
114 0.221658
115 0.215973
116 0.213892
117 0.213069
118 0.212716
119 0.212550
120 0.212467
121 0.476980
122 0.286693
123 0.236737
124 0.220274
125 0.214469
126 0.212334
127 0.211491
128 0.211132
129 0.210965
130 0.210884
131 0.477252
132 0.286531
133 0.236232
134 0.219604
135 0.213729
136 0.211567
137 0.210714
138 0.210353
139 0.210189
140 0.210111
141 0.477417
142 0.286464
143 0.235972
144 0.219247
145 0.213334
146 0.211157
147 0.210301
148 0.209942
149 0.209780
150 0.209704
151 0.477502
152 0.286415
153 0.235813
154 0.219032
155 0.213096
156 0.210912
157 0.210057
158 0.209699
159 0.209539
160 0.209465
161 0.477544
162 0.286372
163 0.235700
164 0.218884
165 0.212933
166 0.210745
167 0.209890
168 0.209533
169 0.209375
170 0.209302
171 0.477565
172 0.286336
173 0.235614
174 0.218772
175 0.212810
176 0.210618
177 0.209763
178 0.209408
179 0.209251
180 0.209179
181 0.477578
182 0.286306
183 0.235546
184 0.218682
185 0.212711
186 0.210516
187 0.209660
188 0.209306
189 0.209149
190 0.209078
191 0.477587
192 0.286282
193 0.235491
194 0.218609
195 0.212630
196 0.210432
197 0.209575
198 0.209221
199 0.209065
200 0.208994
