1 0.727474
2 0.656696
3 0.642876
4 0.640503
5 0.640194
6 0.640192
7 0.640217
8 0.640231
9 0.640235
10 0.640235
11 0.632730
12 0.602597
13 0.608632
14 0.609880
15 0.610073
16 0.610142
17 0.610107
18 0.610131
19 0.610111
20 0.610124
21 0.610281
22 0.562787
23 0.561840
24 0.563116
25 0.563657
26 0.563818
27 0.563851
28 0.563858
29 0.563857
30 0.563857
31 0.573687
32 0.505821
33 0.495552
34 0.494472
35 0.494536
36 0.494683
37 0.494767
38 0.494793
39 0.494796
40 0.494794
41 0.540059
42 0.447619
43 0.428795
44 0.424154
45 0.423091
46 0.422856
47 0.422808
48 0.422792
49 0.422781
50 0.422772
51 0.509575
52 0.388945
53 0.363975
54 0.357368
55 0.355559
56 0.354981
57 0.354746
58 0.354640
59 0.354591
60 0.354569
61 0.489983
62 0.343965
63 0.311954
64 0.303253
65 0.300721
66 0.299870
67 0.299503
68 0.299332
69 0.299254
70 0.299219
71 0.479886
72 0.316151
73 0.277788
74 0.266481
75 0.262881
76 0.261627
77 0.261102
78 0.260858
79 0.260740
80 0.260682
81 0.475779
82 0.301902
83 0.258885
84 0.245301
85 0.240685
86 0.239030
87 0.238352
88 0.238040
89 0.237884
90 0.237803
91 0.474057
92 0.294883
93 0.248797
94 0.233559
95 0.228173
96 0.226190
97 0.225376
98 0.225002
99 0.224813
100 0.224715
101 0.473655
102 0.291526
103 0.243473
104 0.227142
105 0.221255
106 0.219064
107 0.218171
108 0.217768
109 0.217569
110 0.217468
111 0.473985
112 0.290131
113 0.240895
114 0.223916
115 0.217738
116 0.215434
117 0.214505
118 0.214094
119 0.213895
120 0.213796
121 0.474400
122 0.289628
123 0.239743
124 0.222401
125 0.216048
126 0.213671
127 0.212718
128 0.212299
129 0.212100
130 0.212003
131 0.474729
132 0.289474
133 0.239207
134 0.221642
135 0.215178
136 0.212755
137 0.211785
138 0.211362
139 0.211163
140 0.211067
141 0.474947
142 0.289420
143 0.238934
144 0.221238
145 0.214709
146 0.212260
147 0.211282
148 0.210857
149 0.210658
150 0.210563
151 0.475063
152 0.289378
153 0.238771
154 0.221002
155 0.214437
156 0.211973
157 0.210991
158 0.210566
159 0.210367
160 0.210273
161 0.475119
162 0.289339
163 0.238658
164 0.220846
165 0.214257
166 0.211784
167 0.210800
168 0.210374
169 0.210176
170 0.210083
171 0.475149
172 0.289305
173 0.238575
174 0.220731
175 0.214125
176 0.211644
177 0.210657
178 0.210231
179 0.210033
180 0.209940
181 0.475166
182 0.289279
183 0.238510
184 0.220639
185 0.214018
186 0.211530
187 0.210540
188 0.210113
189 0.209916
190 0.209822
191 0.475179
192 0.289260
193 0.238459
194 0.220564
195 0.213928
196 0.211433
197 0.210440
198 0.210013
199 0.209815
200 0.209722
