1 0.734345
2 0.648690
3 0.633314
4 0.631726
5 0.632027
6 0.632209
7 0.632239
8 0.632236
9 0.632234
10 0.632235
11 0.624552
12 0.585637
13 0.593329
14 0.595332
15 0.595652
16 0.595680
17 0.595680
18 0.595681
19 0.595679
20 0.595680
21 0.586214
22 0.525142
23 0.524462
24 0.527113
25 0.527850
26 0.527979
27 0.528009
28 0.528017
29 0.528019
30 0.528019
31 0.553983
32 0.469691
33 0.458668
34 0.458648
35 0.459227
36 0.459404
37 0.459432
38 0.459440
39 0.459447
40 0.459450
41 0.524399
42 0.413697
43 0.394968
44 0.391784
45 0.391509
46 0.391593
47 0.391629
48 0.391629
49 0.391626
50 0.391627
51 0.506600
52 0.369996
53 0.344712
54 0.338942
55 0.337568
56 0.337374
57 0.337422
58 0.337467
59 0.337479
60 0.337476
61 0.494271
62 0.336270
63 0.304077
64 0.295711
65 0.293276
66 0.292693
67 0.292625
68 0.292653
69 0.292673
70 0.292677
71 0.486157
72 0.312471
73 0.273987
74 0.263166
75 0.259772
76 0.258780
77 0.258529
78 0.258482
79 0.258477
80 0.258476
81 0.481457
82 0.297503
83 0.254154
84 0.241365
85 0.237217
86 0.235866
87 0.235418
88 0.235266
89 0.235206
90 0.235179
91 0.479400
92 0.289411
93 0.242809
94 0.228641
95 0.223957
96 0.222360
97 0.221783
98 0.221558
99 0.221457
100 0.221407
101 0.479073
102 0.285763
103 0.237273
104 0.222299
105 0.217280
106 0.215514
107 0.214848
108 0.214578
109 0.214454
110 0.214392
111 0.479302
112 0.284291
113 0.234791
114 0.219401
115 0.214208
116 0.212349
117 0.211633
118 0.211338
119 0.211204
120 0.211138
121 0.479561
122 0.283758
123 0.233731
124 0.218146
125 0.212889
126 0.210997
127 0.210265
128 0.209964
129 0.209830
130 0.209766
131 0.479775
132 0.283588
133 0.233257
134 0.217566
135 0.212281
136 0.210378
137 0.209643
138 0.209345
139 0.209215
140 0.209154
141 0.479887
142 0.283507
143 0.233010
144 0.217257
145 0.211958
146 0.210054
147 0.209321
148 0.209027
149 0.208902
150 0.208845
151 0.479941
152 0.283451
153 0.232855
154 0.217063
155 0.211755
156 0.209851
157 0.209122
158 0.208832
159 0.208711
160 0.208657
161 0.479968
162 0.283406
163 0.232742
164 0.216922
165 0.211608
166 0.209705
167 0.208979
168 0.208693
169 0.208574
170 0.208522
171 0.479982
172 0.283366
173 0.232653
174 0.216813
175 0.211495
176 0.209593
177 0.208869
178 0.208585
179 0.208468
180 0.208417
181 0.479990
182 0.283332
183 0.232581
184 0.216726
185 0.211404
186 0.209503
187 0.208781
188 0.208498
189 0.208383
190 0.208333
191 0.479995
192 0.283304
193 0.232523
194 0.216655
195 0.211332
196 0.209431
197 0.208710
198 0.208429
199 0.208315
200 0.208266
