1 0.919866
2 0.919831
3 0.919854
4 0.919854
5 0.919854
6 0.919854
7 0.919854
8 0.919854
9 0.919854
10 0.919854
11 0.919854
12 0.919854
13 0.919854
14 0.919854
15 0.919854
16 0.919854
17 0.919854
18 0.919854
19 0.919854
20 0.919854
21 0.919854
22 0.919854
23 0.919854
24 0.919854
25 0.919854
26 0.919854
27 0.919854
28 0.919854
29 0.919854
30 0.919854
31 0.914408
32 0.914738
33 0.914763
34 0.914753
35 0.914756
36 0.914755
37 0.914756
38 0.914756
39 0.914756
40 0.914756
41 0.914756
42 0.914756
43 0.914756
44 0.914756
45 0.914756
46 0.914756
47 0.914756
48 0.914756
49 0.914756
50 0.914756
51 0.914756
52 0.914756
53 0.914756
54 0.914756
55 0.914756
56 0.914756
57 0.914756
58 0.914756
59 0.914756
60 0.914756
61 0.910081
62 0.910462
63 0.910466
64 0.910465
65 0.910465
66 0.910465
67 0.910465
68 0.910465
69 0.910465
70 0.910465
71 0.910465
72 0.910465
73 0.910465
74 0.910465
75 0.910465
76 0.910465
77 0.910465
78 0.910465
79 0.910465
80 0.910465
81 0.910465
82 0.910465
83 0.910465
84 0.910465
85 0.910465
86 0.910465
87 0.910465
88 0.910465
89 0.910465
90 0.910465
