1 0.866423
2 0.857729
3 0.857567
4 0.857722
5 0.857752
6 0.857753
7 0.857752
8 0.857752
9 0.857752
10 0.857752
11 0.857752
12 0.857752
13 0.857752
14 0.857752
15 0.857752
16 0.857752
17 0.857752
18 0.857752
19 0.857752
20 0.857752
21 0.857752
22 0.857752
23 0.857752
24 0.857752
25 0.857752
26 0.857752
27 0.857752
28 0.857752
29 0.857752
30 0.857752
31 0.859886
32 0.853784
33 0.853103
34 0.853115
35 0.853136
36 0.853139
37 0.853139
38 0.853139
39 0.853139
40 0.853139
41 0.853139
42 0.853139
43 0.853139
44 0.853139
45 0.853139
46 0.853139
47 0.853139
48 0.853139
49 0.853139
50 0.853139
51 0.853139
52 0.853139
53 0.853139
54 0.853139
55 0.853139
56 0.853139
57 0.853139
58 0.853139
59 0.853139
60 0.853139
61 0.857707
62 0.851878
63 0.851182
64 0.851187
65 0.851206
66 0.851210
67 0.851210
68 0.851209
69 0.851209
70 0.851209
71 0.851209
72 0.851209
73 0.851209
74 0.851209
75 0.851209
76 0.851209
77 0.851209
78 0.851209
79 0.851209
80 0.851209
81 0.851209
82 0.851209
83 0.851209
84 0.851209
85 0.851209
86 0.851209
87 0.851209
88 0.851209
89 0.851209
90 0.851209
