1 0.687729
2 0.679231
3 0.679892
4 0.680003
5 0.679954
6 0.679946
7 0.679948
8 0.679948
9 0.679948
10 0.679948
11 0.679948
12 0.679948
13 0.679948
14 0.679948
15 0.679948
16 0.679948
17 0.679948
18 0.679948
19 0.679948
20 0.679948
21 0.679948
22 0.679948
23 0.679948
24 0.679948
25 0.679948
26 0.679948
27 0.679948
28 0.679948
29 0.679948
30 0.679948
31 0.657429
32 0.652212
33 0.653655
34 0.653998
35 0.653938
36 0.653922
37 0.653918
38 0.653921
39 0.653920
40 0.653920
41 0.653920
42 0.653920
43 0.653920
44 0.653920
45 0.653920
46 0.653920
47 0.653920
48 0.653920
49 0.653920
50 0.653920
51 0.653920
52 0.653920
53 0.653920
54 0.653920
55 0.653920
56 0.653920
57 0.653920
58 0.653920
59 0.653920
60 0.653920
61 0.635640
62 0.628722
63 0.629869
64 0.630233
65 0.630201
66 0.630184
67 0.630182
68 0.630183
69 0.630183
70 0.630183
71 0.630183
72 0.630183
73 0.630183
74 0.630183
75 0.630183
76 0.630183
77 0.630183
78 0.630183
79 0.630183
80 0.630183
81 0.630183
82 0.630183
83 0.630183
84 0.630183
85 0.630183
86 0.630183
87 0.630183
88 0.630183
89 0.630183
90 0.630183
