1 0.846885
2 0.843371
3 0.843446
4 0.843418
5 0.843412
6 0.843411
7 0.843412
8 0.843412
9 0.843412
10 0.843412
11 0.843412
12 0.843412
13 0.843412
14 0.843412
15 0.843412
16 0.843412
17 0.843412
18 0.843412
19 0.843412
20 0.843412
21 0.843412
22 0.843412
23 0.843412
24 0.843412
25 0.843412
26 0.843412
27 0.843412
28 0.843412
29 0.843412
30 0.843412
31 0.828568
32 0.822655
33 0.823042
34 0.823207
35 0.823050
36 0.823120
37 0.823146
38 0.823068
39 0.823321
40 0.823049
41 0.823590
42 0.823096
43 0.824051
44 0.823313
45 0.825051
46 0.824184
47 0.828660
48 0.831851
49 0.906014
50 4.876761
51 4318.607316
52 2196146696523.132568
53 58059162493421237567488.000000
54 12102950197414091248088813538377728.000000
55 10556044714300702352191565780654866016034095104.000000
56 170142149338925299365105498754373447667596173336495701459206144.000000
57 494031765731656446961096708948174276391483467848126431200699801432653764658987008.000000
58 347593420890244028947088605181756317471556304439287331995706867686588519140567768419629476432477945856.000000
59 8257270660011536722156764535669305759554440071717864535213179331143307313091860630743272754826317558151098417328833400143872.000000
60 202953801253178456626153904669759648107276547851731070148228285311481982583513123623011784540099375872019487177118233596720200732230234669341212672.000000
61 0.812557
62 0.807881
63 0.808691
64 0.808741
65 0.808657
66 0.808735
67 0.808629
68 0.808738
69 0.808624
70 0.808734
71 0.808628
72 0.808726
73 0.808637
74 0.808716
75 0.808647
76 0.808706
77 0.808658
78 0.808696
79 0.808670
80 0.808686
81 0.808681
82 0.808677
83 0.808692
84 0.808669
85 0.808704
86 0.808661
87 0.808716
88 0.808653
89 0.808728
90 0.808646
