1 0.914885
2 0.913410
3 0.913471
4 0.913487
5 0.913487
6 0.913487
7 0.913487
8 0.913487
9 0.913487
10 0.913487
11 0.913487
12 0.913487
13 0.913487
14 0.913487
15 0.913487
16 0.913487
17 0.913487
18 0.913487
19 0.913487
20 0.913487
21 0.913487
22 0.913487
23 0.913487
24 0.913487
25 0.913487
26 0.913487
27 0.913487
28 0.913487
29 0.913487
30 0.913487
31 0.908887
32 0.908095
33 0.908157
34 0.908153
35 0.908153
36 0.908153
37 0.908153
38 0.908153
39 0.908153
40 0.908153
41 0.908153
42 0.908153
43 0.908153
44 0.908153
45 0.908153
46 0.908153
47 0.908153
48 0.908153
49 0.908153
50 0.908153
51 0.908153
52 0.908153
53 0.908153
54 0.908153
55 0.908153
56 0.908153
57 0.908153
58 0.908153
59 0.908153
60 0.908153
61 0.904473
62 0.903736
63 0.903773
64 0.903775
65 0.903774
66 0.903774
67 0.903774
68 0.903774
69 0.903774
70 0.903774
71 0.903774
72 0.903774
73 0.903774
74 0.903774
75 0.903774
76 0.903774
77 0.903774
78 0.903774
79 0.903774
80 0.903774
81 0.903774
82 0.903774
83 0.903774
84 0.903774
85 0.903774
86 0.903774
87 0.903774
88 0.903774
89 0.903774
90 0.903774
