1 0.901590
2 0.900724
3 0.900707
4 0.900709
5 0.900709
6 0.900709
7 0.900709
8 0.900709
9 0.900709
10 0.900709
11 0.900709
12 0.900709
13 0.900709
14 0.900709
15 0.900709
16 0.900709
17 0.900709
18 0.900709
19 0.900709
20 0.900709
21 0.900709
22 0.900709
23 0.900709
24 0.900709
25 0.900709
26 0.900709
27 0.900709
28 0.900709
29 0.900709
30 0.900709
31 0.898610
32 0.897671
33 0.897739
34 0.897700
35 0.897721
36 0.897709
37 0.897716
38 0.897712
39 0.897715
40 0.897713
41 0.897714
42 0.897713
43 0.897714
44 0.897713
45 0.897714
46 0.897713
47 0.897714
48 0.897714
49 0.897714
50 0.897714
51 0.897714
52 0.897714
53 0.897714
54 0.897714
55 0.897714
56 0.897714
57 0.897714
58 0.897714
59 0.897714
60 0.897714
61 0.896167
62 0.895425
63 0.895444
64 0.895434
65 0.895439
66 0.895437
67 0.895438
68 0.895437
69 0.895438
70 0.895437
71 0.895437
72 0.895437
73 0.895437
74 0.895437
75 0.895437
76 0.895437
77 0.895437
78 0.895437
79 0.895437
80 0.895437
81 0.895437
82 0.895437
83 0.895437
84 0.895437
85 0.895437
86 0.895437
87 0.895437
88 0.895437
89 0.895437
90 0.895437
