1 0.108359
2 0.132344
3 0.110703
4 0.138203
5 0.115547
6 0.146563
7 0.119375
8 0.153516
9 0.123203
10 0.159141
11 0.127578
12 0.162500
13 0.131016
14 0.165469
15 0.133594
16 0.168203
17 0.136641
18 0.169219
19 0.138047
20 0.170703
21 0.139297
22 0.170703
23 0.141250
24 0.171172
25 0.142031
26 0.171328
27 0.143203
28 0.171406
29 0.143594
30 0.172031
31 0.144609
32 0.172109
33 0.145859
34 0.172109
35 0.146250
36 0.172500
37 0.146484
38 0.173125
39 0.147031
40 0.172656
41 0.147500
42 0.172578
43 0.147656
44 0.173047
45 0.147734
46 0.173047
47 0.148203
48 0.173125
49 0.148125
50 0.172969
51 0.148672
52 0.173437
53 0.148438
54 0.173359
55 0.148594
56 0.172891
57 0.148828
58 0.173047
59 0.148906
60 0.173437
61 0.149062
62 0.173828
63 0.149297
64 0.173984
65 0.149531
66 0.174375
67 0.149688
68 0.174219
69 0.149844
70 0.174297
71 0.150000
72 0.174141
73 0.149844
74 0.174141
75 0.149844
76 0.174219
77 0.150000
78 0.173984
79 0.150078
80 0.173984
81 0.150234
82 0.173984
83 0.150234
84 0.174141
85 0.150156
86 0.174141
87 0.150078
88 0.174375
89 0.150391
90 0.174297
91 0.150312
92 0.174453
93 0.150469
94 0.174531
95 0.150625
96 0.174531
97 0.150469
98 0.174609
99 0.150547
100 0.174531
101 0.102109
102 0.144922
103 0.103047
104 0.139063
105 0.102969
106 0.135547
107 0.103672
108 0.134141
109 0.104141
110 0.132500
111 0.104922
112 0.131641
113 0.105391
114 0.130312
115 0.105391
116 0.129453
117 0.105938
118 0.128672
119 0.106563
120 0.128672
121 0.107422
122 0.128125
123 0.107500
124 0.127500
125 0.107969
126 0.127578
127 0.108750
128 0.126797
129 0.109063
130 0.126484
131 0.109063
132 0.126484
133 0.109219
134 0.126250
135 0.109687
136 0.125859
137 0.109922
138 0.126016
139 0.109766
140 0.125859
141 0.110156
142 0.125859
143 0.110000
144 0.125703
145 0.110156
146 0.125469
147 0.110547
148 0.125703
149 0.110625
150 0.125781
151 0.110625
152 0.125469
153 0.110625
154 0.125469
155 0.110859
156 0.125625
157 0.110937
158 0.125469
159 0.110625
160 0.125547
161 0.110859
162 0.125625
163 0.111016
164 0.125469
165 0.111250
166 0.125391
167 0.111172
168 0.125312
169 0.111016
170 0.125156
171 0.111094
172 0.125078
173 0.111094
174 0.124922
175 0.111172
176 0.125000
177 0.111406
178 0.125078
179 0.111484
180 0.125156
181 0.111562
182 0.125000
183 0.111484
184 0.124922
185 0.111484
186 0.125000
187 0.111484
188 0.124922
189 0.111484
190 0.125000
191 0.111406
192 0.124922
193 0.111328
194 0.124766
195 0.111172
196 0.124609
197 0.111172
198 0.124531
199 0.111172
200 0.124531
201 0.098984
202 0.121094
203 0.099062
204 0.121094
205 0.099687
206 0.121172
207 0.099687
208 0.121484
209 0.099766
210 0.120938
211 0.099687
212 0.120703
213 0.099922
214 0.121094
215 0.100078
216 0.120859
217 0.100391
218 0.120703
219 0.100625
220 0.120469
221 0.100625
222 0.120625
223 0.100625
224 0.120469
225 0.100703
226 0.120156
227 0.100781
228 0.119766
229 0.100391
230 0.119688
231 0.100391
232 0.119688
233 0.100547
234 0.119922
235 0.100469
236 0.119922
237 0.100469
238 0.119844
239 0.100391
240 0.120000
241 0.100547
242 0.119766
243 0.100625
244 0.119844
245 0.100781
246 0.120000
247 0.100781
248 0.120000
249 0.100937
250 0.120000
251 0.100859
252 0.119844
253 0.100781
254 0.119766
255 0.100703
256 0.119688
257 0.100703
258 0.119688
259 0.100781
260 0.119609
261 0.100781
262 0.119766
263 0.100781
264 0.119844
265 0.100859
266 0.119844
267 0.100859
268 0.119844
269 0.100781
270 0.119766
271 0.100781
272 0.119688
273 0.100781
274 0.119766
275 0.100859
276 0.119766
277 0.100859
278 0.119922
279 0.100937
280 0.120000
281 0.100937
282 0.120000
283 0.101016
284 0.119922
285 0.101016
286 0.119922
287 0.101016
288 0.120078
289 0.101016
290 0.120000
291 0.100937
292 0.120000
293 0.100937
294 0.120000
295 0.100937
296 0.119922
297 0.100937
298 0.119922
299 0.100937
300 0.119844
