1 0.354141
2 0.357344
3 0.353281
4 0.355625
5 0.353906
6 0.355391
7 0.354141
8 0.355547
9 0.354297
10 0.355391
11 0.355078
12 0.355703
13 0.355078
14 0.355469
15 0.355391
16 0.355234
17 0.355547
18 0.355234
19 0.355547
20 0.355234
21 0.355234
22 0.355625
23 0.355000
24 0.355625
25 0.355078
26 0.355391
27 0.355156
28 0.355312
29 0.355078
30 0.355469
31 0.355078
32 0.355547
33 0.355078
34 0.355312
35 0.355234
36 0.355156
37 0.355156
38 0.355156
39 0.355000
40 0.355156
41 0.355000
42 0.355156
43 0.355000
44 0.355156
45 0.355000
46 0.355156
47 0.355000
48 0.355156
49 0.355000
50 0.355156
51 0.355078
52 0.355156
53 0.355078
54 0.355156
55 0.355156
56 0.355156
57 0.355156
58 0.355156
59 0.355156
60 0.355156
61 0.355156
62 0.355234
63 0.355156
64 0.355234
65 0.355156
66 0.355234
67 0.355156
68 0.355234
69 0.355156
70 0.355234
71 0.355156
72 0.355234
73 0.355156
74 0.355234
75 0.355156
76 0.355234
77 0.355156
78 0.355156
79 0.355156
80 0.355156
81 0.355156
82 0.355156
83 0.355156
84 0.355156
85 0.355156
86 0.355156
87 0.355156
88 0.355156
89 0.355156
90 0.355156
91 0.355156
92 0.355156
93 0.355156
94 0.355156
95 0.355156
96 0.355156
97 0.355156
98 0.355156
99 0.355156
100 0.355156
101 0.352656
102 0.352734
103 0.353828
104 0.354063
105 0.354063
106 0.353750
107 0.353672
108 0.353750
109 0.353984
110 0.353750
111 0.353750
112 0.353594
113 0.353906
114 0.353203
115 0.353906
116 0.353438
117 0.353906
118 0.353359
119 0.353906
120 0.353359
121 0.353828
122 0.353359
123 0.353906
124 0.353203
125 0.353828
126 0.353203
127 0.353750
128 0.353203
129 0.353594
130 0.353203
131 0.353438
132 0.353203
133 0.353438
134 0.353203
135 0.353516
136 0.353281
137 0.353438
138 0.353281
139 0.353438
140 0.353281
141 0.353438
142 0.353281
143 0.353359
144 0.353281
145 0.353359
146 0.353281
147 0.353359
148 0.353281
149 0.353359
150 0.353281
151 0.353359
152 0.353281
153 0.353359
154 0.353281
155 0.353359
156 0.353281
157 0.353359
158 0.353281
159 0.353359
160 0.353359
161 0.353359
162 0.353359
163 0.353359
164 0.353359
165 0.353359
166 0.353359
167 0.353359
168 0.353359
169 0.353359
170 0.353359
171 0.353359
172 0.353359
173 0.353359
174 0.353359
175 0.353359
176 0.353359
177 0.353359
178 0.353359
179 0.353359
180 0.353359
181 0.353359
182 0.353359
183 0.353359
184 0.353359
185 0.353359
186 0.353359
187 0.353359
188 0.353359
189 0.353359
190 0.353359
191 0.353359
192 0.353359
193 0.353359
194 0.353359
195 0.353359
196 0.353359
197 0.353359
198 0.353359
199 0.353359
200 0.353359
201 0.352266
202 0.352656
203 0.352344
204 0.351953
205 0.351953
206 0.351484
207 0.351719
208 0.351797
209 0.351484
210 0.351719
211 0.351719
212 0.351719
213 0.351719
214 0.351797
215 0.351641
216 0.351719
217 0.351797
218 0.351797
219 0.351719
220 0.351875
221 0.351641
222 0.351797
223 0.351641
224 0.351797
225 0.351719
226 0.351719
227 0.351719
228 0.351719
229 0.351719
230 0.351719
231 0.351719
232 0.351719
233 0.351719
234 0.351719
235 0.351719
236 0.351719
237 0.351719
238 0.351719
239 0.351719
240 0.351719
241 0.351719
242 0.351719
243 0.351719
244 0.351719
245 0.351719
246 0.351719
247 0.351719
248 0.351719
249 0.351719
250 0.351719
251 0.351719
252 0.351719
253 0.351719
254 0.351719
255 0.351719
256 0.351719
257 0.351719
258 0.351719
259 0.351719
260 0.351719
261 0.351719
262 0.351719
263 0.351719
264 0.351719
265 0.351719
266 0.351719
267 0.351719
268 0.351719
269 0.351719
270 0.351719
271 0.351719
272 0.351719
273 0.351719
274 0.351719
275 0.351719
276 0.351719
277 0.351719
278 0.351719
279 0.351719
280 0.351719
281 0.351719
282 0.351719
283 0.351719
284 0.351719
285 0.351719
286 0.351719
287 0.351719
288 0.351719
289 0.351719
290 0.351719
291 0.351719
292 0.351719
293 0.351719
294 0.351719
295 0.351719
296 0.351719
297 0.351719
298 0.351719
299 0.351719
300 0.351719
