1 0.031563
2 0.035469
3 0.028203
4 0.035937
5 0.029063
6 0.037812
7 0.030781
8 0.039688
9 0.032266
10 0.041250
11 0.033125
12 0.043047
13 0.035000
14 0.043594
15 0.035547
16 0.044687
17 0.035703
18 0.045156
19 0.036328
20 0.045312
21 0.036172
22 0.045547
23 0.036719
24 0.045547
25 0.037109
26 0.045547
27 0.037187
28 0.045703
29 0.037578
30 0.045703
31 0.037969
32 0.045625
33 0.038125
34 0.045625
35 0.038437
36 0.045703
37 0.038516
38 0.045703
39 0.038672
40 0.045625
41 0.038750
42 0.045547
43 0.038906
44 0.045547
45 0.039062
46 0.045469
47 0.039141
48 0.045391
49 0.039141
50 0.045391
51 0.039062
52 0.045391
53 0.039219
54 0.045312
55 0.039219
56 0.045547
57 0.039297
58 0.045625
59 0.039375
60 0.045625
61 0.039453
62 0.045625
63 0.039375
64 0.045625
65 0.039375
66 0.045625
67 0.039375
68 0.045625
69 0.039375
70 0.045625
71 0.039453
72 0.045547
73 0.039453
74 0.045547
75 0.039531
76 0.045547
77 0.039609
78 0.045547
79 0.039609
80 0.045547
81 0.039766
82 0.045547
83 0.039766
84 0.045469
85 0.039766
86 0.045469
87 0.039766
88 0.045469
89 0.039766
90 0.045547
91 0.039766
92 0.045547
93 0.039766
94 0.045547
95 0.039766
96 0.045547
97 0.039766
98 0.045547
99 0.039766
100 0.045547
101 0.023594
102 0.036250
103 0.023047
104 0.034219
105 0.023125
106 0.033359
107 0.023594
108 0.033047
109 0.023906
110 0.032734
111 0.024219
112 0.032734
113 0.024219
114 0.032813
115 0.024453
116 0.032500
117 0.024688
118 0.032266
119 0.024766
120 0.032109
121 0.025000
122 0.032031
123 0.025000
124 0.032109
125 0.025078
126 0.032109
127 0.025078
128 0.032031
129 0.025156
130 0.031953
131 0.025156
132 0.031875
133 0.025156
134 0.031875
135 0.025156
136 0.031953
137 0.025156
138 0.031953
139 0.025156
140 0.031875
141 0.025156
142 0.031797
143 0.025156
144 0.031797
145 0.025234
146 0.031797
147 0.025313
148 0.031875
149 0.025391
150 0.031875
151 0.025391
152 0.031875
153 0.025391
154 0.031797
155 0.025391
156 0.031797
157 0.025313
158 0.031797
159 0.025313
160 0.031797
161 0.025391
162 0.031797
163 0.025391
164 0.031719
165 0.025469
166 0.031719
167 0.025469
168 0.031719
169 0.025547
170 0.031719
171 0.025547
172 0.031719
173 0.025547
174 0.031719
175 0.025625
176 0.031719
177 0.025625
178 0.031719
179 0.025703
180 0.031719
181 0.025703
182 0.031719
183 0.025703
184 0.031719
185 0.025703
186 0.031719
187 0.025703
188 0.031719
189 0.025703
190 0.031719
191 0.025703
192 0.031719
193 0.025703
194 0.031719
195 0.025703
196 0.031719
197 0.025703
198 0.031719
199 0.025703
200 0.031719
201 0.022891
202 0.030703
203 0.022578
204 0.030156
205 0.023203
206 0.029297
207 0.023438
208 0.028984
209 0.023359
210 0.028438
211 0.023516
212 0.028359
213 0.023359
214 0.028125
215 0.023438
216 0.028125
217 0.023516
218 0.028203
219 0.023438
220 0.027969
221 0.023438
222 0.027891
223 0.023516
224 0.027891
225 0.023516
226 0.027891
227 0.023594
228 0.027813
229 0.023594
230 0.027891
231 0.023516
232 0.027891
233 0.023594
234 0.027891
235 0.023594
236 0.027813
237 0.023438
238 0.027813
239 0.023438
240 0.027813
241 0.023438
242 0.027734
243 0.023359
244 0.027734
245 0.023281
246 0.027734
247 0.023281
248 0.027734
249 0.023359
250 0.027734
251 0.023359
252 0.027734
253 0.023359
254 0.027734
255 0.023359
256 0.027734
257 0.023438
258 0.027734
259 0.023516
260 0.027734
261 0.023516
262 0.027734
263 0.023516
264 0.027734
265 0.023516
266 0.027734
267 0.023516
268 0.027734
269 0.023516
270 0.027734
271 0.023516
272 0.027734
273 0.023516
274 0.027734
275 0.023516
276 0.027734
277 0.023516
278 0.027734
279 0.023516
280 0.027734
281 0.023516
282 0.027734
283 0.023516
284 0.027734
285 0.023516
286 0.027734
287 0.023516
288 0.027734
289 0.023516
290 0.027734
291 0.023516
292 0.027734
293 0.023516
294 0.027734
295 0.023516
296 0.027734
297 0.023516
298 0.027734
299 0.023516
300 0.027734
