1 0.148281
2 0.169844
3 0.150391
4 0.172969
5 0.152812
6 0.180000
7 0.158672
8 0.187500
9 0.164141
10 0.194609
11 0.169531
12 0.200391
13 0.173359
14 0.204687
15 0.176719
16 0.206797
17 0.180234
18 0.210313
19 0.182969
20 0.212578
21 0.184219
22 0.213594
23 0.185625
24 0.214531
25 0.186094
26 0.215391
27 0.186797
28 0.215938
29 0.187422
30 0.216484
31 0.188281
32 0.216172
33 0.188047
34 0.216719
35 0.189141
36 0.216953
37 0.189609
38 0.217344
39 0.189844
40 0.217734
41 0.190078
42 0.218125
43 0.189766
44 0.218594
45 0.190391
46 0.218828
47 0.190547
48 0.218828
49 0.190391
50 0.218906
51 0.190234
52 0.218438
53 0.190156
54 0.218516
55 0.190078
56 0.218672
57 0.190078
58 0.218750
59 0.190703
60 0.218750
61 0.191172
62 0.218672
63 0.191250
64 0.218438
65 0.191484
66 0.217891
67 0.191641
68 0.218203
69 0.191797
70 0.218750
71 0.192031
72 0.218906
73 0.192266
74 0.218906
75 0.192422
76 0.218750
77 0.192812
78 0.219062
79 0.193125
80 0.218594
81 0.193125
82 0.218594
83 0.193203
84 0.218438
85 0.192812
86 0.218516
87 0.193047
88 0.218516
89 0.193438
90 0.218516
91 0.193828
92 0.218594
93 0.193750
94 0.218750
95 0.193750
96 0.218672
97 0.194062
98 0.218672
99 0.194062
100 0.218828
101 0.141563
102 0.182109
103 0.145469
104 0.174063
105 0.149062
106 0.169844
107 0.149844
108 0.167891
109 0.150938
110 0.166016
111 0.151328
112 0.165234
113 0.151797
114 0.165391
115 0.152188
116 0.165000
117 0.152969
118 0.164922
119 0.152891
120 0.164531
121 0.153828
122 0.165156
123 0.154297
124 0.164687
125 0.154688
126 0.164766
127 0.155078
128 0.165313
129 0.155391
130 0.164766
131 0.155469
132 0.164453
133 0.155859
134 0.164375
135 0.156406
136 0.164609
137 0.156562
138 0.164766
139 0.156953
140 0.164766
141 0.156719
142 0.165000
143 0.156797
144 0.165000
145 0.156875
146 0.165000
147 0.157188
148 0.165078
149 0.157422
150 0.165156
151 0.157578
152 0.164766
153 0.157891
154 0.164141
155 0.157656
156 0.163906
157 0.157734
158 0.163906
159 0.157969
160 0.163750
161 0.157969
162 0.163750
163 0.158047
164 0.163750
165 0.158125
166 0.163906
167 0.158125
168 0.163672
169 0.158125
170 0.163672
171 0.158125
172 0.163359
173 0.158125
174 0.163594
175 0.158359
176 0.163594
177 0.158281
178 0.163594
179 0.158281
180 0.163359
181 0.158594
182 0.163594
183 0.158594
184 0.163438
185 0.158672
186 0.163359
187 0.158594
188 0.163359
189 0.158594
190 0.163359
191 0.158672
192 0.163359
193 0.158828
194 0.163359
195 0.158672
196 0.163516
197 0.158594
198 0.163516
199 0.158516
200 0.163516
201 0.141172
202 0.160391
203 0.141250
204 0.159609
205 0.141484
206 0.159531
207 0.141641
208 0.158984
209 0.141641
210 0.158906
211 0.141328
212 0.159297
213 0.141172
214 0.159219
215 0.141094
216 0.158984
217 0.140859
218 0.158516
219 0.141328
220 0.158828
221 0.141406
222 0.158906
223 0.141484
224 0.159141
225 0.141641
226 0.159219
227 0.141563
228 0.158828
229 0.141406
230 0.158672
231 0.141484
232 0.158750
233 0.141641
234 0.158906
235 0.141875
236 0.158984
237 0.142109
238 0.158906
239 0.142031
240 0.158906
241 0.142187
242 0.159062
243 0.142266
244 0.159062
245 0.142109
246 0.159141
247 0.142187
248 0.159375
249 0.142109
250 0.159375
251 0.142187
252 0.159141
253 0.142109
254 0.159141
255 0.142031
256 0.158984
257 0.142109
258 0.159062
259 0.142187
260 0.158984
261 0.142109
262 0.158750
263 0.142266
264 0.158672
265 0.142187
266 0.158750
267 0.142344
268 0.158828
269 0.142422
270 0.158828
271 0.142500
272 0.158828
273 0.142578
274 0.158750
275 0.142500
276 0.158750
277 0.142500
278 0.158750
279 0.142500
280 0.158828
281 0.142656
282 0.158750
283 0.142500
284 0.158594
285 0.142422
286 0.158594
287 0.142422
288 0.158594
289 0.142422
290 0.158594
291 0.142500
292 0.158594
293 0.142578
294 0.158594
295 0.142578
296 0.158516
297 0.142500
298 0.158516
299 0.142422
300 0.158281
