1 1.518771e-01
2 1.553944e-01
3 1.551651e-01
4 1.551280e-01
5 1.551145e-01
6 1.551142e-01
7 1.551139e-01
8 1.551139e-01
9 1.551139e-01
10 1.551139e-01
11 1.551139e-01
12 1.551139e-01
13 1.551139e-01
14 1.551139e-01
15 1.551139e-01
16 1.551139e-01
17 1.551139e-01
18 1.551139e-01
19 1.551139e-01
20 1.551139e-01
21 1.551139e-01
22 1.551139e-01
23 1.551139e-01
24 1.551139e-01
25 1.551139e-01
26 1.551139e-01
27 1.551139e-01
28 1.551139e-01
29 1.551139e-01
30 1.551139e-01
31 1.551139e-01
32 1.551139e-01
33 1.551139e-01
34 1.551139e-01
35 1.551139e-01
36 1.551139e-01
37 1.551139e-01
38 1.551139e-01
39 1.551139e-01
40 1.551139e-01
41 1.551139e-01
42 1.551139e-01
43 1.551139e-01
44 1.551139e-01
45 1.551139e-01
46 1.551139e-01
47 1.551139e-01
48 1.551139e-01
49 1.551139e-01
50 1.551139e-01
51 1.551139e-01
52 1.551139e-01
53 1.551139e-01
54 1.551139e-01
55 1.551139e-01
56 1.551139e-01
57 1.551139e-01
58 1.551139e-01
59 1.551139e-01
60 1.551139e-01
61 1.551139e-01
62 1.551139e-01
63 1.551139e-01
64 1.551139e-01
65 1.551139e-01
66 1.551139e-01
67 1.551139e-01
68 1.551139e-01
69 1.551139e-01
70 1.551139e-01
71 1.551139e-01
72 1.551139e-01
73 1.551139e-01
74 1.551139e-01
75 1.551139e-01
76 1.551139e-01
77 1.551139e-01
78 1.551139e-01
79 1.551139e-01
80 1.551139e-01
81 1.551139e-01
82 1.551139e-01
83 1.551139e-01
84 1.551139e-01
85 1.551139e-01
86 1.551139e-01
87 1.551139e-01
88 1.551139e-01
89 1.551139e-01
90 1.551139e-01
91 1.551139e-01
92 1.551139e-01
93 1.551139e-01
94 1.551139e-01
95 1.551139e-01
96 1.551139e-01
97 1.551139e-01
98 1.551139e-01
99 1.551139e-01
100 1.551139e-01
101 1.750593e-01
102 1.771683e-01
103 1.775287e-01
104 1.776307e-01
105 1.776526e-01
106 1.776582e-01
107 1.776596e-01
108 1.776600e-01
109 1.776601e-01
110 1.776601e-01
111 1.776601e-01
112 1.776601e-01
113 1.776601e-01
114 1.776601e-01
115 1.776601e-01
116 1.776601e-01
117 1.776601e-01
118 1.776601e-01
119 1.776601e-01
120 1.776601e-01
121 1.776601e-01
122 1.776601e-01
123 1.776601e-01
124 1.776601e-01
125 1.776601e-01
126 1.776601e-01
127 1.776601e-01
128 1.776601e-01
129 1.776601e-01
130 1.776601e-01
131 1.776601e-01
132 1.776601e-01
133 1.776601e-01
134 1.776601e-01
135 1.776601e-01
136 1.776601e-01
137 1.776601e-01
138 1.776601e-01
139 1.776601e-01
140 1.776601e-01
141 1.776601e-01
142 1.776601e-01
143 1.776601e-01
144 1.776601e-01
145 1.776601e-01
146 1.776601e-01
147 1.776601e-01
148 1.776601e-01
149 1.776601e-01
150 1.776601e-01
151 1.776601e-01
152 1.776601e-01
153 1.776601e-01
154 1.776601e-01
155 1.776601e-01
156 1.776601e-01
157 1.776601e-01
158 1.776601e-01
159 1.776601e-01
160 1.776601e-01
161 1.776601e-01
162 1.776601e-01
163 1.776601e-01
164 1.776601e-01
165 1.776601e-01
166 1.776601e-01
167 1.776601e-01
168 1.776601e-01
169 1.776601e-01
170 1.776601e-01
171 1.776601e-01
172 1.776601e-01
173 1.776601e-01
174 1.776601e-01
175 1.776601e-01
176 1.776601e-01
177 1.776601e-01
178 1.776601e-01
179 1.776601e-01
180 1.776601e-01
181 1.776601e-01
182 1.776601e-01
183 1.776601e-01
184 1.776601e-01
185 1.776601e-01
186 1.776601e-01
187 1.776601e-01
188 1.776601e-01
189 1.776601e-01
190 1.776601e-01
191 1.776601e-01
192 1.776601e-01
193 1.776601e-01
194 1.776601e-01
195 1.776601e-01
196 1.776601e-01
197 1.776601e-01
198 1.776601e-01
199 1.776601e-01
200 1.776601e-01
201 1.713467e-01
202 1.711699e-01
203 1.711590e-01
204 1.711556e-01
205 1.711551e-01
206 1.711550e-01
207 1.711550e-01
208 1.711550e-01
209 1.711550e-01
210 1.711550e-01
211 1.711550e-01
212 1.711550e-01
213 1.711550e-01
214 1.711550e-01
215 1.711550e-01
216 1.711550e-01
217 1.711550e-01
218 1.711550e-01
219 1.711550e-01
220 1.711550e-01
221 1.711550e-01
222 1.711550e-01
223 1.711550e-01
224 1.711550e-01
225 1.711550e-01
226 1.711550e-01
227 1.711550e-01
228 1.711550e-01
229 1.711550e-01
230 1.711550e-01
231 1.711550e-01
232 1.711550e-01
233 1.711550e-01
234 1.711550e-01
235 1.711550e-01
236 1.711550e-01
237 1.711550e-01
238 1.711550e-01
239 1.711550e-01
240 1.711550e-01
241 1.711550e-01
242 1.711550e-01
243 1.711550e-01
244 1.711550e-01
245 1.711550e-01
246 1.711550e-01
247 1.711550e-01
248 1.711550e-01
249 1.711550e-01
250 1.711550e-01
251 1.711550e-01
252 1.711550e-01
253 1.711550e-01
254 1.711550e-01
255 1.711550e-01
256 1.711550e-01
257 1.711550e-01
258 1.711550e-01
259 1.711550e-01
260 1.711550e-01
261 1.711550e-01
262 1.711550e-01
263 1.711550e-01
264 1.711550e-01
265 1.711550e-01
266 1.711550e-01
267 1.711550e-01
268 1.711550e-01
269 1.711550e-01
270 1.711550e-01
271 1.711550e-01
272 1.711550e-01
273 1.711550e-01
274 1.711550e-01
275 1.711550e-01
276 1.711550e-01
277 1.711550e-01
278 1.711550e-01
279 1.711550e-01
280 1.711550e-01
281 1.711550e-01
282 1.711550e-01
283 1.711550e-01
284 1.711550e-01
285 1.711550e-01
286 1.711550e-01
287 1.711550e-01
288 1.711550e-01
289 1.711550e-01
290 1.711550e-01
291 1.711550e-01
292 1.711550e-01
293 1.711550e-01
294 1.711550e-01
295 1.711550e-01
296 1.711550e-01
297 1.711550e-01
298 1.711550e-01
299 1.711550e-01
300 1.711550e-01
