1 6.358586e-02
2 5.952074e-02
3 5.953955e-02
4 5.955689e-02
5 5.957270e-02
6 5.957460e-02
7 5.957593e-02
8 5.957619e-02
9 5.957628e-02
10 5.957630e-02
11 5.957631e-02
12 5.957631e-02
13 5.957631e-02
14 5.957631e-02
15 5.957631e-02
16 5.957631e-02
17 5.957631e-02
18 5.957631e-02
19 5.957631e-02
20 5.957631e-02
21 5.957631e-02
22 5.957631e-02
23 5.957631e-02
24 5.957631e-02
25 5.957631e-02
26 5.957631e-02
27 5.957631e-02
28 5.957631e-02
29 5.957631e-02
30 5.957631e-02
31 5.957631e-02
32 5.957631e-02
33 5.957631e-02
34 5.957631e-02
35 5.957631e-02
36 5.957631e-02
37 5.957631e-02
38 5.957631e-02
39 5.957631e-02
40 5.957631e-02
41 5.957631e-02
42 5.957631e-02
43 5.957631e-02
44 5.957631e-02
45 5.957631e-02
46 5.957631e-02
47 5.957631e-02
48 5.957631e-02
49 5.957631e-02
50 5.957631e-02
51 5.957631e-02
52 5.957631e-02
53 5.957631e-02
54 5.957631e-02
55 5.957631e-02
56 5.957631e-02
57 5.957631e-02
58 5.957631e-02
59 5.957631e-02
60 5.957631e-02
61 5.957631e-02
62 5.957631e-02
63 5.957631e-02
64 5.957631e-02
65 5.957631e-02
66 5.957631e-02
67 5.957631e-02
68 5.957631e-02
69 5.957631e-02
70 5.957631e-02
71 5.957631e-02
72 5.957631e-02
73 5.957631e-02
74 5.957631e-02
75 5.957631e-02
76 5.957631e-02
77 5.957631e-02
78 5.957631e-02
79 5.957631e-02
80 5.957631e-02
81 5.957631e-02
82 5.957631e-02
83 5.957631e-02
84 5.957631e-02
85 5.957631e-02
86 5.957631e-02
87 5.957631e-02
88 5.957631e-02
89 5.957631e-02
90 5.957631e-02
91 5.957631e-02
92 5.957631e-02
93 5.957631e-02
94 5.957631e-02
95 5.957631e-02
96 5.957631e-02
97 5.957631e-02
98 5.957631e-02
99 5.957631e-02
100 5.957631e-02
101 5.218318e-02
102 5.186573e-02
103 5.185662e-02
104 5.185696e-02
105 5.185740e-02
106 5.185742e-02
107 5.185744e-02
108 5.185744e-02
109 5.185744e-02
110 5.185744e-02
111 5.185744e-02
112 5.185744e-02
113 5.185744e-02
114 5.185744e-02
115 5.185744e-02
116 5.185744e-02
117 5.185744e-02
118 5.185744e-02
119 5.185744e-02
120 5.185744e-02
121 5.185744e-02
122 5.185744e-02
123 5.185744e-02
124 5.185744e-02
125 5.185744e-02
126 5.185744e-02
127 5.185744e-02
128 5.185744e-02
129 5.185744e-02
130 5.185744e-02
131 5.185744e-02
132 5.185744e-02
133 5.185744e-02
134 5.185744e-02
135 5.185744e-02
136 5.185744e-02
137 5.185744e-02
138 5.185744e-02
139 5.185744e-02
140 5.185744e-02
141 5.185744e-02
142 5.185744e-02
143 5.185744e-02
144 5.185744e-02
145 5.185744e-02
146 5.185744e-02
147 5.185744e-02
148 5.185744e-02
149 5.185744e-02
150 5.185744e-02
151 5.185744e-02
152 5.185744e-02
153 5.185744e-02
154 5.185744e-02
155 5.185744e-02
156 5.185744e-02
157 5.185744e-02
158 5.185744e-02
159 5.185744e-02
160 5.185744e-02
161 5.185744e-02
162 5.185744e-02
163 5.185744e-02
164 5.185744e-02
165 5.185744e-02
166 5.185744e-02
167 5.185744e-02
168 5.185744e-02
169 5.185744e-02
170 5.185744e-02
171 5.185744e-02
172 5.185744e-02
173 5.185744e-02
174 5.185744e-02
175 5.185744e-02
176 5.185744e-02
177 5.185744e-02
178 5.185744e-02
179 5.185744e-02
180 5.185744e-02
181 5.185744e-02
182 5.185744e-02
183 5.185744e-02
184 5.185744e-02
185 5.185744e-02
186 5.185744e-02
187 5.185744e-02
188 5.185744e-02
189 5.185744e-02
190 5.185744e-02
191 5.185744e-02
192 5.185744e-02
193 5.185744e-02
194 5.185744e-02
195 5.185744e-02
196 5.185744e-02
197 5.185744e-02
198 5.185744e-02
199 5.185744e-02
200 5.185744e-02
201 5.077498e-02
202 5.073510e-02
203 5.073262e-02
204 5.073231e-02
205 5.073214e-02
206 5.073213e-02
207 5.073213e-02
208 5.073213e-02
209 5.073213e-02
210 5.073213e-02
211 5.073213e-02
212 5.073213e-02
213 5.073213e-02
214 5.073213e-02
215 5.073213e-02
216 5.073213e-02
217 5.073213e-02
218 5.073213e-02
219 5.073213e-02
220 5.073213e-02
221 5.073213e-02
222 5.073213e-02
223 5.073213e-02
224 5.073213e-02
225 5.073213e-02
226 5.073213e-02
227 5.073213e-02
228 5.073213e-02
229 5.073213e-02
230 5.073213e-02
231 5.073213e-02
232 5.073213e-02
233 5.073213e-02
234 5.073213e-02
235 5.073213e-02
236 5.073213e-02
237 5.073213e-02
238 5.073213e-02
239 5.073213e-02
240 5.073213e-02
241 5.073213e-02
242 5.073213e-02
243 5.073213e-02
244 5.073213e-02
245 5.073213e-02
246 5.073213e-02
247 5.073213e-02
248 5.073213e-02
249 5.073213e-02
250 5.073213e-02
251 5.073213e-02
252 5.073213e-02
253 5.073213e-02
254 5.073213e-02
255 5.073213e-02
256 5.073213e-02
257 5.073213e-02
258 5.073213e-02
259 5.073213e-02
260 5.073213e-02
261 5.073213e-02
262 5.073213e-02
263 5.073213e-02
264 5.073213e-02
265 5.073213e-02
266 5.073213e-02
267 5.073213e-02
268 5.073213e-02
269 5.073213e-02
270 5.073213e-02
271 5.073213e-02
272 5.073213e-02
273 5.073213e-02
274 5.073213e-02
275 5.073213e-02
276 5.073213e-02
277 5.073213e-02
278 5.073213e-02
279 5.073213e-02
280 5.073213e-02
281 5.073213e-02
282 5.073213e-02
283 5.073213e-02
284 5.073213e-02
285 5.073213e-02
286 5.073213e-02
287 5.073213e-02
288 5.073213e-02
289 5.073213e-02
290 5.073213e-02
291 5.073213e-02
292 5.073213e-02
293 5.073213e-02
294 5.073213e-02
295 5.073213e-02
296 5.073213e-02
297 5.073213e-02
298 5.073213e-02
299 5.073213e-02
300 5.073213e-02
